-40.8622  40.8622  40.8622  41.4753 -59.6665  67.7899 -258.407 -6.03094
-15.6797  15.6797  15.6797  41.1055 -76.6362  452.808 -910.554  157.132
 4.02848  5.35071  67.6844  14.5542 -45.5711  280.399 -773.117 -23.4514
-14.9494  14.9494  14.9494  47.8743 -56.1507  346.144 -737.375  75.0025
  11.298   11.298   11.298  24.1077 -49.5244   325.18 -688.774  5.21333
 10.3883  10.3883  10.3883  25.0592 -43.8871  313.744 -654.294  47.9527
      10       10       10  24.8513 -43.0794   304.69 -622.435  6.36976
      10       10       10  25.6048 -40.7481  295.564  -600.23  31.8727
      10       10       10   25.453 -40.5885  285.949   -573.3 -8.67868
     -10      -10       10  45.2832 -15.2994  263.156 -530.527  23.6581
      10      -10       10  23.0362 -10.2956  268.921 -513.854 -81.4268
      10      -10       10  27.9082 -15.9292  264.132  -521.18  16.7113
      10       10       10  33.8312 -41.9216  284.619  -563.44 -2.38521
      10      -10       10  39.8194 -23.6771  294.618 -591.895  16.0942
      10      -10       10  44.5739 -25.8753  302.257 -610.903  20.0685
 10.8763 -10.8763  10.8763  50.3449 -24.0205  312.229 -644.217  5.42592
      10       10       10  56.7057 -45.9269  326.388 -668.174  42.6345
      10       10       10   67.527 -40.8423  359.786 -738.015  -23.957
 13.4453 -13.4453  13.4453  73.8445 -23.3867  419.434 -825.112  64.2175
-10.3968  10.3968  10.3968    9.882 -16.7791   18.445 -28.5766 -145.892
-53.7451  53.7451  53.7451 -37.4071 -120.589  164.911
