-35.1845  35.1845  35.1845  38.0439 -51.8893  60.6364 -234.838 -16.4122
-12.2998  12.2998  12.2998  34.9588 -71.0772  447.409  -869.95  138.903
 5.57786 -6.68122  56.0387  14.2375   -35.59  288.723 -749.002  -19.779
 11.4887  11.4887  11.4887  17.8172 -47.3135  337.551 -695.879  70.1515
 10.6672  10.6672  10.6672  21.9007 -48.9483  330.784 -685.266  4.20465
-10.0736  10.0736  10.0736  41.6815 -44.6129  311.063 -636.585  46.4647
 10.1466  10.1466  10.1466  23.9816 -44.5473  303.652 -627.114  5.56549
      10       10       10  22.0301 -40.6381  302.147 -602.195  35.1733
 5.41518       10       10  26.1317 -41.4747  285.642 -565.768 -11.0231
     -10 -8.65121       10  40.9926 -15.8304   271.29 -533.267  22.2775
      10  3.84998       10   18.593 -24.5264  272.627 -513.278 -82.7161
      10      -10       10  24.2444  -17.114  265.382 -522.724   18.435
      10  9.34385       10  27.9571 -39.4657   284.97 -556.604  -6.1636
      10      -10       10   35.897 -22.9307  300.676 -605.329  18.8497
      10 -9.34473       10  39.5855 -24.9277  315.299 -629.808  20.1854
      10      -10       10  44.9889  -26.109  304.037 -634.404  11.1592
      10 -9.32796       10  49.1722 -26.4044  331.044 -671.852  40.7283
      10  9.08681       10  59.3254 -41.9582  367.259 -748.351 -21.3443
      10 -7.21653       10  66.3855 -28.0344  423.669 -820.198  69.3013
 5.37001  11.8369  11.8369  -4.8365 -21.4745   21.861 -45.7115 -132.182
-41.1063  41.1063  41.1063 -43.2114 -109.969   177.17
