-22.2247  36.2001  36.2001  22.6649 -52.1825  60.0689 -244.533  -5.2801
-17.2865  17.2865  17.2865  22.5233 -76.5133  447.409 -881.172  139.952
 4.18453 -6.73381  60.2739  3.54096 -36.1681  287.084 -761.157 -18.8353
-3.60551  14.2911  14.2911  21.2985 -51.4298  334.607  -699.55  72.1363
0.358058  10.2666  10.2666   21.268 -48.5367  324.444 -671.366  3.84942
 2.32948       10       10  19.7311 -43.5691  320.967 -652.837  48.6116
      10       10       10  14.2337 -44.6351  297.452 -612.662  6.60874
 3.68538       10       10  18.8588 -40.7873  307.471 -606.389  35.3168
-2.95139       10       10  26.0651 -41.6859  278.564 -552.992 -8.93739
     -10      -10       10  32.8762 -15.3192  273.756 -532.533  22.5386
      10       10       10  10.4684 -30.6469  274.504  -510.82 -86.1238
-0.347561       -10        10   27.1371  -15.9886   259.146  -510.265   19.3905
      10       10       10    20.16 -41.9136  281.436  -546.81 -4.47905
      10      -10       10  27.6979 -22.9919  304.119 -602.787  18.9058
      10      -10       10  31.1283  -24.789  312.042 -617.488  18.5074
      10      -10       10  37.6153 -25.2446  311.756  -637.88  9.46886
      10      -10       10  41.6751 -25.6573   335.07 -671.154  41.1903
 2.87274       10       10  56.9969 -43.1211  367.476  -734.29 -23.1051
  11.032  -11.032   11.032  55.9638 -24.5037   430.62 -819.776  64.8433
0.579914   11.432   11.432 -3.20875 -18.8251  18.8251 -27.9019 -138.094
-41.8452  41.8452  41.8452 -49.0021 -111.366  174.485
