 30.2852  57.3404  69.3148 -60.1997 -90.5218  90.5218 -338.993 -43.6214
      10 0.580878       10 -41.5185 -62.1971  543.132 -1031.13   131.09
 10.7957   3.0989  79.8414 -23.1717 -49.5227   241.42 -770.849 -4.36784
 15.6357  15.6357  15.6357 -24.0731 -54.8864  348.594 -722.239  71.9135
      10       10       10 -12.3364 -46.8755  329.494 -674.188  10.8034
 8.59931       10       10 -10.8653 -43.0566  314.864 -631.295  45.4068
      10       10       10 -11.2587 -42.7075  303.937 -601.323  8.85996
      10       10       10 -11.2341 -39.1657  286.424 -555.618  30.1262
      10   4.6112       10 -10.8935 -33.6765  277.788 -528.753 -6.16197
 6.56574 -2.79246       10 -8.10688 -20.8208  250.396 -464.843  14.5287
 11.2604 -11.2604  11.2604  -8.9183 -5.94492  203.484 -398.006 -77.1881
      10      -10       10 -8.49014 -16.0761  246.907 -453.136  8.85515
      10 -5.56754       10 -2.79946  -25.238  281.046 -528.954 0.377407
 3.32709 -7.04039       10  7.84136 -26.8682  298.416 -565.649  9.39128
      10  7.86607       10  7.29007 -42.5562  308.397 -600.745  29.5545
      10      -10       10  12.3244 -23.5248  315.761 -623.989  -1.9693
 10.1371  10.1371  10.1371  16.2364 -45.9632  337.748 -664.489  59.7906
     -10       10       10   46.106 -35.3483  357.945  -728.29 -35.6597
 3.43037  8.77636       10  32.2763 -52.8525  465.366 -859.167  109.844
 11.6401 -11.6401  11.6401 -7.59168  9.88826  22.4938 -81.0026 -185.972
-55.2051  55.2051  55.2051 -44.0885 -127.707  127.707
