 -23.356  39.7124  39.7124  23.4285  -56.453  65.4223 -255.684 -1.29261
 25.9736  25.9736  25.9736  -13.506 -85.8506  436.295 -889.024  132.752
-34.7141 -34.7141  34.7141  56.1965 -8.89093  349.715 -802.657 -13.3306
-30.5775  30.5775  30.5775  53.7545  -70.323  319.263 -731.199  75.3341
-11.1075  30.0911  30.0911  35.0575 -66.5409  280.307  -656.74  5.39343
18.1131 18.1131 18.1131  7.8496 -48.364 289.482 -623.97 46.8076
 10.0001 -10.0001  10.0001  19.6344 -21.7221  316.608 -639.065  5.42024
      10       10       10  20.0364 -39.5519  296.557 -600.137  33.5751
     -10       10       10  39.1181 -40.7176  284.521 -565.624 -9.07034
     -10      -10       10  38.7396 -16.3323  277.087 -541.013  18.8432
-4.03081      -10       10  30.9508 -10.8341   273.34 -515.571 -76.8257
 -0.6872      -10       10  33.4278 -17.5576  274.425 -535.146  19.0929
      10       10       10  27.6118 -40.8977  296.786 -577.068 -7.39735
      10      -10       10  32.8277 -22.0876  293.858 -587.852  15.7615
     10     -10      10  35.906 -25.862 307.543  -606.4 17.6297
     -10      -10       10  63.4251 -23.8994  316.676 -643.001  6.24674
      10      -10       10  47.4797  -24.577  313.029 -645.991  54.3029
     -10       10       10  76.9485 -38.7508  369.128 -737.542 -34.8732
 10.0004  10.0004  10.0004  64.5126 -46.4201  412.231 -797.039  70.9835
 2.26685 -11.1575  11.1575 -5.46981  3.06023  17.8938 -19.3098 -144.192
-17.1465  17.1465  17.1465 -70.9978 -89.5352  230.983
