-37.9696  37.9696  37.9696   34.753 -55.9923  60.5702 -239.006 -16.3433
-18.8479  18.8479  18.8479   18.008 -79.1166  441.027 -870.186  132.049
-28.4222 -21.5361  43.9377  32.6821 -17.7617  317.553  -754.73 -21.0543
-15.6596  15.6596  15.6596  28.0832 -57.3918  338.642 -707.772  71.7718
-0.0421183         10         10    15.9711    -48.499    328.059   -671.091    4.79391
 4.78109       10       10  11.2015  -43.538  315.117 -636.761  45.6925
0.912639       10       10  15.3749 -43.6698   309.23 -616.029   5.8008
 4.98077       10       10  12.6579 -41.0337  300.062 -596.687  34.0468
-1.41701       10       10  18.5002 -41.4454   284.79 -558.174 -6.51159
     -10      -10       10   26.623 -16.4601  273.886 -527.933  20.9108
      10       10       10   5.2389 -30.3556  260.158 -491.862 -82.7977
 11.9201 -11.9201  11.9201  7.03112 -14.9263  264.732 -513.334    15.52
 6.52737       10       10  17.6343 -41.4094   295.22 -568.075 -2.46687
 7.19818      -10       10  22.3225 -23.1873  300.797 -592.166   16.162
      10 -8.50124       10  21.2597 -26.8818  300.185 -589.092   20.534
  8.0776      -10       10  30.2083 -24.4551  315.436 -634.543  5.76007
 7.90917      -10       10  35.1947 -25.2676  330.721 -666.334  48.1824
 7.65738       10       10   42.454 -40.9057  368.974  -737.24 -25.0131
 7.79862  2.60596       10  45.9868 -39.8126  424.334 -803.996  76.0497
-0.523408  -2.09938    11.827 -0.779429  -6.74206   20.3404  -43.0686  -132.855
-24.9378  24.9378  24.9378 -66.6057  -90.776  207.349
