 -35.434  39.6487  39.6487  25.9419 -57.1015  58.1573 -246.653 -14.2399
-22.2943  22.2943  22.2943 -9.73044  -82.599  433.271  -862.99  129.205
-37.8357 -22.2413  49.3953  17.7667 -16.1886  310.197  -759.51 -19.1115
-18.6492  18.6492  18.6492  7.15792 -60.2149  338.108 -711.161  73.6758
-13.4135  15.2843  15.2843  6.42456  -54.249  321.088 -668.326  9.00916
  -4.3858        10        10 -0.664384  -43.4065   319.033  -637.096   46.0886
-6.76244       10       10  2.58638 -44.1222  312.142 -613.558  7.37862
-4.26949       10       10  1.77995 -41.3608  303.009 -591.518  35.2191
-8.95851       10       10  7.19004 -41.5057  287.622 -553.326 -6.81341
-18.8371 -18.8371  18.8371  15.8864 -7.20263  263.381 -525.581  21.0343
0.824499  10.9025  13.0797 -3.01832 -32.3136  256.322 -484.938  -86.975
 3.46876 -22.2797  22.2797 -3.05546 -4.00056  255.805 -520.011  16.8102
-2.93595  26.9286  26.9286  4.76209 -59.7684  264.197  -550.04 -3.47371
-2.20521 -14.0855  14.0855  12.5745   -18.22   301.49 -593.374  17.3068
 1.22293 -11.9506   15.674  10.7852 -22.6772  296.068 -586.169  20.1181
-0.869077  -11.2221   11.2221   20.1189  -22.4367   316.242    -625.8   5.42569
-1.74672 -9.01333  10.1549  25.3522 -24.4232  333.161  -656.09   47.284
-4.07494  12.0793  12.0793  32.6686 -41.1702  369.581  -728.67 -26.6891
-4.11759  8.08592       10  34.1448   -43.01  424.856 -789.404  77.2809
-1.59694 -0.18762  11.6766 -1.64712 -7.79847  18.7169 -39.2373 -136.298
-25.0684  25.0684  25.0684 -78.3654 -90.0031  201.926
