     -10      -10       10 -62.4917 -12.8764  353.455 -610.703   70.928
     -10      -10       10 -77.7261 -50.6699  425.606 -668.692 -42.6415
-7.25452 -16.9435  65.0065 -48.7285 -3.48292  228.423  -698.27   42.594
     -10      -10       10 -41.0433 -19.8049  325.625 -616.852 -18.0878
     -10       10       10  -32.853 -31.7682  305.403 -598.434  28.6525
     -10       10       10 -30.5307 -32.9984  307.916  -597.78  4.14459
     -10       10       10 -27.2493 -31.4785  307.863 -598.964  14.0764
     -10      -10       10 -24.0039 -11.7552  306.548 -595.249  22.0409
     -10  -2.9416       10 -21.6792  -20.413  307.895  -595.14 -4.81595
-7.99986  1.02927       10 -18.4379 -26.3734  285.276 -558.065  31.9051
      10  1.87313       10  -27.102 -24.9233  242.372 -505.575 -77.3828
      10       10       10 -31.2159 -37.0627  285.872 -559.471  38.4622
 10.2323  10.2323  10.2323 -30.8978 -37.4397  309.467 -597.939 -11.1968
 13.5621  13.5621  13.5621 -31.6585 -38.1601  305.486 -604.026  40.8777
 19.1492  19.1492  19.1492  -37.264 -45.7586  301.474 -604.289 -8.21712
 16.7031  16.7031  16.7031 -30.4488 -37.6417  303.953 -606.512  40.5826
-1.48436  17.5886  17.5886 -12.1643 -44.8269  298.359 -582.436 -19.4821
       -10        -10         10    7.39162 -0.0670862    319.239   -637.349    52.1154
-47.8787 -65.7549  65.7549  29.1211  29.7707  215.353 -575.109 -38.6191
-54.3251 -83.8283  83.8283  50.8064  82.5643  112.638 -546.659  35.7125
     -10      -10       10 -46.2898 -37.0193    143.2
