      10  4.10724       10 -10.8319 -15.6272   127.81 -379.671  97.5229
-8.77663  5.45787       10 -37.0881 -63.6591  298.422  -511.81  17.4766
-3.52009 -24.2641  37.9491 -31.5391  7.43646  279.086 -672.879   39.535
-4.89976       10       10 -26.6873 -38.9791  310.012 -606.806  6.69786
-3.81179 -1.16009       10 -23.6125 -19.5158  308.655 -613.674  29.6573
-3.41817 -5.02363       10 -22.2144  -18.324  308.006  -606.22  16.0186
-1.60373       10       10  -21.619 -32.8643  309.729  -611.62  16.5163
0.322414       10       10 -20.5133 -33.4611  309.078  -613.72  28.6699
 1.67659       10       10   -19.25 -34.3244  309.552 -616.307    -1.18
 5.03919      -10       10 -16.8684 -14.0515  287.018 -584.982  39.1959
 10.8172 -10.8172  10.8172 -18.2093 -9.92409  260.445 -545.704 -72.3338
 10.3351 -10.3351  10.3351 -19.2775  -12.823  288.246 -581.147  44.8567
 12.3573 -12.3573  12.3573  -23.525 -11.7895  308.369 -606.138 -18.3233
 19.9095 -24.6522  24.6522  -32.197  4.59946  295.336 -614.138  43.3382
 24.7467 -35.0831  35.0831 -39.2089  11.7743  285.642 -612.483 -28.8671
 28.3295 -41.3974  41.3974 -42.8947  25.1996  279.578 -614.016  42.7893
 26.3326 -41.6333  41.6333 -42.1709  14.1821  271.547   -575.5 -63.9362
 22.1662 -22.1662  22.1662 -35.0347  9.43776  295.158 -545.038  51.4022
 1.51748  40.3449  40.3449 -28.2357 -105.218  395.409 -700.643  -155.51
-12.3754  85.6997  85.6997 -25.9755 -104.335  388.291  -801.84  12.0359
      10       10       10 -97.3015 -53.4751  193.023
