 14.6401  14.6401  14.6401 -6.81326 -24.8077  84.8704 -333.811  110.429
  18.094   18.094   18.094 -54.3339  -74.621  256.576 -471.872   16.853
 4.33754 -21.8057  36.5677 -31.5324  5.62612  273.945 -659.686  39.0952
-1.36127       10       10 -21.1067 -39.9572  311.578  -621.04  8.61998
-2.94639       10       10 -15.5964 -32.2055  311.176 -627.531  32.5551
-1.23768  6.23018       10 -14.6498 -31.2307    309.6 -620.681  18.8411
 3.87489       10       10 -16.7075   -33.89  311.168 -626.086  19.6642
      10  9.80564       10 -19.2845 -33.9471  308.961 -625.941  31.8266
 5.32747    6.064       10  -11.438 -30.3673  307.783 -625.989  1.11873
      10 -6.23621       10 -10.8725 -16.4705  288.396 -600.979  43.5683
      10      -10       10  -7.7023 -9.09062  270.708  -570.71 -69.6963
      10      -10       10 -7.80234 -11.8274  289.516 -592.302  49.8894
 13.2899 -13.2899  13.2899 -13.0259 -11.2325  305.988 -611.158  -22.868
 30.1097 -30.1097  30.1097 -32.5101  9.44934  289.119 -620.216  48.0107
 45.6618 -45.6618  45.6618 -51.2354  20.3533    273.1 -619.297  -43.599
 60.3912 -60.3912  60.3912 -69.4268  43.0716  257.037 -616.741  49.9498
 63.1536 -63.1536  63.1536 -73.6496  33.7229  249.845 -586.568 -95.8973
 43.4897 -53.6996  53.6996 -56.3212  40.2122  272.327 -561.641  61.3082
 57.0319  57.0319  57.0319 -72.4587 -124.316  415.335 -757.762 -215.144
 13.9127  117.957  117.957 -43.4057  -136.93  385.463 -858.012   28.579
  11.013   11.013   11.013 -94.4764 -49.7789  188.785
