     -10      -10       10 -29.5785  -6.6025  215.812  -525.53    99.85
-13.7751 -13.7751  13.7751 -77.1344 -42.8267  390.813 -617.878 -24.2957
-18.3951 -12.8059  67.6113 -43.4267 -7.12004  223.502 -693.513  35.7974
     -10      -10       10 -44.9247 -17.8327  317.797 -603.762 -15.0529
     -10 -5.78111       10 -37.8485 -14.4747  305.492 -592.496  25.9755
     -10  -3.2642       10 -34.5612   -18.47  306.249 -590.834  5.16576
     -10  1.41657       10  -30.504 -22.2731  307.004 -597.044  13.3141
     -10       10       10 -26.4461 -32.2335   306.61 -601.215  23.4152
-8.00361  6.90429       10 -24.7035 -30.9072  307.731 -606.229 -2.61824
0.0768068   2.99978        10  -26.0677  -29.7429   286.846   -577.62   36.2445
      10 -2.67245       10 -28.2997   -22.02  259.538 -542.871 -72.4759
      10  1.24363       10 -30.3024 -28.2431  287.808  -575.51  41.7963
      10  2.85671       10 -30.8406 -28.3988  309.764 -600.495 -12.3092
       10 -0.907823        10  -27.8347  -20.8589   309.061  -596.438   40.5577
      10 -4.10541       10 -26.7582 -19.2733  310.647 -584.995 -13.0391
      10 -7.24187       10 -23.6105 -10.2896  310.569 -583.467  38.4407
      10      -10       10 -24.1221 -15.1133  306.861 -551.736 -33.9673
      10      -10       10 -18.9674 0.183974  311.812 -572.325  40.7917
-6.61549 -7.69696       10 -11.9714 -39.7423  334.937 -534.843 -79.8167
-9.68111       10       10 -1.06358 -19.6174  326.389 -547.589   12.759
-2.35271      -10       10 -53.7691    -37.6  137.841
