-17.1696 -17.1696  17.1696 -14.9064 -1.57567  349.784 -705.568  98.2695
-12.7285 -12.7285  12.7285 -23.1414 -52.2671  389.511  -729.38  3.51393
-10.3075 -28.6265  36.6664 -9.32492  7.02228   286.89  -692.11  58.7806
-8.29124  1.86892       10 -8.21093  -30.335  312.048 -616.549 -1.85506
-4.94336       10       10 -7.84926 -29.4824  310.746  -617.52  32.7822
-2.60218       10       10 -8.10089  -31.415  308.796 -608.281  10.5079
-1.93242       10       10 -6.06697 -30.4054  309.745 -609.614  16.8289
-0.622022   3.99312        10  -4.77841  -25.5931   309.055  -607.223   24.1592
0.0615595        10        10  -3.56378  -33.4465   309.117  -603.843  -3.78057
 3.50557 -2.82048       10 -3.92577 -22.8934  286.049 -563.219  31.1823
 6.55898 -7.62043       10 -3.25703 -16.0461  256.756 -518.055 -78.6371
      10 -3.13947       10 -5.89667  -23.384  286.365 -562.322  36.5011
      10  3.14099       10 -3.86545 -29.1468   310.06 -600.832 -13.7084
       10   4.20848        10 -0.420825  -27.0461   310.026  -605.442   40.2456
      10   7.7568       10 0.939028 -32.5675  311.344 -600.297 -10.1002
      10  8.09731       10  5.01683 -27.0433  309.297 -605.041  42.6468
      10  8.38907       10  3.91876 -34.3373  307.383 -580.396 -25.0563
      10  -2.7307       10  12.0039 -6.97787  313.015 -618.396  48.8528
0.653239 -15.9865  15.9865  8.45357 -26.2118  293.838 -522.894 -66.8637
 0.98424 -25.7019  25.7019  8.65871  16.9813  191.882 -405.324 -3.52666
-9.44019       10       10 -69.8807 -58.4665  197.849
