 1.36378       10       10   16.427  -16.427   16.427 -181.289  101.906
     -10       10       10 -21.8495 -70.7562  195.206 -294.779  4.41272
-33.8644 -25.5863  33.8644 -4.59849  9.02504  283.753 -622.051   22.466
     -10       10       10 -21.2755 -45.4067  310.829 -584.599   3.8658
-1.08064      -10       10 -26.9537 -15.0265  310.164 -594.327  23.6718
-2.64549      -10       10 -22.5111 -17.9745  308.287 -591.271  15.2977
-9.16167 -6.14023       10  -13.404 -20.2265   310.31 -599.913  12.0381
     -10  5.39996       10  -8.3811 -31.7017  308.129 -607.283  30.3556
-7.71761       10       10 -6.36902 -35.6034  306.289 -615.794 -1.62616
      10      -10       10 -17.1522 -10.0275  290.551  -608.69  48.3426
      10      -10       10 -14.6041 -4.75704  284.751 -602.709 -60.5356
      10      -10       10 -14.0164 -9.28094  292.445 -608.699  60.0598
      10      -10       10 -17.0033 -17.3471  310.359 -614.394 -28.6525
 38.3998 -38.3998  38.3998 -52.2187  14.7168  281.771 -631.822  61.1318
 76.0338 -76.0338  76.0338 -96.9032  46.1774  243.937  -659.11  -61.817
 112.004 -112.004  112.004 -144.143  91.9065  208.462 -673.119  71.3576
 130.148 -130.148  130.148 -162.459  97.2263  176.926 -660.299 -130.878
 126.068 -126.068  126.068  -169.98    111.6  191.156 -609.309  100.092
 11.1334  177.654  177.654 -65.5872 -255.324  315.979 -945.622 -283.592
-77.1348  274.641  274.641 -16.6116 -304.729   346.82 -1198.46  43.0434
      10       10       10 -105.536 -49.8848  201.087
