 143.724 -143.724  143.724 -155.659  120.763  250.398 -956.293  137.405
 114.322 -114.322  114.322 -102.851  67.0319  220.897 -915.997   98.698
   33.1794   -33.1794    33.1794 -0.0658392    18.3282    299.126   -810.278    94.6408
      10      -10       10  18.4774 -11.7451  312.948  -682.82  31.9911
 10.1921  10.1921  10.1921  18.0087 -27.8317  312.594 -660.292  37.4761
      10      -10       10  17.9318  -11.316  313.327 -635.672  18.5867
 11.1865  11.1865  11.1865  17.2141  -33.759  309.481 -619.903  11.4548
 10.5251  10.5251  10.5251  18.9142 -34.7034  312.031 -607.032  21.1932
 10.2974  10.2974  10.2974  19.2157 -36.5197  306.636 -580.477 -15.8436
-4.81592 -11.8452  11.8452  33.9793   -14.87  305.379 -560.217  19.3464
-27.4613 -7.97736  46.8484  48.5159 -14.6432  237.893  -543.22 -110.801
-21.2098 -2.99055  38.6554   53.268 -24.1602  276.949 -607.292  26.6457
0.755382  6.07875  20.5327  43.0978 -34.2609  296.187 -620.998 -15.4322
 16.3613  16.3613  16.3613  36.3091 -42.2502  302.853 -652.286  48.7438
 32.2387  32.2387  32.2387  22.8354 -60.0276  285.975 -692.045  7.53662
 39.6683  39.6683  39.6683  23.3529 -63.1196  282.479 -749.924  66.5096
  50.814   50.814   50.814  10.6091 -79.5241  260.825 -746.739  13.6951
 31.9236  31.9236  31.9236   49.899 -48.6502  298.219 -828.188  89.8009
 18.8047  18.8047  18.8047  46.0615  -54.676  264.958 -635.737 -26.8833
 22.4869 -22.0008  22.4869 -1.18444  20.3666  37.1787 -230.577 -32.8566
-17.0308  17.0308  17.0308 -46.2541 -42.2808  199.366
