     -10      -10       10 -56.6456 -14.3155  390.473 -706.017  86.5634
-11.9104 -11.9104  11.9104 -64.4021 -49.7615   439.44 -738.231 -37.2926
-8.59727 -27.0823  58.1413 -35.7228  6.21394  238.325 -705.945  52.1892
     -10      -10       10 -30.5359 -18.9304  320.268 -612.925 -16.9769
     -10      -10       10 -23.9989 -10.5796  308.442 -602.767  28.3217
     -10       10       10  -21.119 -32.4613  307.662 -597.834  3.99774
     -10       10       10 -17.2289 -31.5459  308.495 -604.185  14.4623
     -10       10       10 -13.7609 -32.4307  308.015 -605.087  23.7862
     -10       10       10 -10.9916 -33.6558  309.173 -605.093  -5.0797
     -10 -4.45918       10 -5.55761 -20.4066  284.618  -566.93  34.9401
      10  1.54269       10 -18.2091 -23.7697  248.816 -524.281 -81.4049
      10       10       10  -20.286 -36.6833  285.366 -567.072   41.209
 10.1431  10.1431  10.1431 -19.6405 -37.4674  311.622 -604.952  -12.283
 14.7409  14.7409  14.7409 -21.5628 -39.9663  305.837 -613.339  42.5498
 19.8287  19.8287  19.8287  -26.693 -47.0579  302.152 -609.398 -8.01625
 16.5833  16.5833  16.5833 -17.9953 -38.2521  302.855 -610.815  41.3312
 12.7879  12.7879  12.7879 -14.3287  -39.888  308.015 -581.306 -20.4524
       10       -10        10 -0.383128   0.66367   314.795  -630.632   47.5282
-37.7232 -60.6681  60.6681  28.7436   29.367   197.48 -516.125 -48.9671
-46.7819 -74.4326  74.4326  50.8151  74.0015  74.0015 -448.505  27.9143
     -10      -10       10 -48.3675 -34.9673  154.399
