 5.35618      -10       10 -21.9051 -3.60448   124.06 -405.417  114.606
-15.9707 -15.9707  15.9707 -76.6133 -39.2343   365.04  -527.67 -31.5003
-11.3776 -12.4897  67.1364 -53.5411 -6.49395  221.299 -662.586  28.5919
     -10      -10       10 -48.8035 -17.9799  317.617 -584.327 -19.9634
     -10      -10       10 -41.6975 -10.0463  305.473 -578.902  24.2593
     -10      -10       10 -37.7734 -11.8972  304.606 -581.461  1.11235
     -10 -1.33567       10 -34.0386 -19.5698  306.951 -594.368  14.2271
     -10   5.3183       10 -29.5657 -27.5042  306.349 -604.015  21.6024
     -10       10       10 -25.6781 -33.7826  308.809 -617.668 0.265252
     -10  6.61985       10 -17.2986 -33.2304  286.494 -597.401  38.4423
     -10 -5.75151       10 -8.48812 -18.6898  258.166 -566.264 -63.7588
-2.84663      -10       10 -19.4695   -15.97  286.944 -591.418  44.2943
      10      -10       10 -35.0036  -13.773  309.443 -607.775 -10.9419
      10      -10       10 -33.8197 -10.1336  308.576 -593.824  39.7502
      10      -10       10   -33.76 -12.0781  309.509 -576.604  -17.415
      10      -10       10 -31.9703 -6.34886  307.547 -565.226  34.0096
      10      -10       10 -32.9674 -15.0051  301.425 -526.714 -44.2051
       10       -10        10   -31.642 -0.583646    313.36  -542.863   32.2472
-8.47849  1.60128       10 -27.6209 -55.4625  392.324 -590.318 -108.718
-5.79515       10       10  -25.595 -24.2584  409.703 -635.544  9.11344
      10      -10       10 -67.2971 -36.8939  137.931
