 53.1856  53.1856  53.1856 -72.0703 -72.0703  72.0703 -289.465 -23.4214
-23.4347  23.4347  23.4347 -9.19335 -87.7144  476.191 -947.905  126.993
 35.1804 -35.1804  35.1804 -46.1663 -2.41452  317.255 -749.845  -3.8719
 27.2463  27.2463  27.2463 -35.5478 -69.0942  337.493 -752.666  74.3259
 20.8138  20.8138  20.8138 -24.4798 -60.3003  323.267 -700.731  15.3168
 14.2069  14.2069  14.2069 -14.9479 -49.1469  320.843 -665.783  49.1928
      10       10       10 -8.55969 -45.4578  319.133 -639.056  14.2824
      10       10       10 -8.70908 -40.1995  324.621 -633.041  32.8086
  103.317 0.0359478   103.317  -120.888  -30.8559   120.888  -525.858  -8.03934
      10       10       10 -8.42311 -35.7994  305.025 -568.943  17.6281
 10.2179 -10.2179  10.2179 -6.13956 -10.5079  254.111 -481.061 -86.9897
 10.2345 -10.2345  10.2345 -3.58032 -18.1001  287.532 -537.203  16.4164
     -10       10       10  21.1363 -42.9317  295.178 -558.976 0.999267
 -10.569  -10.569   10.569   25.838 -23.2056  300.596 -576.306  12.1155
-10.2759 -10.2759  10.2759  29.7703  -24.219  304.808 -589.174  26.2814
-10.1841 -10.1841  10.1841  33.7237 -23.0737   312.54  -606.51 -5.73743
-11.2985  11.2985  11.2985  38.2657 -42.1833   318.48  -621.63  52.0299
      10      -10       10  23.3257 -11.9422  336.106 -658.081 -44.8915
 11.8109  11.8109  11.8109  22.1276 -42.0654  381.128 -706.617  94.4715
 10.0998  10.0998  10.0998 -9.03706 -13.3465  19.4368 -54.3095 -158.385
 12.3194  12.3194  12.3194 -106.312 -75.3871  212.451
