 32.3161  43.1082  59.0203 -68.3281 -68.3281  68.3281 -298.414  -38.104
 10.5129  10.5129  10.5129  -98.036  -69.047  502.632 -948.743  130.943
 83.0231  0.55403  83.0231 -130.154 -46.2685  224.217 -757.322 -11.3313
 11.0509  11.0509  11.0509 -58.7232  -47.109  364.653 -739.778  80.7017
-10.4361 -10.4361  10.4361 -30.0328 -28.3392  338.624 -683.401  8.02152
 10.6279  10.6279  10.6279 -50.2839 -41.0542  341.888 -679.251  50.4925
 94.4975  94.4975  94.4975 -134.933 -134.933  134.933 -555.318  6.37581
 10.9251 -10.9251  10.9251 -45.6817 -16.7722  324.247 -626.217  36.2734
 10.6388  10.6388  10.6388 -44.6469 -42.3944  310.531 -581.821 -8.40448
 93.2954 -50.4129  93.2954 -136.766  25.1402  136.766 -495.459  14.1659
-13.9582 -13.9582  13.9582 -15.4655 -7.33505  270.016  -500.86 -94.0541
 11.8597 -11.8597  11.8597  -37.024 -16.3529  274.421 -508.152  17.5379
 10.7951  10.7951  10.7951 -32.1803 -44.6109   291.57 -545.678  1.39916
 11.2235  11.2235  11.2235 -28.3967 -44.9139  299.778 -571.284   15.485
      10      -10       10 -23.2183 -26.4627    311.1 -592.509   29.644
       10       -10        10  -18.7497  -21.9683   324.663   -626.27 0.0192764
      10      -10       10 -15.4062 -23.0469  338.232 -651.597  61.2916
 12.4519  12.4519  12.4519 -12.2099 -28.9518  372.888 -737.338 -40.2166
 155.729  31.7942  155.729  -193.43 -58.1653   193.43 -763.184  92.2402
     -10      -10       10  11.9719  12.5608  19.3499 -71.8706 -159.549
-50.9935  50.9935  50.9935 -56.3876 -120.844  120.844
