 41.4355   41.566   43.348 -58.4165 -58.4165  58.4165 -260.498 -12.5817
      10       10       10 -66.7468  -70.356  477.587 -923.153   134.68
 87.3481  8.04383  87.3481 -124.817 -50.9445  239.214 -781.475 -3.65916
      10       10       10 -39.9795 -50.7202  369.814 -745.455  73.5984
     -10      -10       10 -13.7856  -27.258  351.863 -711.659  9.30317
 109.217  83.2907  109.217 -146.652  -117.92  146.652 -613.101  41.1857
      10      -10       10 -28.7757 -22.9656  328.965 -647.065  8.56799
      10       10       10 -27.8818 -44.1573  312.999 -601.418  34.4504
      10       10       10 -25.3907 -41.6581  305.777 -583.045 -5.23117
      10      -10       10 -26.7078 -21.7261  302.811 -554.007  19.5544
-23.9915 -23.9915  23.9915  13.0933    14.86  234.624 -492.473  -86.692
 99.1048 -99.1048  99.1048 -125.563  68.5852  125.563 -490.912  12.5944
      10       10       10 -14.7873 -38.7984  343.934 -642.823 -3.18153
 93.8676  93.8676  93.8676  -104.81 -138.914  138.914 -552.811  24.3055
      10      -10       10 -2.91537 -20.2025  355.586  -684.01  24.4604
 123.383 -22.5187  123.383 -138.188 -10.6278  138.188  -614.81  1.34472
      10      -10       10  5.04091 -19.6226  358.301 -691.158  43.5421
      10       10       10  10.2362 -34.8663  370.099 -717.035 -27.3491
      10       10       10  9.39291 -39.4575  423.333 -773.942  66.2886
-10.5065 -10.5065  10.5065  6.77901  6.71713  16.4905 -33.7017 -143.204
-59.6354  59.6354  59.6354 -54.6026 -128.533  128.533
