 40.0189  40.0189  40.0189 -47.7559 -59.5388  59.5388 -239.164 -22.7718
 10.9131  10.9131  10.9131 -21.1212 -70.9534  464.904 -894.126  142.049
 74.6782  9.62761  74.6782 -80.0651 -45.9782  259.816 -770.833 -11.4433
-11.6422  11.6422  11.6422  17.8866 -53.0411  355.302 -730.572  78.0963
 -12.611   12.611   12.611  21.6213 -51.8114  335.265 -694.246  7.03374
  10.2116   10.2116   10.2116 -0.227806  -45.0647   322.566  -650.452   51.2407
      10       10       10  1.97193 -44.6207   307.58 -618.214  7.34793
     -10       10       10   20.976 -41.1355   300.29 -586.092  33.7951
 10.9482 -10.9482  10.9482  1.85206  -19.513  285.234 -559.336 -6.91748
      10       10       10  1.64732 -36.4407  272.088 -516.608  20.6772
      10       10       10  2.81198 -30.7644  262.663   -496.6 -86.8904
 12.2009 -12.2009  12.2009  4.26898 -15.6739   266.68 -515.944  19.4661
     -10       10       10  31.7024 -40.6139  285.791 -552.235  -2.9854
     -10      -10       10  35.7774 -23.0673  297.144  -575.72  17.1516
      10      -10       10  20.5979 -22.9829  303.633 -596.591  21.3524
     -10      -10       10  45.0723 -23.5054  316.044  -622.24  3.61314
-12.9004  12.9004  12.9004  51.0815 -45.6748   327.59 -648.367  40.6794
      10      -10       10  36.0451 -17.5473  358.812  -701.67 -31.6381
     -10      -10       10  59.6745  -23.459  421.291 -771.587    64.25
 10.8487  10.8487  10.8487 -9.42903 -20.8325  20.8325 -54.8771 -130.968
 54.6298  54.6298  54.6298 -150.537 -115.047  150.537
