0.693255  39.3457  39.3457 -3.90452 -59.4798  61.7127 -239.162 -28.8302
 27.3497  27.3497  27.3497 -21.5513 -86.2235  434.233 -883.721  144.255
 2.98676 -31.5372  31.5372  12.1009 -4.92315  321.858 -738.205 -19.5333
-19.6427  19.6427  19.6427  38.5889 -60.4467  336.529 -721.318  73.9907
      10       10       10  13.6115 -48.4898  327.658 -678.593  6.75128
     -10       10       10  33.7687 -45.0209  316.723  -647.86  51.2224
     -10       10       10  34.4147  -44.242  307.653 -623.368  8.30924
     -10       10       10  34.3939 -41.1409  299.269 -597.749  35.0317
      10       10       10  14.1979 -40.7556  288.853 -568.642 -6.46006
      10       10       10  13.0071 -36.6351  273.584  -529.16  22.6073
     -10       10       10  31.7124 -30.6119  268.271 -504.579 -88.5276
     -10      -10       10  37.2245 -17.3107  272.145 -527.219  19.1078
     -10      -10       10  41.1198 -21.2198  289.767 -559.728 -3.71553
     -10 -5.57427       10  45.9825 -27.1496   297.37 -584.477  16.3992
     -10      -10       10  50.2863 -23.9956  306.131 -606.044  21.3823
     -10      -10       10  55.3294 -23.9061  314.394 -630.503  1.74714
      10      -10       10  39.5079 -23.4946  329.937 -656.574  45.4746
      10      -10       10  47.3239 -18.6586  357.138 -714.067 -32.3334
      10       10       10  51.1151 -44.3489  417.527 -775.431  72.1691
  10.199   10.199   10.199 -6.03751 -21.7016  21.7016 -64.8356 -131.593
-13.5976  13.5976  13.5976 -64.0617 -74.3196  216.895
