-28.3351  44.5676  44.5676  41.0558 -51.9125  51.9125 -338.608  126.432
-67.9875  67.9875  67.9875  60.3357  -127.68  155.153 -455.138  9.49203
-15.9306  7.60303  56.0024  26.1353 -24.6287   255.95 -684.474  42.8589
      10       10       10  13.7161 -44.7158  318.684 -655.894  9.28803
-2.27177       10       10  27.6526 -35.6379  315.622 -652.851  40.3092
 1.00972       10       10  26.3323 -37.9978  309.107 -641.182  20.5236
      10       10       10  19.2542  -36.249  308.709 -641.329  23.3444
      10       10       10  21.6667 -35.7015  307.003 -642.472   32.183
      10      -10       10  23.8204 -14.7142  305.077 -640.628  2.93852
      10      -10       10  25.1736 -11.6368  284.888 -611.823  40.5223
      10      -10       10  26.3515 -6.56895  265.381 -584.982 -64.3208
      10      -10       10  27.9728 -9.57226  287.777 -612.132  46.2535
 15.7821 -15.7821  15.7821  21.8916 -8.52137  301.492 -634.747 -22.5639
 35.7329 -35.7329  35.7329 -2.32163  13.9408   281.97 -645.493  44.9286
 58.2913 -58.2913  58.2913 -29.3838  30.2742   258.45 -653.605 -44.2944
 80.3603 -80.3603  80.3603 -58.1493  59.5789  233.391 -651.641  47.3878
 91.8954 -91.8954  91.8954 -73.0864  57.8224  211.486 -624.859 -94.8474
  88.574  -88.574   88.574 -71.8492  69.7133  241.059 -624.245  61.6046
 92.1646  39.7196  92.1646 -55.0152  -109.52  422.922 -896.137 -210.105
 44.9138  143.432  143.432 -20.8414 -159.943  397.097 -968.539   5.5006
 40.6997  40.6997  40.6997 -114.022 -79.0581  160.568
