     -10      -10       10  17.0529 -3.92131  315.614 -675.051  134.093
     -10 -8.22777       10  11.6977 -55.7572  349.905 -678.643  23.4649
 1.74982  -29.543   29.543  9.70428  11.7121  298.745 -704.225  61.8631
 11.4785  11.4785  11.4785  3.10516 -39.3403  309.687 -645.169  5.97028
 12.3121  12.3121  12.3121  6.20779 -31.1913  308.216 -648.086  37.9938
   11.16    11.16    11.16  10.1259 -32.5237  307.813 -638.622  16.3906
      10       10       10   15.003 -30.5702  309.932 -639.789  21.4381
      10       10       10  18.1489 -31.9421  309.203 -638.783  29.6432
      10       10       10  21.2241 -33.9839  308.706 -638.316 0.956718
      10       10       10  22.4065 -36.4645  286.632  -598.75  36.5356
       10 -0.405999        10   23.4078  -23.8242   262.528  -557.099  -75.8658
      10 -3.72166       10   27.141 -22.6134  285.858 -591.484  40.2354
      10 -3.91198       10  30.9926 -21.0655  308.005 -622.608 -16.0978
      10      -10       10  33.4355 -11.1893  306.777 -616.803  39.9179
      10      -10       10  34.0281 -13.2139   307.57 -601.906 -20.9588
      10      -10       10  36.3686 -6.86507  304.782 -593.984  36.6455
      10      -10       10  33.8798 -15.0722  301.003 -554.696  -49.866
        10        -10         10    38.9652 -0.0563071    304.321   -568.517     37.028
      10      -10       10  34.4087 -37.2517  356.094 -552.216 -121.733
 8.66657   -1.288       10  25.9991 -11.0229  252.236 -400.421  -11.076
 11.6287  11.6287  11.6287 -81.4276 -56.6559  205.656
