 -77.1667  -77.1667   77.1667 -0.579028   55.6762   416.555  -1032.69   101.657
-57.0122 -57.0122  57.0122 -1.12848   3.1198  414.611 -1024.04  34.4427
-45.1143 -41.1929  45.1143  25.9329  25.8595  261.068 -795.481  86.8833
     -10      -10       10 -13.9468 -15.4001  314.079  -649.41  10.9584
-6.64372      -10       10 -14.1693 -9.56922  308.527 -624.235  30.9824
-5.78892       10       10 -14.6309 -33.4624  309.044 -601.107  11.3936
 -5.7675       10       10 -11.4643 -33.9563  308.812 -595.523  10.5394
-10.0541  10.0541  10.0541 -4.85623 -35.3529  309.152  -586.19  22.8749
-18.0053  18.0053  18.0053  3.42657 -44.0817  302.248 -588.523 -14.1046
-47.0081 -6.20247  47.0081  29.2355  -18.697   248.93 -574.569  23.2077
-20.6215 -14.2434  75.3409  1.05079 -5.38472  195.431 -570.382 -102.547
  6.0259 -11.5161  78.4018 -21.4096 -15.0372  215.343 -629.149  32.5559
 45.9931  45.9931  45.9931 -48.9662 -75.9728  279.769 -660.971 -14.5821
 85.8964  9.63186  85.8964 -88.9737 -38.1894  232.885 -731.514  50.4971
  103.59  28.8421   103.59 -106.456 -59.3994  219.159 -766.206  1.83412
 105.495  41.6177  105.495 -100.318  -66.468  213.344 -795.668  61.3366
  106.032   37.9448   106.032  -101.195  -67.7806   219.997  -783.573 -0.132422
 72.2973 -28.8845  72.2973  -43.965  19.0564  247.583 -807.861  81.7392
-14.4001 -101.371  101.371     20.1  74.6036  74.6036 -532.424 -6.78345
-18.3665 -34.7821  34.7821  43.0168  43.0168  43.0168  -340.49  11.3718
     -10      -10       10 -56.3613 -16.3937  173.354
