-69.7954 -69.7954  69.7954  22.2163  47.2749  423.704 -990.737  105.606
-51.7752 -51.7752  51.7752  20.4498 -11.3803  406.293  -957.05  13.3891
-37.2019 -37.2019  37.2019  28.5865  14.5836  283.527  -728.16  76.6222
      -10       -10        10   1.67816  -18.0151   308.364  -625.772 0.0640951
 3.23245      -10       10 -9.33625 -10.1871  311.496 -621.283  32.0398
 7.23383       10       10 -12.2571 -32.9329  310.065 -606.808  8.16767
 6.40126  11.2259  11.2259 -8.84929 -34.1217  307.913 -604.824  13.4355
 3.17141  11.9848  11.9848 -3.91135 -36.4059  306.168 -596.799  21.3471
0.300523  14.3018  14.3018 0.265322 -39.9106  304.843 -594.401  -9.7334
0.0586225  -3.20577   35.6122  -2.73158  -22.6936   261.354  -572.213   24.1824
 2.04006 -8.90112  49.8384 -6.48471 -12.8302  229.836 -550.613 -91.7756
  15.335  -2.2452  52.1301 -14.7645  -25.091  246.344  -604.78  32.9391
 48.5807  8.35478  48.5807 -41.0172 -37.4887  273.133 -660.176 -15.0348
 57.3791  21.0669  57.3791 -45.8521 -48.3313  262.865 -689.033  48.8014
 66.2212  36.8739  66.2212 -53.4991 -66.3633  254.634 -705.048 -3.01967
 67.4592  48.2247  67.4592  -48.703 -71.7903  251.044 -725.753  60.0238
 68.6795  46.6415  68.6795 -50.3452 -75.6462  255.028  -718.12 -10.2502
   45.989 -0.937147    45.989  -9.47162  -9.86163   284.184  -758.509   76.3621
-6.83729 -101.399  101.399  12.7906  71.5428  87.1281 -520.941 -28.7307
-26.9186 -45.3868  45.3868  42.8108  45.6722  45.6722 -312.886  3.49047
      -10 -0.046772        10  -62.3923  -40.6583   193.556
