      10  2.89653       10  9.46723      -10       10 -234.131  125.083
     -10       10       10 -40.3106 -70.3845  202.352 -240.435 -25.0581
-16.5842 -11.0194  48.0288 -42.0651 -7.77333  260.988 -609.582  18.5683
     -10      -10       10 -38.6813 -25.6017  316.748 -573.884 -13.3698
-2.72863       10       10 -39.7219 -35.5539  309.993 -585.144  24.1301
     -10      -10       10 -27.0942 -17.8027  307.136 -587.746  7.43174
     -10      -10       10 -22.5778 -15.6498  309.256 -603.827   15.292
     -10       10       10 -16.7472 -35.7073  306.769 -617.421  29.5402
-8.35724  6.78339       10 -12.4451 -31.0309  306.818 -635.823  4.30726
-2.85187      -10       10  -8.2641 -8.77594  287.586  -631.56  52.9455
 5.26388      -10       10  -10.002 -3.63254  269.364  -612.75 -49.8151
      10      -10       10 -17.0175 -8.72587  289.877 -626.607  64.4035
      10      -10       10 -21.9151 -16.7163  312.061 -626.012 -22.7477
 34.1415 -34.1415  34.1415 -52.4226  11.2377  285.366 -626.386  58.6003
 65.8145 -65.8145  65.8145 -91.6208  36.7498  253.376 -635.213 -62.6417
 93.8166 -93.8166  93.8166 -129.525  76.9583  222.118 -626.629  56.8332
 102.625 -102.625  102.625 -139.672  72.0368  197.518 -580.994 -145.024
 85.8848 -85.8848  85.8848 -133.444  77.1941  227.713   -506.4  66.7764
 13.9593  84.7942  84.7942 -66.2976 -157.935  429.884 -800.365 -323.469
-38.8444  184.125  184.125 -41.8986 -205.081  457.265 -1102.79  34.2365
      10       10       10  -94.659 -48.0973  181.993
