-18.0706 -18.0706  18.0706 -20.1564  -1.3018  340.151 -688.258  96.8186
-11.5342 -11.5342  11.5342 -32.3754 -51.8805  395.988 -731.011 -1.65554
-13.7928 -26.4207  39.0334 -12.3147  4.46531  282.367 -692.914  58.0261
-9.93892  5.70937       10 -12.4763 -34.3886  311.758 -615.164 -1.86876
-4.67755       10       10   -13.94 -29.8627  309.908 -614.989  32.3023
 -3.2678       10       10 -13.3758 -31.6773  308.215 -605.307  10.8126
-2.80997   8.8758       10 -11.0477 -29.5788  309.617 -608.193  16.2323
-2.88179  6.05832       10 -8.56216 -28.0731  309.285  -605.67  24.5011
-3.21182       10       10 -6.35107  -33.992   310.09 -603.387 -4.86281
-0.422584  -3.53066   12.6112  -6.56174  -22.8361   285.384  -565.886   31.3138
  3.4903  -9.7581   19.749  -8.7585 -14.1075   254.59 -534.315 -81.5601
 10.1332 -4.07075  19.2515 -13.6723 -23.1317  278.536 -574.381  38.4155
 18.1518  2.29921  18.1518 -19.3432 -28.7838  302.752 -613.375 -15.4406
  21.382  4.61221   21.382 -19.7745 -27.7016  299.195 -621.805   43.946
 24.9122  9.48966  24.9122 -22.6075 -34.4655   296.63 -621.102 -12.5368
 23.1892  12.2942  23.1892 -16.5625 -31.2199  296.524 -623.425  47.5078
 24.1664  12.9919  24.1664 -18.9119  -38.938  293.227 -598.854 -29.9316
      10 0.356967       10  5.81864 -9.67391  315.145 -620.853  58.1617
-1.61387 -30.5232  30.5232  2.46383 -9.39206  263.093 -518.422  -73.009
-6.35069 -36.0486  36.0486  10.6208  28.3965  170.876 -407.188  10.0136
-6.91475       10       10 -71.7217 -58.7555  195.042
