-29.8047  35.9308  35.9308  43.3399 -43.3399  43.3399 -380.352  131.567
-59.6465  59.6465  59.6465  21.7704 -116.062  204.193 -556.683  23.2858
-35.2274 -5.68712  55.1323  10.8273 -9.68927  266.342 -746.156   54.405
-23.1862   29.217   29.217  2.35611 -59.8533  294.591 -677.951  15.6541
     -10      -10       10 -1.78696 -11.2849  311.668 -652.635   41.318
-9.55864  14.3896  14.3896 -2.47659 -39.7789  303.503 -634.287   21.747
 -6.84322   10.2708   10.2708 -0.872323   -34.132   309.616  -633.306   22.5534
 -4.41447        10        10 -0.702123  -34.4674   310.632  -629.909   32.0523
 -1.26323        10        10 -0.506054  -34.7124   309.374  -628.068  0.985136
 2.43354      -10       10  0.22775 -13.4486  287.984 -592.349  39.8018
   5.55958        -10         10 -0.0655594   -9.65916    268.061   -555.334   -72.5771
      10      -10       10 -3.22089   -12.48  288.571 -583.746   45.617
 14.6667 -14.6667  14.6667 -8.28463 -10.0106  305.475 -612.958 -22.7146
 27.7973 -27.7973  27.7973 -22.5434  7.20319  293.027  -619.91  45.0559
 40.7304 -40.7304  40.7304  -37.422  16.0325  280.485 -618.808 -39.4305
 50.8311 -50.8311  50.8311 -48.8543  33.8671   265.23 -607.835  45.0658
 52.0279 -52.0279  52.0279 -51.3813  22.8977  253.115 -564.448 -86.4713
 34.1068 -34.1068  34.1068 -31.4198   20.031  291.779 -550.809  56.2408
 15.8435  15.8435  15.8435 -5.02446 -82.5457  462.603 -738.659 -194.184
 3.71967  60.2379  60.2379  -3.5738 -79.4639  458.076 -811.032  6.02793
 30.6516  30.6516  30.6516 -123.077 -68.2528  169.928
