     -10      -10       10  21.7517 -2.05273  302.591 -664.916  137.362
     -10       10       10  15.5796  -74.327  339.793 -669.434  29.7555
-4.79173 -24.5589  34.1322  19.5603  6.86036  292.185 -718.119  65.6279
 13.9923  13.9923  13.9923  3.35517 -42.1075  307.002 -654.223  8.21864
 12.0323  12.0323  12.0323  9.50769  -31.021  308.897 -652.866  39.6841
 10.0329  10.0329  10.0329  14.0349 -31.5545  309.482 -640.355   17.191
      10       10       10  17.5004 -30.6261    310.1 -642.451  22.2214
      10       10       10  20.4544 -31.8833  309.321 -640.533  29.8887
      10       10       10  23.5771 -33.7234  308.576 -640.342 0.962772
      10       10       10   24.613 -35.6896  285.242 -599.382   36.812
      10 -4.31461       10  26.1489 -19.0463  256.573 -556.304 -76.1337
      10  -9.7809       10  29.1852 -15.9448  284.248 -590.725  39.5138
      10      -10       10  33.0545 -14.9228  307.609 -622.523 -15.6147
      10      -10       10  35.2536 -11.1297  306.567 -616.015  37.7476
      10      -10       10  35.8639 -13.1692    306.8 -600.415 -20.0711
      10      -10       10  38.1518 -6.66436  304.205 -592.425  33.3868
      10      -10       10  35.5624 -14.9037   300.21 -552.217 -48.0596
      10      -10       10     40.7 0.146039   304.78 -567.418  31.6979
      10      -10       10  38.9167 -38.9364  370.842 -575.409 -118.548
      10  -1.7895       10  30.3005  -10.796  279.457 -441.381 -16.8634
   17.01    17.01    17.01 -87.3612 -61.4285  196.495
