 163.195 -163.195  163.195 -159.707  144.068  389.508 -1251.87   116.81
 137.097 -137.097  137.097 -115.468  73.2346  298.664 -1117.46  73.7106
 30.9646 -30.9646  30.9646  10.6423  10.3818   310.27 -806.619   94.276
      10      -10       10  23.6935 -16.9136  310.826 -659.359  12.3729
      10      -10       10  23.8102 -9.03766  309.531 -636.124  31.0157
      10      -10       10  23.0481 -12.7643   309.12 -612.812  5.13852
      10      -10       10  24.9065 -13.0144  309.078 -605.367  8.73154
      10       10       10  26.0909  -34.316  307.582 -594.917  13.2918
      10       10       10   27.106 -34.8855  305.866 -580.594 -11.7666
 11.3041 -11.3041  11.3041  22.6293 -12.5948  275.975 -514.063  11.3155
      10       10       10   19.198 -29.0848  217.402 -411.597 -88.7023
      10       10       10  31.4546  -34.815  274.483 -526.735  20.4992
 14.7573  14.7573  14.7573  37.6608 -42.9519  300.152 -619.843 -6.15354
 28.6668  28.6668  28.6668  28.7686 -56.0983  284.654 -672.736  44.1579
 46.7044  46.7044  46.7044  11.8581 -76.3133  271.073 -715.615  14.8245
 55.9233  55.9233  55.9233  8.91379 -80.4758  258.532 -763.362  55.3318
 64.2327  64.2327  64.2327 -1.63822   -94.96  249.611 -756.817  19.9991
 34.8433  34.8433  34.8433  49.7924 -49.7684  278.025 -807.528  66.2816
 47.0217 -47.0217  47.0217   9.1523  6.91824  200.633 -605.978  11.2881
-4.62713  -41.925   41.925  36.1985  42.6912  42.6912 -349.145 -45.4485
 16.0738  16.0738  16.0738 -80.2455 -45.3196    206.8
