-98.4198 -98.4198  98.4198  47.1104  76.7007  412.711 -1077.27   114.32
-74.7266 -74.7266  74.7266  43.8624  14.8565  385.649 -1013.83  26.7692
-36.1123 -36.1123  36.1123  31.0607  14.8013  288.397 -744.131  82.1456
     -10      -10       10  4.92367 -16.9233  305.157 -626.959  4.88086
 1.82737  1.25519       10 -5.16105 -20.9196  308.705 -620.041  32.8938
 6.14034       10       10 -8.58683      -33  309.814 -606.782  8.79058
 4.72382       10       10 -4.34827 -33.0373  312.078 -607.262  13.1411
  2.11636   10.7206   15.1843 -0.503331   -35.218   305.611  -605.964   21.1531
 1.15734  4.48953   21.212  1.03592 -30.0005  298.651 -602.689  -10.986
 0.58408 -3.42658  30.0274 0.444295 -21.9199  266.763  -559.55   23.098
  1.42746  -4.72307   37.5547 -0.139903  -16.5061   237.142   -526.37  -94.8675
  9.0615 -1.10874  37.5764 -2.04216 -25.4133  258.534 -579.697  32.5962
 35.6567  8.36839  35.6567 -21.4515 -37.2837  284.224 -638.028 -14.3365
 44.9283  20.2489  44.9283 -26.1222 -47.6141  273.744 -671.161  49.2148
 55.6106   34.468  55.6106 -35.4753  -64.114  265.578 -693.016 0.404054
 59.1047  44.8047  59.1047 -32.7974 -68.6876  260.907 -720.441  59.2546
 61.3668  47.1293  61.3668 -35.2371 -77.0246   262.89  -713.36 -5.28697
 36.4763  8.75026  36.4763  8.14194 -20.8365   288.97 -743.574  73.9076
-4.78423 -79.1441  79.1441  18.8487  46.9516  114.667 -498.062 -25.3869
-15.4543 -35.6658  35.6658  33.0203  37.4831  37.4831 -270.023 -5.52494
     -10  2.46871       10 -63.3965 -39.1348  196.813
