-58.7904  61.6003  61.6003  67.8853 -67.8853  67.8853 -481.927  136.681
-85.0757  85.0757  85.0757  62.9937 -145.018  184.272 -610.763  29.2055
-32.4687  7.57124  64.2911  30.9758 -23.2069  258.667 -769.826  59.7236
-11.6566  29.9155  29.9155  16.2563 -61.8721  290.469 -689.751  21.7768
-0.51672  11.6976  11.6976  12.4962 -34.4052  311.043 -672.739  46.5107
 2.45554       10       10  10.5853  -35.598  310.608 -651.322  26.5854
 4.23873       10       10  11.1844 -33.9294  311.079 -648.735  25.6674
 5.86634       10       10   11.851 -34.2039  309.643 -642.638  33.2273
 7.61827       10       10  12.5327 -34.3777  308.959  -639.17  1.84677
 9.09182      -10       10  13.4404  -13.135  286.851 -600.739  38.8434
      10      -10       10  14.2764 -8.99909  261.767 -558.827 -73.1721
      10      -10       10  15.6371 -12.1584  286.323 -587.545  42.2682
 12.1298 -12.1298  12.1298  14.7797 -12.2121  306.872 -615.363 -20.6656
 27.1077 -27.1077  27.1077  -1.8514  6.14098  290.563 -621.562  38.9896
 41.1294 -41.1294  41.1294 -18.1273   16.374  276.209 -621.073 -36.1227
 52.0318 -52.0318  52.0318  -30.689  34.3851  265.115  -618.77  35.9073
 57.0704 -57.0704  57.0704 -38.5601  27.5121  253.344 -583.649 -78.7203
  44.159  -44.159   44.159 -22.8527  28.3056  277.185 -565.672  41.9538
 10.9897 -10.9897  10.9897  27.8072 -55.7464  462.286 -716.613 -173.017
 13.5517  23.8218  23.8218  26.3816 -42.5971  475.427 -755.735  1.82617
 45.4652  45.4652  45.4652 -131.117 -84.0034  156.128
