 -45.901  68.5987  68.5987  58.7453 -74.0069  74.0069 -507.217  145.974
-100.448  100.448  100.448  87.8921 -160.913  160.913 -624.426  31.3872
-31.7943  20.6754  74.0402  42.0601 -35.8489   252.55 -791.191  64.0464
-5.48307  38.1974  38.1974  23.1875 -71.0898  282.441  -713.04  23.6366
 16.7054  16.7054  16.7054  8.87829 -40.1036  303.748 -687.988  50.7199
      10       10       10  17.6078  -36.282  308.986 -662.184  28.3292
      10       10       10  19.7705 -34.3555  310.289 -660.134   28.499
 9.93582       10       10  21.7973 -34.4986  309.014 -653.077  34.9827
      10       10       10  23.7292 -34.5393  307.803 -646.787  3.35094
      10      -10       10  24.7874 -13.3929  286.555 -606.912  38.9904
      10      -10       10  24.4119 -9.27378  267.793  -566.38 -73.7863
     10     -10      10 27.7835 -12.187 286.226 -594.07 42.5032
 10.6912 -10.6912  10.6912  29.5947 -13.7698  307.219 -619.856 -23.8365
 26.9256 -26.9256  26.9256  11.4946  5.93432  289.711 -628.187  41.4513
 43.2862 -43.2862  43.2862 -7.80057  17.8369  274.169 -630.063 -40.5285
 57.0818 -57.0818  57.0818 -24.2058  38.8373  259.734 -628.265  38.8027
 65.7461 -65.7461  65.7461 -37.2713  35.0392  241.235 -589.779 -87.5546
  56.603  -56.603   56.603 -26.8273  39.5886  258.764  -566.21  45.8003
  25.772  -25.772   25.772   28.416 -42.2989  452.034 -733.703 -186.259
 16.3859  16.3859  16.3859  43.3483 -35.3639  471.284 -727.742  12.3672
 59.1607  59.1607  59.1607 -144.846 -97.4872  144.846
