 10.0867  10.0867  10.0867  12.8326 -12.8326  12.8326 -198.833  110.657
-63.1761  63.1761  63.1761  36.8507 -121.167  121.167 -386.632  12.3809
-30.9807  14.3902  69.2248  9.49909 -30.8225  245.667 -729.757  44.4312
      -10        10        10 -0.719139  -44.4389   322.515  -653.024   15.9356
     -10      -10       10  3.09598 -15.8567  310.977 -636.603  40.0381
-5.41298       10       10  0.17196 -39.4013  308.654 -625.353  21.5547
 3.57642       10       10 -6.46806 -37.7308  311.405 -630.072  22.9545
      10       10       10 -9.76285 -37.2459  309.514 -629.455  32.1503
      10       10       10 -6.79771 -35.4804  307.552 -628.935   3.4592
      10      -10       10 -2.59162 -10.2299  288.553 -603.186  42.2629
       10       -10        10 -0.801365  -4.95698       273  -574.106  -60.8991
       10       -10        10 -0.240536  -8.98671   290.139  -594.396   49.4525
  17.127  -17.127   17.127 -9.35195 -8.75731  301.749 -616.382  -26.722
  44.234  -44.234   44.234  -42.418  21.1999  274.409 -631.046   49.112
 69.3851 -69.3851  69.3851  -72.045  39.9077  250.338 -645.131 -56.6805
 97.3545 -97.3545  97.3545 -108.415  76.7355  220.844 -647.515  54.1502
 114.207 -114.207  114.207 -126.589  79.8622  189.303 -628.574 -118.606
 112.603 -112.603  112.603 -132.357  94.6461  209.091 -605.556  78.4204
 113.887  113.887  113.887 -120.423  -189.34  416.185 -945.688  -243.94
 41.7406  207.606  207.606 -75.7821 -230.368  419.267 -1142.89  18.3329
 48.4129  48.4129  48.4129 -145.749 -82.0642  145.749
