-49.1173 -49.1173  49.1173   49.463  29.5287  414.045 -935.106  130.968
-56.2252 -56.2252  56.2252  61.4274 -9.82214  366.616  -884.49   24.284
-19.2533 -30.1117  30.1117  39.5787  8.81315  295.682 -716.567  73.6534
      10      -10       10  10.7505 -17.0268   306.16 -631.339  3.22001
      10      -10       10   14.497 -8.72413  310.513 -636.444  35.3692
      10       10       10   16.366 -31.4645  310.795 -628.101  9.69105
      10       10       10  20.4565 -31.4013  310.298 -630.621  18.5342
      10       10       10  23.6114 -33.2982  308.772 -627.158    25.37
      10       10       10  26.8463 -35.1828  307.422 -625.134  -1.4976
      10       10       10  27.6933 -36.7704  285.084  -585.19  32.5539
      10       10       10  28.0408 -33.7594   263.39 -545.349 -80.3174
      10       10       10  33.7928 -36.9369  285.536  -586.38  37.5901
      10       10       10  39.9015 -36.8307  306.157 -625.034 -12.9433
      10       10       10  43.4939 -33.7008  304.541   -625.8  40.5951
      10       10       10  45.1145 -35.5596  304.421 -615.825 -9.58368
      10       10       10  48.8151 -29.8842  302.301 -616.756  39.5327
 14.5859  14.5859  14.5859  42.2067 -40.5265  301.477 -597.504 -30.5631
      10      -10       10  56.6178 -1.02697  308.605 -625.844   38.713
  10.041  -10.041   10.041   36.455 -27.1459   267.81 -452.209 -81.4541
 6.36773 -43.8718  43.8718  8.60681  36.4436  64.3934 -244.038  -24.824
5.63501 13.6721 13.6721  -73.22 -58.362 200.968
