 24.3457  24.3457  24.3457 -4.11709 -25.8737  25.8737 -246.735  131.279
-76.7115  76.7115  76.7115  70.8463 -135.179  135.179 -455.459  13.7448
-42.7556  23.4308  70.7413  55.8252 -39.5158   236.72 -711.095   49.117
-41.262  41.262  41.262 66.4492 -79.015  279.12 -705.88 19.5443
      10       10       10  23.8433 -37.8542  314.277 -676.828  49.7398
      10       10       10  24.2342 -40.4116  307.946 -655.406   27.069
      10       10       10  25.5219 -38.0042  308.995  -653.21  27.3359
      10       10       10  26.9518 -37.1263  308.203 -648.705   33.331
      10      -10       10  28.8321 -15.5303  306.322 -644.489  3.53729
      10      -10       10  29.0378 -10.3338  286.765 -611.001  39.2055
      10      -10       10   28.746  -4.8804   266.85 -575.594 -65.9481
      10      -10       10  30.9182 -8.73897  285.139 -597.829   45.017
      10      -10       10  33.4872 -14.8654  305.813 -622.159 -27.0755
  37.9943  -37.9943   37.9943 -0.136655   15.1515   279.278  -643.201   47.3815
 67.2398 -67.2398  67.2398 -33.8903  37.6012      250 -665.934 -52.1559
 98.5338 -98.5338  98.5338 -74.1603  76.3912  217.434 -672.967  52.5062
 117.962 -117.962  117.962 -96.8229  82.2628  183.957 -660.666 -108.414
 119.477 -119.477  119.477 -103.289  98.6762  200.956  -643.06  75.8794
 90.0396  90.0396  90.0396 -35.0091 -159.921  437.643 -942.174 -223.089
 39.4602  167.508  167.508 -1.50901   -184.8  425.241 -1074.19  4.57358
 57.7149  57.7149  57.7149 -136.667 -90.6962  136.667
