 -9.4909  23.8332  23.8332  25.5732 -33.6324  185.864 -514.593  133.054
-34.3446  34.3446  34.3446  37.1543 -94.8048  272.097 -602.438  21.9553
-10.4282 -11.8914  42.6189   27.113  -3.7743  283.681 -724.112  57.8546
-18.8148  18.8148  18.8148  39.5526 -48.0619  304.216  -665.98  10.7926
 13.1941  13.1941  13.1941   12.392 -33.7975  306.722 -660.085  41.8686
 10.1289  10.1289  10.1289  17.3098 -33.5969  307.453 -643.449  19.8642
      10       10       10  20.1944 -32.3558  308.843 -646.444  23.3026
      10       10       10  22.2724 -33.2517  308.854 -644.066  29.7909
      10       10       10  24.4339 -34.4288  308.608 -642.227  1.07001
      10 -5.80956       10  25.1456 -20.0817  288.034 -604.104  35.5119
      10      -10       10  24.5876 -12.9172  269.797 -564.869 -72.8472
      10      -10       10  28.5624 -14.9693  286.871  -596.36  40.9947
      10      -10       10  31.4649 -14.3766  307.604 -623.974 -19.3829
 13.6786 -13.6786  13.6786  28.7877 -6.62236  303.453 -623.687  42.1175
  21.424  -21.424   21.424  19.6639 -1.72935  296.166 -617.757 -29.3594
 28.6633 -28.6633  28.6633  11.5083  12.1798  286.308 -611.225  39.8443
  34.085  -34.085   34.085  1.76752  7.21616  272.624 -571.289  -65.306
 24.6802 -24.6802  24.6802  15.4381  12.5091  293.946  -570.88  45.2329
      10      -10       10  39.1882 -47.7095  422.982 -657.468 -146.155
      10       10       10  36.6453 -25.2966  378.066 -589.746  7.73961
 26.9058  26.9058  26.9058 -96.8473 -70.1304  186.428
