 -103.78  -103.78   103.78  100.561  82.0687  411.892 -1079.88  111.448
-87.1092 -87.1092  87.1092  95.9711  20.1167  348.502  -977.58  7.21039
-33.4786 -33.4786  33.4786  56.9967  9.61368  296.862 -733.466   79.385
      10      -10       10  12.4238 -18.7264   308.29 -631.163 -7.00722
      10      -10       10  14.9577 -9.87176  309.848 -627.797  33.4462
      10       10       10  15.9428 -32.4822   308.04 -616.593  3.93528
      10       10       10  18.8517 -32.2309  308.736 -618.677  14.9086
      10       10       10  20.8344 -33.5996  308.546 -614.659  20.0443
      10       10       10  22.4343 -35.1648  307.395 -607.502 -7.10688
      10       10       10  21.0298 -36.3111  286.556 -558.984  25.5471
  10.968  -10.968   10.968  20.0544   -12.45  262.715 -518.281 -86.0671
      10       10       10  26.9823 -37.2574  285.675 -566.843  34.0752
 13.8973  13.8973  13.8973  29.9028 -42.0961  302.543 -627.332  -11.752
 24.0443  24.0443  24.0443   22.924 -49.8481  293.258 -659.884  47.0429
 37.7163  37.7163  37.7163   9.0893 -65.3981  281.673 -682.735 -1.27232
 45.6081  45.6081  45.6081  4.15936 -67.6488  269.065 -703.174  51.6899
 50.3685  50.3685  50.3685  -3.8028 -77.8831   265.19 -682.737 -13.2986
      10      -10       10  56.6228 -2.34531  309.644 -688.867  57.4321
-10.7196 -41.7509  41.7509   43.601  7.05994  197.398 -482.578 -41.7122
-15.8678 -36.5869  36.5869  32.3586  32.3586  32.3586 -241.512 -7.89353
-15.2351  9.38126  15.2351 -48.1812 -54.1539  202.015
