-45.4223 -45.4223  45.4223  -25.409  21.4432  430.566 -901.755  86.6102
-29.0817 -29.0817  29.0817 -27.7419 -33.4154  437.194 -917.497  2.83459
-16.2608 -42.3846  46.3989  -10.361  21.5466  264.615 -748.148  73.3986
     -10      -10       10 -17.5046 -18.7788  313.032 -627.645 -1.53627
     -10      -10       10 -14.0968 -11.0317  309.404 -614.314   30.282
     -10       10       10 -13.2012 -33.8203  309.296 -599.251  7.46765
-8.82902       10       10 -11.2492 -33.5159  308.911 -597.753  13.0403
-8.59014       10       10 -9.30542 -34.7752  307.669 -588.936  21.6748
-4.64019  10.0945  10.0945 -11.6943 -36.1797   308.05 -580.267  -9.3027
  11.958  18.8423  18.8423 -28.0828 -45.2555  279.599 -547.724  25.7519
 56.8638 -18.1243  56.8638 -77.2078 -3.34132  217.842 -556.568 -92.4902
 72.3927 -9.43086  72.3927 -92.1336 -17.4302  225.547 -634.285  33.6358
 82.3819  4.86429  82.3819 -99.5385 -33.7962  238.642 -705.368 -16.0376
 91.4668  19.0927  91.4668 -104.325 -46.4596  228.381 -738.102  48.1077
   100.1  37.1149    100.1 -112.369 -67.1062  221.375  -751.99 -3.00683
 99.7623  48.9493  99.7623 -105.509 -73.0973  219.991 -771.717  57.6544
 96.4111  40.6184  96.4111  -102.97 -69.7698  227.031 -747.736 -11.0277
 34.4146 -57.3328  57.3328 -17.8904  48.0937  260.657 -753.651  79.1273
-45.2834  -106.73   106.73  40.3466  79.4589  79.4589 -534.487 -19.8627
-36.5646 -50.5131  50.5131  52.4015  52.4015  52.4015  -376.88  28.8931
     -10      -10       10 -60.5959 -28.2143  176.726
