 -25.8913  -25.8913   25.8913  -50.2158 -0.731446   425.972  -843.911   93.4953
-25.8061 -25.8061  25.8061 -46.7696 -33.1928  442.331 -873.749 -10.9641
-12.1369 -29.8477  57.2417 -24.5502  10.5401  239.545 -764.136  65.3684
     -10      -10       10 -25.3302 -17.6925  319.861 -638.188 -5.99929
     -10      -10       10 -19.9005 -10.3333  308.111 -613.292  29.0078
     -10 -3.99222       10  -17.546 -18.4102  307.603 -598.042  6.29969
     -10  5.01344       10 -14.1295 -27.2622  309.043 -598.322  11.4571
     -10  4.29599       10 -10.7568 -27.6674  308.441 -593.527  22.5198
     -10       10       10 -7.91376 -34.7026  309.036 -588.945 -10.0042
-7.06484       10       10  -6.6851 -35.2453  285.785 -544.329  30.5747
0.387953 -2.68873  11.3382 -8.71306 -18.8588  256.454   -505.9 -90.9278
      10       10       10 -16.5484 -37.0455  286.837  -551.33  39.1314
 16.2945  13.3967  16.2945 -20.4466 -42.2701  305.099 -609.667 -14.6081
 22.6932  21.3181  22.6932 -22.6312 -48.5822  298.418 -633.235  48.0326
 30.5628  30.5628  30.5628 -29.4033 -60.1799  293.124 -644.192 -3.90248
 30.8373  30.8373  30.8373 -23.1721 -54.5698  289.386 -658.959  53.6964
 28.9433  28.5663  28.9433 -20.7929 -57.5745  293.953 -637.578 -11.5672
  12.024  -12.024   12.024  12.8059  2.60213  315.202 -680.464  66.5806
-81.8209 -81.8209  81.8209  80.7958  55.0652  121.386 -496.929 -34.5134
-36.5108 -49.1251  49.1251  53.2278  53.2278  53.2278 -375.292  27.7563
     -10      -10       10 -47.1466 -28.5809  153.088
