-6.54789  20.8683  20.8683  11.2408 -30.8583  87.5718 -350.834  112.579
-26.7291  26.7291  26.7291 -9.73391 -83.9366  250.339 -490.238  10.2546
-15.7316 -24.8518  36.1249 -10.0979   8.7644  285.451 -682.687  45.5178
-9.38738       10       10 -12.2223 -40.4497  316.593  -628.84  6.60381
-3.77392       10       10 -13.4575 -32.0965  312.117 -630.538  35.9631
-1.93376  7.73261       10 -13.3806 -32.7631  309.361 -618.421  17.2096
-0.933387   6.79391        10  -11.7663  -30.6494   310.315  -621.097    19.808
0.0370946   6.08934        10  -9.81508  -30.0899   309.494  -621.938   30.4285
 1.14524  5.51345       10 -7.85281 -29.6455  308.642  -624.02 0.241754
 3.84416      -10       10 -5.46923 -12.5377  286.052 -593.098  40.8583
 7.99602      -10       10 -4.63306 -8.33212  260.438 -559.584 -71.5802
      10      -10       10 -8.49397  -11.465  287.169 -587.403  46.3877
 11.4881 -11.4881  11.4881  -11.677 -12.7358  310.137 -613.095 -20.2762
 26.4642 -26.4642  26.4642 -29.0056  5.70334  293.935 -618.393  43.8182
 40.3938 -40.3938  40.3938 -45.6457  15.3913  279.326 -617.294 -34.7328
 52.3154 -52.3154  52.3154 -59.7347  34.7817  263.803 -612.467  42.6857
 56.6096 -56.6096  56.6096 -65.8915   27.246  249.271 -574.927 -76.0882
 43.6372 -43.6372  43.6372 -52.4405  29.5641  282.175 -569.882  51.7278
 13.0112  39.8146  39.8146 -25.0779 -106.557  433.399 -752.218 -179.169
-9.30606  85.6661  85.6661  -13.447 -103.603  413.707 -830.554  13.0443
      10       10       10 -93.8654  -51.285  197.878
