-71.3534 -71.3534  71.3534  56.7906  50.2754  419.484 -990.328  112.945
-63.7643 -63.7643  63.7643  59.5018 -3.27529  372.499 -923.825   6.5046
-30.7796 -30.7796  30.7796  42.5301  6.95427  296.369 -712.888  74.0157
     -10      -10       10  21.6289 -18.4119   308.74 -624.429 -5.38349
     10     -10      10 4.31979 -9.7141 312.563 -625.71 32.1292
 9.71682       10       10  5.78453 -32.1389  310.318  -613.29  5.93645
      10       10       10  8.63977 -31.7617  309.599 -613.906  14.3792
      10       10       10  10.8899 -33.1948  309.032 -610.203   21.372
      10       10       10  13.1636 -34.7175  308.066 -606.667 -6.70329
      10       10       10  13.1665 -35.6929  285.769 -560.785  27.8361
      10      -10       10  15.2554 -12.9241  258.526 -521.405 -84.1208
  12.4694 -0.316288   12.4694   16.2873  -26.5962   282.589  -570.109   35.3104
 13.9461  13.9461  13.9461  20.4818 -41.7086  304.465 -623.377 -11.0819
 20.6199  20.6199  20.6199   16.923 -46.0937  297.978 -644.025  43.6987
 29.6185  29.6185  29.6185  8.22119 -57.0095  289.234 -653.906  -2.6743
 32.9295  32.9295  32.9295  8.85157 -54.7593  282.022 -666.589  46.5428
 34.3977  34.3977  34.3977  6.09176 -61.7631  283.056 -649.649 -13.0494
 12.6852  12.6852  12.6852  43.5437 -24.0169  311.113 -680.422  51.1698
-6.05415 -45.7715  45.7715  33.3991  10.5174  201.609  -497.39 -40.2954
-19.8219 -50.0972  50.0972  34.4756  45.6661  45.6661 -290.357 -13.5095
-8.37102  10.1028  10.1028 -58.2379 -55.8963  203.869
