-50.7176 -50.7176  50.7176   32.822   29.606  423.804 -924.682  105.045
-46.4047 -46.4047  46.4047  36.4793  -20.342  387.381 -877.358 -2.93673
-28.6767 -33.4626  33.4626  34.0056  9.41036  289.709 -705.673  69.0117
      10      -10       10 -3.72377 -18.7196  309.924  -621.99 -7.38725
      10      -10       10   -1.135 -10.0522  314.055 -623.821  29.7583
      10      -10       10 0.545635  -11.838   311.38 -611.724  5.46047
 11.5679  11.5679  11.5679   1.5246 -32.9864  307.971  -613.93   13.221
  10.913   10.913   10.913  4.90134 -33.8684  307.508  -611.13  22.4394
      10       10       10  8.43368 -34.5981  308.253 -608.973 -6.64791
      10       10       10  9.19038 -36.1609  285.921 -566.405  30.3782
 12.8022 -9.80297  12.8022  7.89982  -13.315  256.992 -530.411 -83.8719
 10.3816  10.3816  10.3816  14.4394 -37.6771  286.534 -575.515  38.6119
 12.3873  12.3873  12.3873  17.2554 -40.1764  309.335 -628.306 -12.1293
  20.234   20.234   20.234  11.6884 -45.4743  299.894 -646.059  45.6852
 30.0673  30.0673  30.0673  1.23105 -57.1928  289.433 -652.275 -5.84227
 35.2336  35.2336  35.2336 -1.19007 -56.5767  280.127 -662.848  47.5674
 38.4068  38.4068  38.4068 -6.72919 -65.1884  277.157 -641.589 -20.9328
      10      -10       10  38.5655 -1.42588  317.001 -666.783  55.6156
 -6.1652  -47.661   47.661  27.5327  14.0425  201.839 -498.047 -51.5049
-19.4934   -53.73    53.73  33.4658  49.1913  49.1913 -319.118 0.805357
     -10  5.56859       10 -53.8955 -53.0108  200.196
