     -10       10       10  28.4295 -20.5866  28.4295 -216.388  105.537
     -10       10       10 -26.7675 -65.7371  233.314 -385.683  1.30093
 -9.6633 -23.6882  34.4904 -24.6081  8.90624  280.728 -646.993  38.6598
     -10 0.483136       10 -19.4717 -32.0516  313.977 -610.396  4.48715
     -10  2.38593       10  -15.763 -25.3268  311.871 -614.858  31.6961
-9.87571  1.50326       10 -12.7935 -28.6859  306.662 -602.764  14.5134
-8.33528  2.95979       10 -11.3898 -28.8992  308.707 -610.162  18.4675
 -6.3131  2.48911       10 -9.59071 -28.6205  308.656 -616.898  27.2604
-4.48055       10       10 -7.72603 -35.4842  308.484 -624.037   3.5814
 1.51765      -10       10 -7.22513 -11.7601  288.473 -602.381  40.8489
      10      -10       10 -11.9697 -6.80857  270.379 -574.169 -57.3492
      10      -10       10 -12.9148 -10.2204  288.949 -594.419  49.3107
 12.4053 -12.4053  12.4053  -18.261 -12.1246  307.744 -613.023 -20.2309
 33.1398 -33.1398  33.1398 -43.8975  11.8359  287.428 -621.568  47.3117
 58.9442 -58.9442  58.9442 -74.4428  32.6293  260.001 -632.806 -46.0474
 82.6272 -82.6272  82.6272 -104.737  64.7559  232.236 -630.913  47.9253
 91.0345 -91.0345  91.0345 -114.367  59.4203  213.998 -602.726 -100.553
 75.8187 -75.8187  75.8187 -103.872  58.6622  255.314 -584.814   63.247
 14.9031  84.7795  84.7795  -45.539 -160.231  408.277 -838.081 -216.556
-38.6425   174.67   174.67 -21.9182 -200.351  400.388 -1019.56  16.5253
      10       10       10 -103.895 -46.7888  194.818
