     -10      -10       10 -54.9755 -13.5102  357.781 -650.335  87.5935
     -10      -10       10 -72.5658 -51.0666  441.058 -702.466 -47.4568
-11.0699  -21.143  61.4786  -38.748 0.005247  230.459 -688.728  45.5986
     -10      -10       10 -34.9959 -19.0808  320.042 -602.178 -21.6449
     -10      -10       10 -28.5289 -10.3756  308.799 -593.592   25.703
     -10      -10       10 -24.8411 -11.5254   306.93 -590.689  2.15467
     -10       10       10 -21.0897 -31.0289    308.3 -600.449  13.1746
     -10       10       10 -17.0195 -32.1984  307.138 -604.899  23.8418
     -10       10       10 -13.8589 -33.7514  309.319  -610.92 -4.04517
-2.00981  3.87212       10 -15.9457 -29.7259  286.044 -578.779  36.9128
      10  5.95035       10 -20.3681 -29.3534  254.532 -544.339 -78.4303
      10       10       10 -22.8111 -37.4081  287.114 -577.621  43.1605
      10       10       10 -22.8163 -37.2632  311.985 -608.095 -12.3551
 12.1422  12.1422  12.1422 -22.6092 -36.8533  308.663 -606.656  42.7782
 15.3988  15.3988  15.3988 -25.5034 -41.8974  306.191 -599.385 -10.6236
 12.3849  12.3849  12.3849 -17.9256 -33.2021  306.923 -596.024  40.8922
      10       10       10 -15.5318  -36.366  309.596 -570.123 -25.1232
      10      -10       10 -6.60465 0.764496  315.632 -617.027  46.9997
-33.0273 -55.2023  55.2023  20.0617  22.3738  212.544 -512.996 -57.5034
-41.1797 -68.6215  68.6215  41.4366  66.3237  100.777 -455.682  35.9323
     -10      -10       10  -45.278 -36.9107  147.138
