-0.60535      -10       10  16.7589 -0.47838  246.137 -571.209  129.129
 -13.426   13.426   13.426  17.5725 -76.7618  320.544 -622.718  21.7781
  5.09678  -16.5798   39.4886   9.16216 -0.175045   286.231  -715.286   58.3544
  17.8966   17.8966   17.8966 -0.268373  -46.7746     303.8  -657.894   8.50651
 11.0633  11.0633  11.0633  11.7531 -30.5802  310.257  -653.52  39.6179
      10       10       10    14.45 -32.2903  308.611 -639.371  18.1811
      10       10       10  17.1842 -31.0732  309.587 -641.293  21.6354
      10       10       10  19.4432 -32.2142  309.078 -638.683  29.5091
      10       10       10  22.0107 -33.7183  308.621 -638.558 0.101238
      10  -2.2021       10  23.0541 -23.4464  285.982 -599.207  36.3634
      10      -10       10  24.3345 -13.4187  258.791 -558.428 -75.0355
      10      -10       10  26.5877 -15.2474  285.126 -590.845  39.3345
      10      -10       10  29.7354 -14.4744  307.505 -621.321 -16.9925
      10      -10       10  31.3939 -10.6182   307.17  -615.25  38.7251
 12.4772 -12.4772  12.4772  28.9244 -10.3374  304.703 -604.477 -21.9742
 16.8862 -16.8862  16.8862  25.2213 0.506448  297.923 -600.285  35.5387
 19.6372 -19.6372  19.6372  19.2921 -5.52553   289.39 -563.918 -50.0894
       10       -10        10   35.0823 -0.275375   308.474  -571.248   37.0575
      10      -10       10  35.8179 -42.7489  395.203 -624.008 -119.761
      10       10       10  30.9525 -24.6493  338.408 -530.816 -8.77934
 22.9757  22.9757  22.9757 -93.9484 -67.3737  189.898
