     -10      -10       10 -63.4741 -12.6724  343.042  -626.92  86.1552
     -10      -10       10 -89.5005 -51.4561  445.194 -691.487 -54.4262
 -9.4604 -12.0652  67.1944 -52.3772 -9.86445  220.293 -673.316  43.7838
     -10      -10       10 -46.7226 -19.0703  318.226 -586.944 -26.2182
     -10      -10       10 -39.9826 -10.5776  306.676 -578.396   26.387
     -10 -6.38931       10 -36.7705 -15.4356  305.772 -576.008 -2.09507
      -10 -0.260411        10  -33.0114  -20.4952   306.786  -584.753   13.4651
     -10  2.33851       10 -29.3679 -24.3235  306.131 -588.246  19.2536
     -10  6.35462       10 -26.2861  -30.079  307.664 -594.019 -3.72265
-2.55409  6.00199       10 -27.4266 -32.4403  285.734  -563.67  32.5727
      10  2.84682       10 -31.3236 -27.4093  255.846 -532.415 -74.8518
      10       10       10 -34.4079 -37.9021  287.112 -568.036  40.0116
 13.5115  13.5115  13.5115 -38.7639 -40.7491  306.496 -606.371 -10.2079
 16.8079  16.8079  16.8079 -39.7045  -41.347  302.557 -610.107  41.9114
 19.6931  19.6931  19.6931 -41.8333 -45.9489   300.34  -605.72 -6.54191
 16.4574  16.4574  16.4574 -34.1703 -37.1949  302.627  -603.72  41.5783
 11.9147  7.88394  11.9147 -28.9106 -34.4172  306.371 -576.168 -17.7634
-5.27509      -10       10 -3.25994 0.394479  316.367  -619.52  46.8408
-37.9344 -61.5012  61.5012  12.8706  25.5014  212.791 -532.596  -41.623
-42.5189  -75.229   75.229  32.3806  72.2641  112.096 -476.542  27.6174
     -10      -10       10 -46.0752 -39.2586  135.859
