     -10      -10       10 -29.3297 -8.15828  230.779 -520.912  109.029
-15.6088 -15.6088  15.6088 -68.1254 -40.8918  390.038 -585.583 -40.8903
-10.4379 -15.3098  63.7045 -44.8957 -4.15606  223.582 -661.109  29.0322
     -10      -10       10 -39.9199 -17.8305  324.275 -595.617 -20.8176
     -10      -10       10  -31.217 -9.82994  305.475 -584.975  20.2721
     -10      -10       10 -27.8449 -10.9169  308.299 -591.221  3.70788
     -10 -1.71614       10 -23.1833 -18.6027  308.247   -602.2  11.9633
-9.21012  6.98583       10  -19.266 -28.5866   307.35 -611.738  25.6239
 -7.1777       10       10 -17.2355  -34.021  308.998  -622.21  -1.6878
-3.81791       10       10 -13.9449 -37.8053  290.729 -604.758  42.8338
 1.42568       10       10 -13.0415 -36.1157  272.756 -586.438 -75.5074
      10       10       10 -22.2944 -38.1728  291.711 -601.835  49.3196
      10  8.72589       10 -23.2177 -34.3819  310.718 -613.739 -13.1718
 8.20467 0.102174       10 -19.5655 -21.7661  309.666 -601.341  43.7158
      10      -10       10 -21.0075 -13.0119  311.529 -584.883 -18.4735
      10      -10       10 -18.4771 -7.56997  310.291 -578.367   40.128
-5.57289      -10       10 -3.61115 -14.2727  307.368 -547.008 -44.1521
-9.40193      -10       10  4.69611  1.09352  312.038 -563.683  43.7585
     -10      -10       10 -3.77869 -31.3982  326.574 -507.389 -104.527
-7.29636      -10       10  4.07686 0.804018  273.433 -467.635  35.5928
     -10      -10       10 -42.2052 -37.1224  142.209
