-169.274 -169.274  169.274  168.666  148.783  423.074 -1321.43  145.885
-158.502 -158.502  158.502   174.44  98.2131      303 -1181.78   52.632
-75.3149 -75.3149  75.3149  105.189  58.6556  251.415  -823.04  102.725
      10      -10       10  23.7491 -14.2787  307.291 -655.083  5.08576
      10      -10       10  24.3653 -8.33565  309.524 -636.565  35.6056
      10      -10       10  24.9637 -12.9618  307.276 -616.696  4.52871
      10       10       10  27.3545 -34.0009   308.42 -613.389  11.1252
      10       10       10  29.7788 -36.1175  308.269 -607.052  16.8511
      10       10       10  31.3525 -37.3105  307.068 -594.107 -11.9761
      10       10       10  28.9949 -36.5292  285.804 -537.566  19.0832
      10       10       10  27.2937 -30.9456  271.578 -492.127 -95.2831
      10       10       10  37.8017  -37.478  283.852 -553.219  31.9614
 14.8926  14.8926  14.8926  43.4843 -45.1598  300.045 -631.854 -11.7733
 31.7725  31.7725  31.7725  30.8981 -59.9747  283.844 -686.061  53.4313
 52.0727  52.0727  52.0727  10.5153 -82.4444  264.507 -723.137  2.38409
 66.7964  66.7964  66.7964 -1.15028  -90.847   243.61 -761.813  62.5481
 78.7374  78.7374  78.7374 -16.5461 -108.693  234.462 -757.588 -7.44654
      10      -10       10  83.4561 -4.89792  310.908 -760.432  75.7956
 7.05772 -49.6753  49.6753  31.3831  16.0637  120.461 -442.112 -25.7162
 9.50943 -6.20554       10       10       10       10 -167.741 -25.9651
-60.3024 -25.3154  60.3024 -17.4375  3.84237  149.094
