-10.0597 -10.0597  10.0597 -34.9578 -10.4186  373.466 -709.976  97.2404
     -10      -10       10 -38.0471 -55.3367  402.155 -739.763 -2.18628
-38.9737 -25.5828  38.9737  9.46991  3.50294  281.669   -685.3   60.271
     -10  -3.2292       10 -15.8235  -25.146  311.799 -610.072 -5.27526
-7.55304       10       10 -14.5344 -29.5433  310.158 -609.471  32.8158
-3.80912       10       10 -15.9847 -31.4876  307.982 -599.915  8.49175
-1.72429       10       10 -15.1243  -30.543  308.964 -602.182  16.2179
-0.0548069    1.73771         10   -14.3163   -23.3665    309.769   -601.115    23.7224
 1.43821       10       10 -13.3363 -33.4472  308.882 -598.842 -4.63706
  5.37059 -0.222281   10.2069   -13.586  -25.3492   286.302  -560.108   31.5963
      10      -10       10 -12.0076  -13.589  256.416 -522.362 -79.7738
   13.566 -0.623935    13.566  -17.4308  -25.9944   282.993  -564.585    36.657
 14.0322  4.46469  14.0322 -16.1787 -30.8541  306.556  -605.11 -12.7947
 15.5684  5.01776  15.5684 -14.6756 -28.5225  305.157 -610.173  40.2639
 16.9185  10.3761  16.9185 -14.8176  -35.809  305.247 -607.272 -7.32123
 12.9821  12.1914  12.9821 -5.55195  -31.843  306.787 -607.842  41.1505
 12.8713  12.8713  12.8713 -6.61394 -38.9941  304.501 -581.503 -19.7386
      10 -3.81597       10  5.95858 -5.72599  315.058 -623.577  45.5692
-1.97511 -26.8931  26.8931  2.77813 -12.9574  267.459 -513.949 -57.2287
-4.38393 -42.9071  42.9071  7.39721  35.6169  148.091 -391.745 -4.09787
     -10       10       10 -73.1775 -57.9356  193.919
