     -10      -10       10 -29.9762 -8.45698  223.845 -517.856  102.778
     -10      -10       10 -77.7392 -46.6828  406.812 -606.743 -37.1371
-8.83372 -13.9074  66.3227 -49.3138 -6.36587   222.96 -680.667  34.8002
     -10      -10       10 -40.7835 -17.6149  318.679 -600.742 -18.8167
     -10      -10       10 -33.5139 -9.82509  307.026 -595.379  26.2036
     -10  -3.8339       10 -29.5329 -17.3338  305.713 -594.225  3.75402
     -10  1.86259       10 -25.4313 -22.1459  307.734 -604.731  14.5678
 -9.2405  5.65325       10 -21.8468 -27.3198  307.162 -610.372   24.071
-7.14269       10       10 -20.5061 -33.7455  309.857 -617.989 -1.60272
-2.92954  7.82795       10 -17.9982 -35.1615   287.08 -587.679  37.2433
0.085003 0.627123       10 -14.4973 -26.0729  261.594 -552.057 -71.3112
0.978356  4.97653       10 -16.5249 -32.7214  288.118 -583.282  43.9441
 3.69751  6.02812       10 -19.7379 -31.5284  311.603 -609.155 -13.4437
      10  1.35111       10 -23.5582  -23.069  309.691 -598.928  42.6775
      10 -3.01906       10 -22.6277 -20.0731  310.355  -584.12 -17.3116
      10 -9.14212       10 -19.8284 -8.23377  308.799 -577.397  40.0329
      10      -10       10 -20.1968 -14.5765  305.779 -547.931 -40.3846
      10      -10       10   -15.34 0.660276  315.348 -575.409  44.4193
-6.29483      -10       10 -8.28423 -33.5756  331.422  -522.46 -92.8651
 -2.8201      -10       10 -1.37086 0.892854  289.268 -495.941    26.63
     -10      -10       10  -43.003 -37.8765  138.982
