 -11.042  -11.042   11.042 -22.0654 -6.47055   312.09 -631.997  99.4565
-10.1924 -10.1924  10.1924 -36.4907 -53.2308  383.767 -692.548  1.09851
 -10.708 -25.3906  38.7555 -18.3012   4.3686  281.477 -682.786  55.4764
 -7.4795  8.74035       10  -17.122  -37.216   309.33 -608.398 -2.31962
-4.80979       10       10 -16.0487 -29.4272  309.937 -613.277   32.138
-4.53735  8.59164       10 -14.3702 -29.8939  309.488 -605.597  10.8545
 -4.5114       10       10 -11.5452 -30.2776  310.991 -609.143  16.2386
-2.94208  3.99181       10 -10.3049 -25.3425  310.187 -607.458  26.1315
-0.580829   3.48206        10  -10.0287  -26.7684   310.095  -607.398  -4.01451
 3.04041 -2.62262       10  -9.5511 -22.8066  285.608 -567.232   34.332
 7.73346 -7.54887  11.1023 -8.37144 -15.7014   253.58 -530.353 -80.8244
 7.76042 -4.06219       10 -9.65628 -22.0511  285.954  -566.05  39.1959
 9.71039 0.814575       10 -10.8601 -26.4745  310.622 -601.278 -14.3267
       10 0.0302206        10  -8.35115  -22.2202    310.06  -600.318   41.1419
 11.7982   1.8968  11.7982 -9.36202 -25.9946  308.998 -594.633 -11.5327
      10  1.52635       10  -3.5355  -19.625  310.979 -597.646  40.8001
      10  1.80859       10 -4.49097 -27.1618  309.524  -573.73 -28.1508
      10 -1.88328       10  2.50059 -7.70017  314.019 -604.207  44.7843
  1.2801 -11.4578  11.4578 0.983063 -32.6513  309.176 -527.037 -73.7769
-0.0544149    -11.255    12.3711    5.82689    1.40906    248.772   -443.268   -4.52232
 2.29114       10       10   -83.76 -58.1595   194.49
