 -11.768  -11.768   11.768 -21.5822 -5.72814  305.571 -620.827  98.9624
     -10      -10       10 -39.8947 -52.9376  393.394 -696.777 -5.56217
-13.3152 -25.0025  39.9176 -17.4861  3.84719  281.334 -683.022   53.184
     -10  2.52157       10 -15.8452 -31.1407  309.426  -604.85 -3.61889
-5.00969  6.73178       10 -16.7587 -26.3059  308.447 -609.048  31.3391
-3.41348  5.79585       10 -16.4575 -27.2141  308.756 -603.102  9.61448
-0.767197   10.2863   10.2863  -16.4839  -30.7721   310.827  -608.518   15.2887
      10  5.07031       10 -24.1917 -26.7748   310.21 -607.857  25.1711
0.931692  7.35547  10.3751  -12.818 -30.9079  310.404 -608.617 -4.13452
 1.79946  1.11585  10.0674 -9.27976 -26.7877  286.552 -570.223  34.1781
 6.40192 -10.7382  10.7382 -8.91277 -12.5096  258.517  -532.98 -78.8743
 7.47981 -1.08136  12.2799  -10.848 -25.4499  283.392  -569.86  40.5677
 8.94536  3.56741  11.4559  -11.623 -29.4227  307.945 -601.631 -14.7008
 12.5729   2.9729  12.5729  -12.613   -25.53  306.476 -603.575  42.7395
 14.3224  4.60888  14.3224 -13.7895 -29.1839  307.001 -599.772 -13.2977
 12.7126  4.02011  12.7126 -8.42392 -22.1701   309.89 -604.049  42.8294
 13.5151   1.7466  13.5151 -10.4105 -27.2333  306.333  -578.65 -32.9276
      10 -6.46197       10 0.477672 -2.78109   310.62 -597.355   50.041
-0.754655  -22.5666   22.5666 -0.851581  -20.4898   286.342  -522.842  -79.8804
-4.90619  -13.275  25.8537  6.92025  3.91109  235.087 -462.498  6.31739
-6.56591       10       10 -73.4464 -58.6432  195.147
