     -10      -10       10 -26.0591 -6.28434  200.058 -460.158  101.566
-11.4394 -11.4394  11.4394 -77.4477 -45.9778  392.615 -561.324 -41.7927
 -10.238 -13.9111  65.8316 -50.3081 -5.38864  223.092 -664.167  33.0064
     -10      -10       10 -44.2529  -18.845  319.622 -589.408 -23.3175
     -10      -10       10  -37.524  -10.305  307.976 -585.851  25.0919
     -10      -10       10 -33.9224 -11.7274  305.873 -584.122  1.91663
     -10 -3.09679       10 -30.1948 -17.6787  307.679 -597.181  12.5839
     -10  2.03175       10 -26.1746 -23.9662  307.882 -607.889   25.403
     -10       10       10  -22.252 -33.7319   309.76 -622.928 -2.20251
-8.45494       10       10 -15.8973 -35.9673  285.458 -599.893  42.0681
-2.97741  3.28841       10 -10.5167 -26.7545  248.738 -569.525 -73.1239
-4.69429   5.0038       10 -15.3455 -30.9278  286.151 -592.728  46.6734
-0.404022   3.66194        10  -22.4853   -28.341   310.785  -609.902  -13.7465
      10      -10       10 -31.7166 -11.0408  309.444 -593.421  40.9036
      10      -10       10 -31.3559 -13.0805  310.069 -577.839 -16.3846
      10      -10       10  -29.604 -7.75374  310.143 -571.192  34.9666
      10      -10       10 -29.5249 -15.2536  303.524 -539.117 -37.1679
-0.347006       -10        10  -15.6528 -0.429174   311.535  -560.764   34.8588
     -10      -10       10  -17.523 -37.7512  354.401 -550.411 -86.1773
     -10       10       10 -6.99695 -20.6986  336.788 -568.514  23.6565
     -10      -10       10 -44.7397 -37.3908  140.575
