-98.7935 -98.7935  98.7935  80.3569  76.8739  411.809 -1076.38  128.456
-78.3949 -78.3949  78.3949  76.2907  14.2172  358.576 -966.905  26.6669
-31.2725 -31.2725  31.2725  46.5485  9.75197  300.036 -733.098  79.6261
     -10      -10       10  24.8784  -16.955  307.081 -629.585 0.516657
    4.37      -10       10  13.4927   -9.163  309.717 -627.872  34.1278
      10       10       10  9.57398  -32.201  309.415 -618.445  8.64686
      10       10       10  13.1268 -32.1976  310.055 -620.009  15.8198
      10       10       10  15.9429 -33.5586  309.195 -615.746   23.146
      10       10       10  18.6255 -35.0283  307.709 -610.432 -6.00653
      10       10       10   18.695 -35.5147  285.438 -563.502   28.637
      10 -4.59124       10  20.2789 -17.8524  259.223 -522.335 -85.9504
      10       10       10  25.3416  -36.427  284.492 -567.514  35.1081
      10       10       10  32.4942 -37.7878  307.333 -618.122 -12.2336
 14.1951  14.1951  14.1951  32.5098 -39.7442  302.644 -635.267  43.9227
 23.7378  23.7378  23.7378  23.7086 -51.3582  294.733 -646.973 -3.50424
 28.5349  28.5349  28.5349  23.5164 -50.5844   287.93 -666.909  46.2974
 31.9348  31.9348  31.9348  18.2004 -59.8015  285.832 -645.197 -15.9491
     -10      -10       10  74.5008 -2.47721  303.044 -653.366  47.7453
-7.35173 -12.8791  12.8791  47.1458 -22.9873  242.619 -443.983 -55.1755
 -16.865 -32.2479  32.2479  29.5479  29.5479  29.5479 -193.035 -25.4025
-12.5239  12.5239  12.5239  -57.362 -53.5276  205.237
