 21.9683 -21.9683  21.9683 -10.3567  5.79581  333.032 -709.831  112.972
 19.9976 -19.9976  19.9976 -8.25491 -45.0518  353.558 -719.403  11.2736
 29.3914 -29.3914  29.3914 -8.78454  9.07738  298.785 -702.572  60.6775
       10 -0.207572        10   12.2372  -28.0078   310.835  -637.089   1.26681
      10       10       10  15.4853 -28.9548  310.704 -640.537  34.7557
      10       10       10  17.1691 -31.2535  308.391 -631.926  13.1496
      10       10       10  19.8252 -30.3737   308.87 -633.908  18.8931
      10       10       10  22.0161 -31.8529  307.892 -631.857  26.4099
      10       10       10  23.8291 -34.1106  307.372 -628.655 -1.80286
      10  2.40442       10  23.9054 -29.6467  288.395 -591.731  33.5281
      10 -6.00003       10  24.2565 -19.4603  268.299 -556.558 -78.8512
      10 -2.40919       10  27.7527 -24.9729  288.083  -588.87  38.2149
      10  3.04785       10  31.7105 -28.5972  306.935 -621.094  -15.218
      10  4.36689       10  34.3136 -26.0369  306.468 -622.558  40.5151
      10  5.14453       10  34.9803 -28.5542  306.799 -612.794 -15.5948
      10  3.55989       10  37.6495 -21.2367  305.729 -613.627   41.109
      10  -2.7832       10  35.7137 -22.4527   303.77 -584.565 -36.0777
       10       -10        10   42.1276 -0.386741   307.572  -612.353   46.0532
      10      -10       10  31.8406 -34.3082  327.425  -546.28 -87.5726
  2.66314       -10        10   28.4144  -1.51001   213.574  -377.263 0.0248625
 12.3825  12.3825  12.3825 -74.6921 -61.7101   205.41
