 10.0714  32.9498  32.9498 -5.80607 -41.9929  134.733 -496.791  132.978
-5.80501   49.031   49.031 -21.2449 -108.697  260.206 -634.044  34.0048
 9.33805 -8.48631  52.4408 -20.1279  -8.0969  270.725 -748.787  55.5602
 27.7361  27.7361  27.7361 -33.9952 -56.9035  291.645 -679.642  20.0997
 16.0162  16.0162  16.0162 -16.1692 -36.2767  306.433 -669.544  41.3576
 10.1987  10.1987  10.1987 -7.59991 -33.0485  309.506 -643.739   25.642
      10       10       10 -4.94513  -31.733  310.104 -638.816  22.7981
      10       10       10   -2.254 -32.7238  309.301  -634.15  32.9219
       10        10        10 0.0112799  -34.3923   309.498  -629.338 -0.204144
      10 -8.64498       10  2.64702 -17.6643  291.179 -593.675  38.1753
      10      -10       10  4.19838 -13.5992  276.679 -562.416  -80.399
      10      -10       10  6.87424 -15.6528  291.199 -584.481  42.7007
 10.6136 -10.6136  10.6136  8.13593 -14.1128  310.156  -609.56 -21.1254
 17.0223 -17.0223  17.0223  2.89411 -3.22546  301.844 -609.999  42.0002
 24.4367 -24.4367  24.4367 -5.17972  1.50236  293.682 -602.659 -31.6833
 28.1575 -28.1575  28.1575 -7.41913  12.4664  289.093  -599.75  42.2105
 28.0844 -28.0844  28.0844 -9.00295  2.46224  285.378 -564.028 -67.7805
 13.6239 -13.6239  13.6239  10.6583  2.49025  306.072 -550.248  49.8835
      10      -10       10  16.4214 -45.8459  410.025 -643.183 -155.947
      10       10       10  15.8775 -27.3275  404.164 -608.596  3.22952
 30.6527  30.6527  30.6527 -115.405 -73.5354  173.506
