 5.57767  10.6584  10.6584  14.8476 -14.8476  14.8476 -192.038  117.297
-67.3185  67.3185  67.3185  41.9503 -126.376  126.376 -382.592  11.6064
-26.2725 -25.2472  31.5786  14.8381  10.6079  297.559 -666.822  31.7352
     -10       10       10  6.92151 -45.7635  313.577 -623.821  13.8202
     -10       10       10  10.3659 -36.7298  309.245 -627.553  33.4362
     -10       10       10  12.2913   -39.77  309.973 -624.881  22.7028
 -5.6748       10       10   10.191 -37.8072  312.597 -631.338  18.7692
      10       10       10 -2.79705 -36.7957  311.222 -632.574  34.4883
 5.24257      -10       10  4.99459 -15.4746  307.587 -630.497 0.244507
      10 -5.26524       10  3.46966 -14.9351  290.191 -609.708  44.9164
      10      -10       10  4.60071 -4.79176  280.241  -590.34 -67.5283
      10      -10       10  6.05413 -9.31628  290.876 -603.433  53.5904
 10.7559 -10.7559  10.7559  4.74282 -15.7918  308.668  -617.52 -30.4128
  43.862  -43.862   43.862 -34.9409  20.2005  273.819 -642.581  56.4965
 72.7024 -72.7024  72.7024  -68.914  42.4636   245.71 -662.711 -57.7084
 100.188 -100.188  100.188 -104.772   79.087  220.542 -672.828  66.6424
 112.088 -112.088  112.088 -117.098  77.9512   197.33  -655.67 -121.587
 114.229 -100.155  114.229 -129.258  83.3868  202.413 -609.716   92.387
 117.292  117.292  117.292 -120.598 -190.528  398.718 -918.133  -265.04
 3.62566  200.475  200.475 -30.9204 -223.562  414.544 -1115.58  31.9892
      10       10       10 -90.4271 -47.1601  208.483
