-101.335 -101.335  101.335  62.5252  79.2605  444.819 -1139.98  120.363
-85.3188 -85.3188  85.3188  69.6913  25.3078  368.627 -1043.78  36.8188
-32.9003 -32.9003  32.9003  40.4418  12.8977   296.44 -765.041  92.7287
     -10      -10       10  14.7961 -15.9505  310.856 -643.967  5.25134
      10      -10       10 -3.64141 -8.96633  309.981 -625.901  35.2089
      10      -10       10 -2.70857 -12.6535  307.922 -606.317  7.41516
 11.8414  11.8414  11.8414 -2.79815 -35.4412  307.467  -604.93  11.6536
 12.5755  12.5755  12.5755 -1.38995 -37.5492  307.639 -600.521  19.7161
 11.0619  11.0619  11.0619  2.17936 -37.1559  308.468 -587.117 -12.6279
  13.2207   13.2207   13.2207 -0.397598  -38.5166   284.549  -537.821   23.1939
  38.293 -18.4627   38.293 -28.5258 -2.20585  234.055  -524.94 -98.2239
 42.9215  -19.927  42.9215 -27.3605 -6.46522  251.576 -587.199  33.1016
 24.5315  24.5315  24.5315  2.58063 -53.8815  295.756 -632.461 -13.1404
 34.3868  34.3868  34.3868 -1.90249 -62.1627  286.541 -674.343  52.1361
 59.6825  31.8053  59.6825 -28.5919 -62.3448  262.419 -713.024  2.64988
 62.1473  62.1473  62.1473 -24.8911 -86.3527  254.861 -736.779  59.9637
 72.4167  72.4167  72.4167 -39.0937 -102.903  242.952 -720.536 -4.26528
 11.7768 -11.7768  11.7768  51.7922 -1.01265  324.855 -749.554  70.9986
-7.81142 -105.317  105.317  20.4823   74.301   74.301 -507.537 -22.4385
-6.51954 -24.3611  24.3611  27.5464  27.5464  27.5464 -238.542 -16.0483
-10.3242  8.88916  10.3242 -60.2289 -41.8174  202.393
