-65.6742 -65.6742  65.6742   49.238  46.1181  379.838 -930.644  125.039
-49.0721 -49.0721  49.0721  41.8243  -15.559  365.932 -858.947  23.1465
-30.6271 -30.6271  30.6271  39.0687  9.38365  297.954 -716.161  69.7922
-9.63802 -8.79226       10  19.5981 -18.5526  309.295 -632.522  3.30885
 4.52627       10       10  8.61152 -29.1021  310.899 -632.737  34.0148
      10       10       10  5.47732 -31.5105   309.25 -622.789   12.195
      10       10       10  8.92524 -31.1335  309.572 -623.587  17.2593
      10       10       10  11.9001 -32.4614  308.969 -620.991  25.5726
      10       10       10  14.5963 -34.2054  308.338 -617.247 -3.78517
      10  5.28968       10  15.5572 -31.0532   285.51 -572.927  31.5027
      10 -2.77301       10  17.0538 -20.3428  257.277 -527.277 -81.8938
        10 -0.0745047         10    21.4295   -26.4777    285.024   -572.509    36.3969
      10  7.14898       10  26.8532 -33.7568  308.273 -615.758 -13.2759
      10       10       10   31.083 -33.9111  307.478 -621.835  41.0344
      10       10       10  33.2294 -35.9595  308.693 -616.823 -8.24557
      10       10       10  37.7109 -30.2717  305.957 -621.972  42.8729
      10       10       10  36.6379 -36.5654  306.598 -595.679 -25.2377
      10       10       10  44.5366 -20.6452  306.343 -624.083  42.2286
  7.6266      -10       10  29.9321 -28.7842  280.075 -472.649 -74.8095
 1.04839 -26.2753  26.2753  17.9528  20.3059  106.296 -268.442 -23.6116
 1.78746  10.5824  10.5824 -72.2475  -55.266   205.01
