 3.58867  17.8813  17.8813   19.408  -19.408   19.408 -264.367  131.247
-79.5501  79.5501  79.5501  48.7894 -138.571  138.571 -472.146  16.9304
-34.2903  -1.9516  53.8776  18.4116 -12.9224    269.2 -719.333  42.0925
-13.9948  13.9948  13.9948   8.8736 -48.6644  307.844 -649.575   16.863
     -10       10       10  9.30924 -35.5278  311.204  -649.18   41.464
     -10       10       10  11.3819 -38.7116  310.083 -639.706  24.0761
     -10       10       10  13.8375 -36.8609  312.499 -642.394   24.614
-4.09099       10       10  11.0439  -36.217  309.449 -638.489  34.6082
       10        10        10 -0.137123  -35.0532    307.87  -636.862   3.62391
 5.97935      -10       10  7.60646 -10.1845  287.627 -606.899  43.8282
      10      -10       10  5.35986 -4.72987  269.863 -573.942 -67.3104
      10      -10       10  6.48603 -9.34777  288.584 -596.541  50.2198
  10.521  -10.521   10.521  5.57817 -15.6727  309.111 -612.663 -27.1677
 38.1334 -38.1334  38.1334 -27.0645  15.0547  279.848 -629.605    49.72
 62.3304 -62.3304  62.3304 -55.6938  33.0886  257.197 -641.934 -53.7043
  85.302  -85.302   85.302 -85.3599  65.7394  235.757 -644.452  52.2207
 96.2643 -96.2643  96.2643  -97.836  63.1128  211.794 -616.985  -117.04
 88.5562 -88.5562  88.5562 -96.0709  73.2015  225.718 -563.143  70.3081
 67.8393  67.8393  67.8393   -56.63 -140.757  446.642  -844.04 -249.131
 20.0956  136.782  136.782  -23.099 -156.436  473.322 -1030.09  25.9167
 32.2206  32.2206  32.2206 -120.763 -66.1267  173.808
