     -10      -10       10  22.2942   1.8175  22.2942 -330.709  126.709
-12.7549 -12.7549  12.7549 -68.2201 -36.4707  313.893 -433.979 -15.7244
 -13.435 -11.1116  68.0617 -51.8144 -6.43132  216.494 -666.718  22.4832
     -10      -10       10 -48.7116 -20.6307  319.702 -599.845 -14.3868
     -10      -10       10 -40.6883 -13.5589   306.46  -595.13  25.0412
     -10      -10       10  -37.199 -15.7424  306.436 -591.952  5.21142
     -10      -10       10 -32.7155 -14.3821  307.988 -603.668  14.5208
     -10       10       10 -27.7673 -35.2004  306.744 -612.895  25.1668
     -10       10       10 -22.5854 -35.2107  307.173 -626.309  1.36438
     -10       10       10 -13.7482 -34.5216  284.621 -606.098  42.0177
     -10      -10       10 -4.17943 -9.95255  254.535 -572.817 -62.2827
      10      -10       10 -28.5002 -12.7988  285.596 -597.796  48.0118
      10      -10       10  -31.449 -13.9321  309.571 -612.972 -12.8358
 21.8947 -21.8947  21.8947 -44.7708  1.19633  296.681 -611.644   41.894
  32.815  -32.815   32.815 -57.5659   9.0422  285.611 -605.015 -25.2432
  34.873  -34.873   34.873 -60.0089  17.3608  284.351 -589.571  34.8132
 26.8034 -26.8034  26.8034 -51.6065 -2.33912  281.994 -526.841 -65.0048
      10      -10       10 -34.7327 -5.82162  311.746 -495.655   30.763
 -12.026   12.026   12.026 -26.5498 -81.6794  461.177  -676.36 -161.502
-22.4896  60.7837  60.7837 -25.7642  -78.183  499.803 -884.578   9.1508
      10      -10       10 -66.0227 -31.5596  133.629
