-12.6761 -12.6761  12.6761  19.6768  3.81683  30.8702  -332.98  117.901
-30.9788 -30.9788  30.9788 -67.7231 -19.9131   321.05 -513.365 -19.9911
-18.6897  -8.9967  71.5273 -51.5873 -8.58755  211.098 -688.086  28.5489
     -10      -10       10 -56.5186 -20.2329  318.862  -596.17 -14.2544
     -10      -10       10 -48.4449  -12.745  304.314 -587.156  26.1786
     -10      -10       10 -45.8237 -14.8297  304.636  -580.82  2.84841
     -10 -4.96686       10 -42.0658 -18.5771  306.037 -589.885  13.8828
     -10  2.03977       10  -37.736 -26.3181  305.347 -596.758    21.36
      -10    6.5163        10  -33.4901  -31.3515   306.419  -608.079 -0.279941
      -10 0.0969154        10  -24.3541  -25.3007   283.801  -586.255   36.5009
-3.01956      -10       10  -20.333 -11.6471  251.163 -552.354 -63.4218
-0.462953       -10        10  -28.6435  -13.9032   284.618  -582.161    42.048
      10      -10       10 -42.0122 -13.7193  307.913  -602.55 -10.7597
 14.4686 -14.4686  14.4686 -46.1382 -6.07332  303.507 -597.094    38.23
 23.3271 -23.3271  23.3271 -55.7093 0.424753  293.741 -592.791 -15.8268
 23.5631 -23.5631  23.5631 -55.2006  5.96427   294.97 -582.917  32.8347
 10.8329 -17.8577  17.8577 -41.6314 -10.1417  292.194 -533.938 -42.4325
      10      -10       10   -40.16 -5.65091   312.04 -529.259   30.481
-14.7257  21.1886  21.1886 -34.7666  -86.939  425.501  -681.17 -109.019
-28.3926  64.8652  64.8652 -35.8708  -84.065  469.245 -868.323 -5.54391
      10      -10       10 -65.6705 -33.7167  126.137
