-30.7411  35.0926  35.0926  38.2584 -43.7809  124.726 -455.224  123.297
-46.0871  46.0871  46.0871  29.0193 -106.201  249.814 -579.884  17.2066
 -18.593  -10.847  45.6516  16.9175 -5.07259    280.1 -717.727  52.6165
-5.10942  13.5904  13.5904  9.92325  -44.175  307.743 -646.964  12.3949
 1.53207       10       10  7.22254 -31.6802  310.146 -644.064  40.1575
 1.84964       10       10  8.43169 -34.5661  308.932 -634.377  20.1766
 3.60079       10       10  9.01524  -33.122  311.121 -637.206  21.8952
 5.43287       10       10  9.66876 -33.6463  310.803 -636.715  31.0524
 6.55701       10       10  10.8696 -34.2754  309.544 -634.154 0.532957
  8.4792 -4.66884       10   11.688 -19.0579  285.893 -597.603  38.9682
      10 -8.51011       10  11.8053 -11.5487  262.065 -557.911  -72.307
 10.3012 -10.3012  10.3012  12.7192 -12.5229  284.485 -587.165  43.2269
 10.8178 -10.8178  10.8178  12.8619 -13.7736   307.16 -612.351 -20.2677
 18.9087 -18.9087  18.9087  4.31065  -1.9294  300.042 -615.906  41.7246
 33.5137 -33.5137  33.5137 -12.9621  8.99087  286.346 -618.952 -33.1934
 46.3005 -46.3005  46.3005 -27.7521  28.7531  273.327 -621.886  39.3047
 53.5738 -53.5738  53.5738 -38.0023   25.132  257.415 -591.154 -71.9346
 44.2629 -44.2629  44.2629 -26.8074  30.1624  276.846 -579.434  47.0388
 23.4065  1.24645  23.4065  3.51915 -64.3786  426.077  -708.52 -156.114
 5.81901  61.3257  61.3257  13.0041 -77.8638  398.976 -749.604  9.64864
 26.0392  26.0392  26.0392  -105.15 -67.7445  184.377
