-46.4598 -46.4598  46.4598  3.78022  24.4805  425.328 -910.062  101.298
-36.7143 -36.7143  36.7143  4.97402 -28.3827  413.629 -895.893  4.13459
-30.8829 -37.8404  37.8404  19.7647  14.7443  284.216 -718.627  71.6632
       -10        -10         10 -0.0985853   -18.6337     310.96   -622.947   -3.02505
 1.57105      -10       10 -8.97553 -10.2671  311.509 -617.472  31.5865
 5.30404       10       10 -11.6272 -32.7423   309.64  -602.95  6.96048
 8.04963       10       10  -11.423 -32.2868  309.481 -602.308  13.6554
 10.3783  10.3783  10.3783 -11.6008 -33.9354  308.249 -597.367  21.6558
 11.5167  11.5167  11.5167 -11.0543 -36.4548  307.673 -594.559  -8.3348
 25.9248 -2.21812  25.9248 -26.5044 -23.3239  269.873 -567.443  27.1209
  38.776 -7.67514   38.776 -38.6972  -14.379  230.492 -544.167 -88.4885
 43.5708 -3.16044  43.5708 -41.3043 -23.6831   253.09  -601.37   34.794
 47.7435  6.65086  47.7435  -41.539 -34.9459  273.123 -659.774 -12.8652
 53.7766  16.3049  53.7766 -43.6311 -42.5898  266.857 -683.167  45.0712
 60.2445  30.7993  60.2445 -49.2913 -59.3753  261.334 -691.077 -1.76491
 58.5501  41.1411  58.5501 -41.4361 -63.8977  261.031 -705.647  51.1637
 39.2423  40.9839   65.861 -24.9178 -69.1432  254.981 -693.561   -10.58
 36.7618 -3.43179  36.7618 -3.64136 -7.21161  290.881 -723.046  61.5585
-13.1209  -89.404   89.404   18.537  57.2695  127.397  -528.85 -29.0463
 -32.944 -58.5319  58.5319  45.8314   57.082   57.082 -358.829 -1.51243
      -10 -0.785904        10  -62.8586  -42.6684   194.635
