-108.972 -108.972  108.972  41.4173  87.8449   417.66 -1146.08  112.744
 -74.312  -74.312   74.312  37.0643   22.948  395.223 -1094.52  57.6145
-40.1726 -40.1726  40.1726  32.7808  23.3044  281.682  -806.49  94.3117
      -10       -10        10 0.0724532  -13.4796   307.723  -653.563   17.4885
     -10      -10       10 0.937311 -8.78755  307.436 -626.988  32.6057
      10      -10       10 -19.2349 -12.4581  309.777  -603.86  12.0195
      10      -10       10 -16.6575 -13.8086  310.758 -597.138  9.20013
-16.9228  16.9228  16.9228  10.4374 -42.6012  302.078 -591.595  19.8854
-13.5747  13.5747  13.5747  9.54008 -40.4925  305.506 -573.089 -16.4645
 10.1507  10.1507  10.1507 -12.7644 -36.3807  287.882 -511.929  22.0868
 15.5596  21.7103  21.7103 -19.1115  -41.938  259.891 -487.226 -105.672
  56.722 -29.7509   56.722 -59.4347  2.85937  237.735 -585.715   32.024
 42.0907  42.0907  42.0907 -34.1625 -71.9814  281.598 -647.519 -16.6862
 83.2358  5.26031  83.2358 -74.3593 -34.2392  234.329 -731.061  52.9692
 100.247  32.5924  100.247 -90.6253 -63.9696  223.887 -772.083  3.28082
 101.465   55.916  101.465  -82.815  -81.716  219.669 -811.174  68.1414
 101.386  66.4467  101.386 -83.7761 -97.9311  223.825 -790.453  1.83595
 42.2487 -42.2487  42.2487  6.09911  29.3376  277.445 -796.909  96.1379
-7.23269 -94.9174  94.9174  20.1555  66.2806  66.2806 -516.256 -5.14427
 1.54658 -16.8367  16.8367  25.8268  25.8268  25.8268  -266.41  6.28874
     -10 -3.82238       10 -59.5149 -20.3788  189.669
