     -10      -10       10 -14.0364 -4.97834  160.236 -451.394  115.554
 -13.592  -13.592   13.592 -76.7038 -43.2475  388.017 -540.138 -40.6614
-6.78941 -13.5888  65.8195 -53.5173 -5.61891  221.291 -653.401  27.8283
     -10      -10       10 -44.1757 -18.2068  320.105  -580.39 -24.9847
     -10      -10       10  -36.064  -10.107  306.761 -581.456  23.3618
      -10       -10        10  -32.1669  -11.7495   306.782  -585.325 -0.198799
     -10 -5.25682       10 -27.6165 -15.2702  307.834 -599.347  14.5576
     -10  4.73387       10 -22.8301 -26.4833  307.049 -610.827  22.8624
     -10       10       10 -18.1848 -33.3282  308.804 -627.487  1.78775
-5.06172       10       10 -14.6989 -36.0061  285.231 -608.688   41.003
 0.70058  6.14992       10 -9.74893 -29.9347  247.495 -574.623 -65.9942
   1.99621 -0.0496957         10   -16.9787   -25.7667    286.464   -600.687    45.5845
      10      -10       10 -27.5731 -14.1278  311.149  -614.82 -9.48324
      10      -10       10 -26.6476 -10.8671  310.078  -596.66  37.6437
      10      -10       10 -26.4695  -12.703  310.366 -576.743 -15.2007
      10      -10       10 -24.3952 -6.98065  309.118 -567.319  29.6458
      10      -10       10 -25.4818 -14.7377  303.306 -527.826 -40.3468
      10      -10       10 -22.5598 0.334784  310.209 -540.613  24.7147
-3.76472      -10       10 -20.6051 -39.7297  374.992 -561.278 -105.117
-1.23939       10       10  -14.487 -22.4238  379.171 -604.528  9.23782
     -10      -10       10 -44.2018 -36.5715   139.29
