-24.5803  37.2817  37.2817  41.1501 -41.1501  41.1501 -335.956  131.265
-84.1753  84.1753  84.1753  66.5788 -141.989  141.989  -500.81  17.7903
-34.0589  16.1833    66.93  34.4793  -30.957  250.578 -731.756  47.3869
-21.1584  21.1584  21.1584  33.2353 -56.0695  301.445 -670.315  19.2184
     -10       10       10   27.619 -36.0115  310.105 -658.101  44.6095
-7.68059       10       10  26.5604 -39.1708  308.433 -646.179  25.6742
      10       10       10  11.0449 -37.0189  312.346 -651.606  25.2426
      10       10       10  13.2162 -36.3962  311.105 -648.381   33.945
 9.21325       10       10  16.0202   -35.17  308.824 -643.282  2.46623
      10      -10       10  17.0774 -11.2103  288.581 -609.847  40.8668
      10      -10       10  17.1816 -6.27023  271.593 -574.805 -68.6135
      10      -10       10  19.3497 -9.97822  286.707 -595.616  47.0123
 14.8055 -14.8055  14.8055  14.7877    -10.4  301.499   -620.2 -26.5744
 38.5891 -38.5891  38.5891 -13.0421  16.2643  278.148 -638.936  48.2702
  59.822  -59.822   59.822 -38.0821  31.7777  259.313 -650.906 -49.6428
  79.199  -79.199   79.199 -62.6187  59.4599  239.845 -652.414  50.7909
 87.5592 -87.5592  87.5592 -73.7817  54.7582  218.249  -616.57 -105.626
 77.1207 -77.1207  77.1207 -66.5014  60.0165  237.433  -572.75  67.8097
 55.7255  28.9908  55.7255 -21.4073 -100.473  456.128 -833.447 -224.623
 12.3757  101.362  101.362  14.1734 -119.527   467.45 -944.761  21.6058
 50.1824  50.1824  50.1824 -133.958 -84.7718  150.811
