-16.1599 -16.1599  16.1599 -29.2274 -5.08777  378.973 -754.081  107.529
-12.8865 -12.8865  12.8865 -32.7946 -50.8256  407.689 -774.707  10.4756
 -7.5229  -28.043  38.8657 -18.2361  6.78363  282.886 -703.895  62.5044
-3.74329      -10       10 -18.2427 -17.2965  311.166 -618.391 0.392776
-2.60522       10       10 -15.6962 -29.3496  310.216 -616.004  32.4989
-2.60874       10       10 -13.1578 -31.5146  309.041 -606.188  11.3336
-2.22862       10       10 -10.1136 -30.8841  309.728 -607.023  16.1878
-2.10259       10       10 -7.20014 -32.0342  309.097 -603.718   24.941
-0.891314   6.70321        10   -5.4264  -30.2623   308.855  -601.199  -4.81347
   1.32633 -0.0091892         10   -3.84982   -24.8985    284.711   -558.599    31.9866
 5.78411 -5.29641  10.0381 -2.92462 -16.9937  253.283 -515.412 -82.2464
      10 -4.11925       10 -6.47485 -21.8174  285.457 -560.005  37.5304
      10       10       10 -4.07856 -36.4964   311.15   -601.3 -13.0656
      10  5.09606       10 0.203493 -28.8855  310.728 -605.643  40.8412
 10.0697  10.0697  10.0697  1.75997 -36.0355  311.769 -598.065 -8.23681
      10       10       10  7.07387 -30.0619  309.496 -605.179  41.4289
 11.7601  11.7601  11.7601  4.17389 -38.4821  308.256 -584.355 -21.8162
      10      -10       10  16.3007 0.392228  310.725 -619.108  46.1524
-1.17657 -23.3963  23.3963  12.1922 -15.8809  260.445 -492.418 -64.6034
-5.10321 -30.1821  30.1821  16.9545   24.237  152.011 -363.657 -13.0491
     -10       10       10 -71.2473 -54.4267  194.629
