     -10      -10       10 -65.3637 -13.9113  379.341 -668.146  83.6287
     -10      -10       10 -80.2673 -52.4676  449.866 -717.251 -52.0989
 -6.9703 -17.9652  63.7192 -46.8044 -3.13882  225.197 -688.614  49.6247
     -10      -10       10 -39.8981 -19.6141  319.597 -596.158  -24.943
     -10      -10       10 -33.2686  -10.785  308.125 -587.168  27.4805
      -10       -10        10  -29.7343  -12.1932   306.788  -584.701 -0.415342
     -10       10       10 -26.0631 -31.5233  307.782 -593.001  13.7791
     -10       10       10 -22.2083 -32.5563  306.703 -595.989  21.1732
     -10       10       10 -19.2827 -33.6351  308.605 -599.834 -4.17888
     -10      -10       10 -12.6466 -14.9595  284.297  -566.86  34.1653
     -10       10       10 -3.81389 -33.0001  248.199 -529.945 -77.7133
 11.9564  11.9564  11.9564 -29.6752 -39.0258  283.712 -573.116  40.2562
 15.5294  15.5294  15.5294 -34.2976 -42.9892   305.95 -611.836 -10.1851
 17.5939  17.5939  17.5939 -33.5314 -42.7695  301.804 -611.426  40.4761
 18.4653  18.4653  18.4653 -33.4606 -45.5468  301.718 -601.364 -5.99521
  12.717   12.717   12.717 -22.2954 -34.2813  307.376 -599.957  38.6904
 10.3919  10.3919  10.3919 -19.7681  -37.639   310.26 -576.952  -16.046
 10.9884 -10.9884  10.9884 -10.4434  1.54373  313.616 -627.583    43.58
 63.9388 -63.9388  63.9388 -80.0819  30.5417  197.227 -529.434 -34.1493
  16.132 -83.4435  83.4435 -17.8718  82.4861  82.4861 -488.022  30.6061
     -10      -10       10 -45.7498 -36.8041  141.106
