-50.6961 -50.6961  50.6961  20.5776  28.9949  393.638  -892.93  115.301
-39.1409 -39.1409  39.1409  18.7381 -24.3366  387.315 -860.479  16.3664
-19.5625  -33.291   33.291   16.858  11.1901  291.216 -715.254  69.9672
-3.85259      -10       10  2.64395 -17.5309  309.851 -628.522  3.08119
 6.52164       10       10 -4.68747  -29.485  311.078 -627.451  32.8854
      10       10       10 -6.02719 -31.8347  309.504 -616.208  11.9521
      10       10       10 -2.75192 -31.4428  309.862 -616.332  16.0145
        10         10         10 -0.0838636   -32.8504    309.116   -611.681    24.6724
 9.92832       10       10  2.17939 -34.6779  308.792 -605.356 -6.13806
      10  3.23467       10  3.33907 -29.7853  287.646 -560.673  29.6206
      10 -6.10905       10  4.59807 -17.5094  269.591  -522.56 -84.8461
      10 -2.44374       10   9.5314 -25.1525  288.094  -563.89  37.2461
 10.3662  10.3662  10.3662  14.2969 -37.9499  309.714 -610.262 -15.4618
 14.3438   9.8273  14.3438  14.5041 -34.5681  305.365 -626.366  45.8616
 20.1127  18.1423  20.1127  9.90133 -44.8371  300.266 -630.767 -10.1172
  21.555   21.555   21.555  12.9929 -42.2368   295.76 -639.423  51.5024
 23.5074  23.5074  23.5074  9.89178 -50.2266  295.743 -620.745 -27.1196
      10       10       10   35.466 -20.4265  315.001 -646.274  59.1301
 8.82041 -32.1146  32.1146  14.1957 -2.95574  229.236 -475.817 -73.7611
 3.86627    -49.9     49.9  5.91964  45.3407  56.1616  -275.32 -4.62927
-9.84104  8.41065       10 -62.4199 -53.8268  200.846
