  85.056  -85.056   85.056 -90.8005   62.961  364.406 -941.175  100.854
 72.2307 -72.2307  72.2307 -64.8747   9.5731  314.398 -876.803  45.2251
 8.64986 -32.4256  32.4256  12.7749  9.90907  306.766  -755.57  66.0199
      10      -10       10  9.78174 -18.1576  319.495 -653.488  6.35683
      10      -10       10  11.4043 -10.0072  312.803 -633.186  28.3939
      10       10       10  11.7719 -32.4655  312.212 -619.578  9.59687
      10       10       10  13.8925 -32.0805   310.56  -613.76  11.4523
      10       10       10  15.3651 -33.2258   308.46 -604.237     19.6
      10       10       10  16.2551 -34.4967  307.225 -592.591 -8.93038
      10      -10       10  15.2385 -14.9697  288.485 -544.999  18.0303
 15.3687 -10.6862  15.3687  7.28278 -11.2244  234.351 -470.153 -85.9649
 11.8806 -2.92975  11.8806   18.959 -23.3591  284.483 -555.372  26.0384
 13.2196  13.2196  13.2196  25.1603 -40.8169  304.507 -618.181 -9.08644
 21.9403  21.9403  21.9403  20.6143 -47.7702   292.92 -650.442  44.0245
 33.1029  33.1029  33.1029  10.9687 -60.8878   288.09 -681.484  5.28193
 39.4139  39.4139  39.4139   9.5279  -62.426  278.009 -711.162  53.7186
  44.474   44.474   44.474  3.25705 -72.9141  271.686 -702.222  4.85684
 21.4863  21.4863  21.4863  43.7869 -35.3131  298.786 -743.383  66.1456
 25.2819 -25.2819  25.2819  22.7683 -12.7846  257.286 -596.289 -17.9906
-2.36223 -62.8378  62.8378  25.2303   58.587   58.587 -392.863 -26.8141
-12.7134  12.7134  12.7134 -52.7111 -54.9075  209.278
