-48.3712 -48.3712  48.3712    -46.8  22.9129  426.554 -910.355   70.627
 -32.332  -32.332   32.332 -51.8335 -27.7132  456.749  -971.56 -2.94914
-11.0406 -30.8476  59.4048 -25.8803  14.2111  228.359 -811.222  77.4028
      -10       -10        10  -32.4841  -19.1424    319.15  -650.578 -0.633099
     -10      -10       10 -27.5221 -11.5464  305.588 -614.844  29.9175
     -10       10       10 -27.9547 -34.3869  309.043 -592.281  4.67614
     -10      -10       10 -24.3857 -13.6527  307.788 -587.398   11.116
     -10       10       10 -22.0816 -35.6319   306.87 -578.762  19.8805
-20.7133  20.7133  20.7133 -11.8116 -47.4309  297.652 -589.267  -11.694
-52.0803  2.93056  52.0803  16.6793 -29.0802    242.4 -584.717  22.7288
 -65.616 0.105928   65.616  31.2328 -21.6634  212.476 -571.208 -94.7411
 79.2501 -1.74398  79.2501 -112.307 -25.9161  218.686 -648.789  32.6362
 103.143   9.5661  103.143 -136.742 -39.6702  215.509 -740.193 -15.5857
 117.637   23.884  117.637 -146.973 -52.5793  198.625 -785.898   46.778
    129.782     42.6392     129.782    -159.354    -73.9309     190.041    -806.477 -0.00427661
 129.794  47.5197  129.794  -151.47 -72.3877  190.254 -837.677  56.0012
 84.5558  20.0118   149.08 -111.687 -48.6857  172.288 -837.247 -4.44127
  92.703  -92.703   92.703 -88.2773   85.805  211.585 -827.685  84.7674
-84.3272 -106.296  106.296  78.6148  78.6148  78.6148 -582.868   16.107
-31.3979 -48.1386  48.1386  52.8544  52.8544  52.8544 -434.868  48.4107
     -10      -10       10 -46.5615 -22.8491  138.741
