      -10       -10        10   7.46463 -0.901124   82.6256  -385.489   123.251
-16.3434 -16.3434  16.3434  -63.244 -35.2925  333.551 -522.005 -15.8379
-24.6895 -16.3342  65.4675 -37.1721 -1.18261  234.525 -695.436   31.155
     -10      -10       10 -41.6914 -18.0666  315.064 -608.348 -11.3552
     -10  -7.3632       10 -34.8291 -13.1453  305.909 -605.396  26.9939
     -10 -1.47539       10 -31.0563 -21.7519  304.776 -601.289  8.22081
     -10  5.38043       10 -27.3247 -27.6633  308.136  -611.81   14.992
     -10    7.374       10 -22.8508 -30.6923  307.757 -617.156  26.3925
      -10        10        10  -18.7867  -34.8388   309.255  -624.975 -0.396484
     -10  1.62569       10  -11.195 -28.0891  287.304 -598.234  40.6459
-6.67483      -10       10 -8.56138  -13.673  265.827 -564.552 -66.6205
-1.31866 -10.1792  10.1792 -14.8516 -15.2965  288.428 -590.669  47.1835
      10      -10       10 -27.7926 -14.5835  310.814 -608.078 -17.2027
 12.5415 -12.5415  12.5415 -29.0926 -7.53562  306.613 -597.728  44.7974
  12.192  -12.192   12.192 -28.4788 -10.4628  308.797 -580.461 -27.6308
 18.3194 -18.3194  18.3194 -34.1949  2.63539  300.826 -574.319  40.7902
 18.4677 -18.4677  18.4677 -35.4242 -6.97339  291.938 -528.905 -63.2926
      10      -10       10  -24.656 -0.59528  310.992 -523.671  43.3718
 1.35089       10       10 -27.4468 -67.0812  417.197 -621.532 -148.674
-7.02756  38.4217  38.4217 -21.5526 -53.1823  419.457 -710.487  15.7473
      10      -10       10 -70.7219 -34.2369  149.093
