-148.839 -148.839  148.839  144.499  127.052  399.686 -1210.13  128.108
-123.968 -123.968  123.968   136.58  59.8146   322.05 -1083.84  29.0279
-49.8704 -49.8704  49.8704  77.6396  28.6343  281.084 -779.761  90.2524
     -10      -10       10  37.7783 -17.0443   307.76 -641.168 -1.41233
   5.687      -10       10  23.5934  -9.2414   308.99 -628.701  32.4829
      10      -10       10  20.2933 -12.6901  307.853 -614.419   3.8267
      10       10       10   22.923 -32.8272  308.809 -614.665  11.6507
      10       10       10  25.3111 -34.5346  308.572 -610.495  18.7723
      10       10       10  27.1593 -35.9375  307.274 -601.935 -10.1266
      10       10       10  25.5103 -36.2018  286.017  -550.67     23.9
      10       10       10  25.0834 -32.1864   265.63 -509.595 -92.1233
      10       10       10  32.7454   -37.32  284.386 -561.852  33.9187
 12.4364  12.4364  12.4364   39.023  -41.626   302.95 -626.677 -11.7203
 24.5433  24.5433  24.5433  30.8076 -51.6379  291.157 -667.472  50.1569
 40.1391  40.1391  40.1391  15.5864 -69.1898  277.682 -697.257   1.8711
 49.1942  49.1942  49.1942  10.4863 -72.5236   264.84 -727.822  57.4325
 56.1286  56.1286  56.1286  1.35278 -84.9079   260.19 -718.517 -7.05658
 30.4353  30.4353  30.4353  44.3445 -42.7496   286.84 -745.825  62.7739
 3.16906 -49.0988  49.0988  34.7036  15.7105  164.568 -480.766 -32.8643
0.275626 -18.4711  18.4711  17.8745  17.8745  17.8745 -185.852 -15.5755
-32.5996 -4.33157  32.5996 -35.9467 -31.1225  182.606
