 -16.1602  -16.1602   16.1602 -0.278389   1.23953   274.155  -613.416   112.546
     -10 -1.27472       10 -17.8278  -59.964   355.31 -666.329   16.665
-11.0411 -27.7347  35.4152 -3.80497  8.66866  290.431 -706.671  59.1488
 -1.3045  14.6767  14.6767 -10.7241 -42.6641  306.976  -636.83  4.48117
 6.33272  10.1138  10.1138 -13.1397 -29.5172  309.885 -631.578  36.3478
 10.0165  10.0165  10.0165 -14.6148 -31.5759  308.984 -622.324  15.4747
 6.90417       10       10 -8.51213 -30.6918   311.09 -625.426  19.3467
 5.38166       10       10  -4.0288 -31.8193   310.63 -624.182  28.7364
 6.53564       10       10 -2.68331 -33.6298  310.909 -622.051 -2.20958
      10  4.27444       10  -3.1164 -30.0495   287.04 -580.514  35.6059
      10      -10       10 0.319228 -13.1482  259.752 -537.376 -79.7127
      10      -10       10  1.40672  -15.851  286.452 -573.022   40.083
      10 -1.51831       10  3.30313 -23.5079  310.053 -606.527 -16.8195
      10 -6.81211       10  6.27162 -14.5136  309.378  -604.97     41.2
 11.1153 -9.13391  11.1153  5.89197  -14.313  309.924 -596.158 -17.8138
 10.3625 -10.3625  10.3625  10.0419 -6.79257  309.229 -594.164  39.9097
 10.2327 -10.2327  10.2327  8.62101 -15.0401  304.423 -558.845 -42.4017
      10 -5.86822       10  14.2292 -3.73654  308.964 -577.851   43.107
 3.41569  1.83998       10  12.9122 -49.3966  349.335 -560.902 -108.634
 2.94042       10       10  15.0873 -20.7426  283.814 -472.816 -1.31597
 9.60294       10       10 -86.6409 -56.1961  200.817
