 12.7773  12.7773  12.7773 -11.7558 -21.8382   169.27 -487.585  78.7851
 23.1525  23.1525  23.1525  -61.387 -85.3541  282.128 -549.956  33.5219
 8.70268 -24.0401   36.086 -32.4505  8.37661  272.556 -666.395  36.9575
-3.05849  12.2886  12.2886 -18.2312 -42.4206   306.08 -621.219  15.2067
-6.23496       10       10 -10.3521 -31.6517  310.543   -630.8  30.6451
-7.63986       10       10 -7.13214 -34.8453  309.815 -621.063  20.3483
 -6.6469       10       10  -4.9945 -33.5633  311.023 -625.103  19.0767
-3.50236       10       10 -4.69096 -33.9583  308.313 -622.877  30.0062
 1.38327       10       10 -6.48525 -33.8894  308.951 -626.259  4.67325
      10      -10       10  -9.9506 -12.0939  284.703  -590.24  35.2074
      10      -10       10 -4.87013  -8.2124  237.472 -513.827 -57.7227
      10      -10       10 -6.74697 -11.4012  284.293 -579.524  39.1391
 12.5594 -12.5594  12.5594 -10.9088 -11.4003  308.409 -611.108 -14.4792
 27.7075 -27.7075  27.7075 -27.9827  6.75877  289.249 -612.203  38.8124
 18.3956 -43.5158  43.5158 -22.4444  19.2377  278.825 -619.305 -33.1947
 12.8695 -54.5984  54.5984 -18.7234  37.6282  262.337 -609.665  34.8359
  9.3049 -52.2972  52.2972 -17.2715  23.8338  272.097 -586.352 -79.4378
 5.26736 -33.2487  33.2487 -12.7978  20.9487   274.37 -507.292  30.4284
-1.85411  24.7588  24.7588 -8.13519 -94.1916  408.221 -643.435 -159.235
-7.74787  67.6345  67.6345 -6.66534  -85.045  465.973 -854.809 -24.0995
 11.3987  11.3987  11.3987 -96.7798 -49.0465  184.721
