     -10       10       10  29.2065 -19.9797  236.162 -547.347  124.325
-21.5089  21.5089  21.5089   29.362 -84.6064  307.072 -619.134  17.4796
-4.05835 -19.4678   35.857  23.3699  2.28039  291.898 -711.024  57.0082
 5.67695  14.1121  14.1121  16.8342 -43.4919  306.635 -649.194  6.87416
      10       10       10    16.75 -30.1129  309.369 -648.274  39.3611
      10       10       10  17.9993 -32.5748  307.651  -638.76  17.2624
      10       10       10  20.5868 -31.3901  310.033 -644.579  21.0403
      10       10       10  22.6221 -32.3297  309.928 -643.805  29.3831
       10        10        10   24.5268  -33.8502   309.446  -642.124 -0.711134
      10 -6.52761       10  25.0535 -19.1564  286.155 -601.808  36.1758
      10      -10       10  25.1759 -12.9558  261.026  -560.45 -76.1059
      10      -10       10   27.838 -15.2573  284.247 -592.678  40.0515
      10      -10       10  30.5603 -14.5326  306.308 -621.923 -17.7708
      10      -10       10  32.2193 -10.5366   306.26 -618.946  40.2723
 13.8631 -13.8631  13.8631  27.7825 -9.12257  304.452 -612.088 -22.1789
 18.3687 -18.3687  18.3687  23.7956  1.87098  299.118 -611.438  37.1666
 23.5139 -23.5139  23.5139  14.2788 -2.54729  286.015 -572.231  -51.271
 14.2223 -14.2223  14.2223   28.525  3.41216  302.632 -574.214  40.3317
      10      -10       10  35.4384 -43.9464  404.871 -638.699  -122.77
      10   6.6119       10  31.7384 -20.9032  347.305 -555.413  4.85092
 19.0644  19.0644  19.0644 -82.3445 -65.4178  197.422
