 56.6104  56.6104  56.6104 -44.6892 -60.0817  60.0817 -430.956  98.5685
 86.4107  86.4107  86.4107 -102.233 -155.425  155.425 -531.112  30.7625
  91.205  35.0561   91.205 -96.4217 -56.8767  207.257 -718.848  37.3825
 42.0472  42.0472  42.0472 -31.8534 -81.2764  274.686 -693.139  28.5574
 12.1845  12.1845  12.1845  5.85404 -40.9067  311.793 -665.497  42.3636
      10       10       10  10.5846 -40.1635  308.886 -649.383  31.5477
      10       10       10  12.3551 -37.2905  312.127 -651.365  26.4402
      10       10       10  15.2375 -36.1115  307.847 -647.143  36.3531
      10       10       10  17.2455 -34.0856  307.482 -644.813  8.59927
      10      -10       10  18.9994 -8.07429  283.399 -606.634  38.4356
      10      -10       10  17.9613 -2.21905  238.737 -525.847 -53.8341
      10      -10       10  20.5852 -7.07158  281.989 -587.327  43.0915
 12.4464 -12.4464  12.4464  19.3675 -12.6862  307.673 -619.583 -25.0848
 43.9054 -43.9054  43.9054 -18.7743  20.4424  270.737 -631.403  47.3058
 75.3691 -75.3691  75.3691 -55.7269  44.8136  243.359 -655.792 -62.7945
 110.821 -110.821  110.821 -101.005  89.9511  210.172 -670.212  53.6574
 156.607 -135.709  156.607 -154.703  99.9505  154.703 -689.666 -136.824
 153.364 -99.0275  153.364 -159.142  85.4062  159.142 -632.206  71.8673
 70.3881  55.1754   247.79 -72.0638 -128.523  230.001 -991.486 -251.862
 43.9475  237.105  237.105 -30.7358 -252.891  409.823 -1220.65 -26.5368
-73.2644  73.2644  73.2644 -16.5713 -106.469  106.469
