-61.5825 -61.5825  61.5825 -4.38577  38.9582  425.105 -968.069  102.197
-42.4549 -42.4549  42.4549 -5.96982 -17.1591  422.257 -958.192  20.4526
 -36.909 -42.8978  42.8978   16.088  22.4938  274.828 -747.513  76.9004
     -10      -10       10 -10.1532 -16.7827  310.194 -629.792  2.86767
 1.33176      -10       10 -18.8518 -10.1129  309.169 -616.517   31.858
 3.35071       10       10 -19.8041 -33.0532  308.668 -600.373  8.88016
0.282074       10       10 -13.7359 -33.2935  309.235 -598.211  12.5447
-7.88293  11.0332  11.0332 -3.53928 -35.4471  308.971 -593.675  22.3393
 -20.8744 -0.170537   20.8744   9.44386  -25.4425   297.748  -594.919  -11.2223
-7.66188  20.4487  20.4487 -1.57208 -45.9888  278.468 -551.715  25.6603
 14.9021 -19.6176  61.4009 -28.8026 -1.28272  208.616 -555.167 -96.2345
 57.5525 -16.6166  57.5525  -66.168 -10.0234  237.847 -607.311  33.6774
 41.4491  41.4491  41.4491 -42.2177 -70.8994  282.081 -648.758 -14.2862
 75.2188  8.47142  75.2188 -75.5629 -36.0178  243.844 -709.714  48.4352
 89.8858  25.9987  89.8858 -89.9826 -55.6469  233.047 -737.742 -0.36469
 91.3968  38.6581  91.3968 -84.6622 -62.7105  228.625  -760.64  57.1882
 92.1097  37.9222  92.1097 -85.8599  -67.419  231.417 -746.613 -5.34724
 65.4986 -14.8291  65.4986 -39.4034  4.78382  258.127 -775.868  73.1122
-8.54063 -107.423  107.423  9.99021  78.3565  78.3565 -527.971  -20.488
-31.5464 -45.7815  45.7815  49.3359  49.3359  49.3359 -340.422  6.95492
     -10 -9.62908       10 -63.5595 -26.1582  186.085
