 -10.397  -10.397   10.397 -25.5729  -10.165  358.615 -698.302  100.908
-10.3352 -10.3352  10.3352 -28.3066 -52.9344  390.502 -731.764  6.63888
-3.69141 -28.5333  38.0398 -18.6916  6.84229  282.993 -699.804  61.3217
 -6.4891  2.74392       10 -12.1845 -30.3911  311.882 -623.775  1.69754
-3.64613       10       10 -11.2202 -29.3295  310.519 -623.103  33.8969
-1.81736       10       10 -10.7091  -31.128  308.016 -611.927  13.8048
-1.13009       10       10 -8.49489 -30.4751  309.271 -613.286  16.6582
-1.20997       10       10 -6.02734 -31.8294  309.437 -609.973    26.22
-0.783123        10        10  -4.51653  -33.7941   310.535  -606.292  -5.58323
 1.08895 -1.33651       10 -3.67429  -25.231  287.878 -561.914  31.9556
 2.25796 -8.51439       10 -2.27741 -15.6814  265.608  -520.07 -83.0026
 5.45848 -2.78587       10 -3.09763  -24.647   288.39 -560.848  39.0963
      10   2.1947       10 -4.86223 -28.6594  311.193 -601.162 -17.3112
 10.1902  4.16267  10.1902 -1.26235 -27.2605  311.031 -607.148  45.0421
      10  8.24132       10 0.718137 -33.2269  312.134 -601.915 -14.9323
      10  9.70951       10  4.83669 -28.7615  307.862 -602.155  49.0487
      10  9.52389       10  4.04041 -35.2151  306.977 -578.984 -32.8736
      10 -1.14962       10  12.0726 -8.15643  316.863 -621.757   58.394
-1.38083 -16.8738  16.8738  10.7506 -22.0307  285.526 -510.255 -81.7453
-4.67382 -29.7299  29.7299  13.2801  22.0295  156.563 -362.759   8.9668
     -10       10       10 -67.7845 -57.8206  195.231
