-65.2724 -65.2724  65.2724  58.6663  45.1305  392.048 -936.138  120.105
-56.9039 -56.9039  56.9039  58.1042 -9.19286  381.187 -912.532  10.8092
-30.6532 -30.6532  30.6532  47.0193  7.64708  301.516 -726.789  74.0337
 -7.68744       -10        10    23.848  -18.6181   308.209  -629.784 -0.945166
      10  -7.5753       10  9.18952 -12.2769  309.204 -628.433  33.9916
      10  8.27304       10  10.4896  -30.474  308.397 -617.903  8.06133
      10       10       10  13.3662 -31.6097  309.776 -619.147  14.9903
 9.85951       10       10  16.1235  -33.036  308.703 -616.226  22.3833
      10       10       10  18.1607 -34.4892  308.393 -612.024 -5.96122
      10  6.44033       10  18.5711 -32.1512  285.069 -568.109  29.3324
       10 -0.356895        10   19.4328  -22.6417   260.299  -526.964  -83.2047
      10  6.33975       10  24.1654 -33.2308  284.152  -570.73  35.9685
 10.8352  10.8352  10.8352  29.1967 -38.3321  306.556  -619.61 -12.3843
  16.126   16.126   16.126  27.1474 -41.2616  300.795 -636.245   43.496
 23.0407  23.0407  23.0407  21.0511 -50.1649  295.876  -644.78 -5.78255
 25.0788  25.0788  25.0788  23.3112 -46.3295  292.819 -658.614  45.5362
 26.8783  26.8783  26.8783  19.9776 -54.3011  290.554 -636.882 -18.5553
      10  7.87904       10  49.7853 -19.0359  306.018 -655.236  48.8082
  1.2699 -39.0223  39.0223  31.3511  2.25025  215.195 -490.142  -52.147
-11.8543 -46.2292  46.2292  29.7181  40.7644  73.3057 -305.718  -16.685
-3.47482  11.2559  11.2559 -62.9897 -57.0757  206.976
