 -31.242  -31.242   31.242  19.6335  13.0987   355.82 -781.384  118.146
-24.3291 -24.3291  24.3291  14.6784 -40.0902  371.646 -767.769  15.3047
 -12.979 -30.9688  30.9688  16.4904  10.0854  295.776 -705.829  65.1746
-1.41625  4.96436       10  7.06594 -32.8294  310.363  -631.98  2.97481
 7.19998       10       10   2.1507 -29.0739  311.017 -634.432  35.1862
      10       10       10  1.56261 -31.3027  309.141 -624.648  13.5529
      10       10       10  4.82142  -30.582  309.877 -626.574   18.457
      10       10       10  7.54231 -32.0277  309.342 -623.971  26.4334
      10       10       10  10.0242 -34.0301  309.331 -621.307  -2.6918
      10   4.0452       10  11.2454 -30.6511  287.294 -578.755  32.3723
      10 -5.80524       10  12.5083 -18.5267  264.703 -537.543 -79.1406
      10 -2.56827       10  16.3848 -24.5756   287.18  -576.68  37.9706
      10  2.78138       10  20.6563 -28.8922  309.356  -615.15 -15.3269
      10  3.79635       10  24.0815 -26.4994   308.49 -617.067  42.0149
      10  6.18084       10  25.5569 -30.7204  309.172 -609.017 -14.6439
      10  6.06634       10  29.0017 -24.6735  306.221 -608.289  43.2133
      10  4.80719       10  27.7109 -30.2597  305.593 -581.056 -35.6324
      10 -4.42469       10  34.8777  -5.5441  309.174 -608.783  46.9959
 4.44166      -10       10  27.4388  -31.033  302.681 -500.985 -90.4144
0.00600513   -16.5404    16.5404    21.4857    7.56478    169.372   -324.395   -8.71737
 4.70792       10       10 -75.2705 -57.4292  204.289
