-4.98702  15.8438  15.8438  22.3114 -22.3114  22.3114  -197.73  102.944
 -63.938   63.938   63.938   43.806 -125.125  125.125 -365.018   4.4475
-18.3333 -26.4455  29.4374  14.2508  10.2327  289.127 -646.105  41.2472
     -10       10       10  13.2832 -46.1623  318.479 -634.153  9.75133
     -10       10       10   15.826  -37.079  312.077 -630.644  40.1039
     -10       10       10  18.2245 -40.1212  307.628 -621.498  18.7821
-3.16475       10       10  12.7672 -37.7092  310.903 -625.576   23.598
      10       10       10  2.38983 -37.0361   309.29 -627.559  29.7359
      10      -10       10   4.9723 -14.8643   308.58 -629.745  5.07439
      10      -10       10  8.04475 -10.0513   288.45 -604.863  40.4369
      10      -10       10  10.2353 -4.78024      268  -575.93 -58.3067
      10      -10       10   10.105 -8.86373  287.149 -594.141  46.2977
 12.4154 -12.4154  12.4154  7.10449 -12.6495   304.68 -613.348 -23.6137
 46.8426 -46.8426  46.8426 -35.1833  23.4696  271.969 -638.765  44.7361
 78.6518 -78.6518  78.6518 -72.3104  48.9359  241.853 -664.736 -48.7451
 113.548 -113.548  113.548 -117.016  90.7871  205.092 -676.386  48.5614
 137.478 -137.478  137.478 -142.112  101.964  169.018 -679.216 -101.446
 53.0906 -104.341  210.613 -79.3654  82.0988  113.737   -744.8  67.0806
-2.24913  86.2681  257.789 -13.6079 -163.083  265.551 -1121.86 -222.363
-53.3874  288.275  288.275  21.2993 -314.392  333.985 -1247.31 -1.76965
      10       10       10 -88.4888 -47.8278  199.367
