     -10      -10       10 -8.84859 -4.65252  236.015 -530.426  105.345
-10.0553 -4.29442  10.0553   -33.63 -56.2583  349.215 -627.418  8.75069
-11.3232 -25.8059  37.7543 -17.5125  7.05223  284.611 -688.369  51.5293
-8.76839  10.2742  10.2742  -15.333 -38.0667   310.93 -618.907  2.97319
-5.32039       10       10 -14.5338 -29.1554  310.273 -622.468  33.5984
-4.08547       10       10 -13.5674  -31.324  308.517 -612.841  14.5663
-3.21812       10       10 -11.4847 -30.3395  309.435 -615.029   17.995
-2.46093  8.02562       10 -9.52225 -29.6449   309.07 -613.444  27.4182
-1.56328  6.25528       10 -7.88343 -29.8093  309.896 -613.778 -2.27307
0.0685047 -0.428382        10   -5.5382  -25.7119   287.453  -575.833   34.9201
 1.43209 -8.57715       10 -3.16519 -15.2684  263.836  -536.44 -76.5309
 2.29038 -7.41828       10 -3.60635 -18.7643  288.386 -571.802  40.3526
 3.26673 -7.05585       10 -3.92985 -17.8362   311.47 -603.429 -17.1517
 6.35272      -10       10 -4.58146 -10.8835  310.155 -598.868   41.664
 7.73668 -10.0334  10.0334 -5.11393 -12.9268  310.473 -588.092 -20.0807
      10      -10       10  -4.5334 -6.41789  309.039 -585.603  42.8433
 5.69942      -10       10 -1.22855 -14.8521  305.281 -556.769  -45.127
 4.08431      -10       10  5.15363  0.65908  314.088 -581.689  51.8202
-2.66436       10       10   3.7018  -59.516  355.011 -581.052 -109.721
-4.46475  20.0595  20.0595  5.05908 -32.7967  312.371  -536.22  3.90506
 5.90324       10       10 -89.1195 -56.7638  197.211
