-93.4426 -93.4426  93.4426  17.8783  72.6675    420.8 -1089.77  104.914
-66.5961 -66.5961  66.5961  18.6747  14.3322  400.301 -1065.24  46.4104
-43.4299 -43.4299  43.4299  28.6105  26.9644  271.215 -799.995  94.3126
     -10      -10       10  -7.5593 -14.1148  311.338 -657.924  13.6096
     -10      -10       10 -5.68872 -9.29176  306.161 -626.829  36.8785
     -10       10       10 -5.82464 -33.6463  307.575 -604.551  11.5139
     -10       10       10 -3.56634 -34.5419  310.293 -599.757  12.6591
-13.6138  13.6138  13.6138 0.901717 -39.7803  306.904 -591.529  20.7929
-10.9656  21.4325  21.4325 -1.81108 -48.3157  300.409 -591.608 -14.4949
-13.7674 -4.73775  60.5683 -5.17002 -20.5093  235.018  -583.42  19.6293
-9.36739 -10.5928  87.4644 -12.7523 -8.84031  187.724 -574.579 -104.257
-5.11244 -5.55503  96.4499 -12.2941 -20.6372  198.956 -648.168  29.2861
 -4.0692  9.82225  105.277 -7.68499 -39.7519  214.565 -731.195 -17.5405
 4.51111  26.5404  112.751 -9.54494 -55.3044  208.618 -776.812  51.3347
 2.26768  51.7793  124.453 -5.90916 -83.2774  199.793 -802.534  2.24912
 7.82144  64.9447  120.508 -1.57326 -90.4227  199.065 -828.173  65.3337
-1.40926  56.1696  130.857  4.88394  -86.771  192.407 -823.394  1.81851
-13.9629 -29.4415  92.0676  44.3763  19.7647  224.601 -855.866  91.0357
-61.3311 -100.438  100.438  72.2554  72.2554  72.2554 -556.598  8.38469
-10.4203 -29.0698  29.0698  38.1912  38.1912  38.1912 -329.759  13.0977
     -10      -10       10 -59.5925 -15.4213  180.285
