-92.9702 -92.9702  92.9702  67.6938  73.4049  420.342 -1060.83  92.3249
-76.4743 -76.4743  76.4743  67.2034  11.6949  364.934 -981.182  36.0655
-32.9243 -32.9243  32.9243  43.0951  10.3432   301.36 -754.063  72.9874
     -10      -10       10  17.6013 -18.8435  314.743 -641.038  4.00603
       10       -10        10 -0.420666  -10.7598   311.036  -624.602    29.588
       10        10        10 -0.355029  -33.5218   310.645  -608.402   6.79114
      10       10       10   1.9947  -33.208  310.405 -604.824  11.8212
  10.532   10.532   10.532  3.08209 -34.7754  308.793 -597.656  17.9532
 19.4489  3.47718  19.4489 -6.31163 -28.1782  298.768 -598.324 -9.11273
 36.8495 -10.9624  36.8495 -27.6862  -12.559   252.36 -558.573  15.9531
 58.9742  -17.069  58.9742 -53.9024  -2.0432  167.482 -489.147  -86.732
 58.5537 -9.73387  58.5537 -46.7976 -14.9171  229.392 -600.894  23.2048
 44.4248  6.61887  65.9078   -26.39 -34.3546  253.066 -686.853 -8.00754
 41.0562  22.3363  72.0434 -17.5618  -49.052  246.037 -722.059  41.6627
 39.6145  44.7026  77.9004 -14.2369 -74.0307  243.352 -739.519  10.4153
 38.3253  59.5723  74.9617 -5.12899  -83.518  244.314 -764.451  50.8165
  29.8876   65.4435   83.5011 0.0739921  -95.7782   233.328  -750.766   11.8792
 23.9879  19.3767  53.9684  27.6162  -32.523  269.366 -798.214   61.944
-16.1249 -91.5657  91.5657   39.909  53.4503  149.318 -622.758  3.58864
-40.7982 -68.1113  68.1113  66.8905  68.4706  68.4706 -458.407 -26.6345
     -10  7.96579       10 -59.8019 -46.3083  205.265
