-57.3108 -57.3108  57.3108  30.8536  37.0129  390.254 -910.918  116.641
-47.0577 -47.0577  47.0577  28.9963 -17.2786  385.572 -882.283  16.4204
-27.4152 -32.7345  32.7345  27.7261  10.8339  295.508 -719.404  71.3297
-8.75057      -10       10  10.3661 -17.9836  308.183 -625.049  1.86253
 2.37215  8.13142       10  2.11951 -27.8085  309.943 -624.314  33.5596
 7.18969       10       10 -0.88335 -32.1512  309.679 -614.386  10.1512
 7.70675       10       10  1.76819 -31.7334  310.598 -615.354  15.3438
 7.74039       10       10  4.27388 -32.9804  310.469 -611.487  23.8612
      10       10       10  4.63544 -34.5873   309.41 -607.339 -6.13392
  8.3451  1.34544       10  7.73116 -26.9637  286.794 -562.996  29.9719
 9.93237 -4.89338  15.4285   7.4639 -17.7763  253.546 -526.904 -85.1142
 11.3071 -1.37824  16.0208  9.69956 -25.1118  279.114 -571.913  36.2074
 13.7536  6.09232  16.7045  12.2467 -33.3684  301.937 -619.126 -13.3425
 15.6732   11.163  19.9788   14.235 -35.9317  298.547 -632.938  43.4926
 17.7826  18.9498  24.9889  13.4613 -45.8602  295.275 -637.955 -5.89449
 20.4892  23.4015  23.5726   16.128 -44.3872  295.615 -647.498  46.1073
 17.6026  26.0178  27.7918   17.108 -53.2873   291.35 -627.994  -19.715
 11.1846  8.94836  11.1846  36.7228 -19.6867   308.44 -647.669  50.5808
-0.996674  -36.2078   36.2078   25.5977  -1.05364   223.647  -486.298  -57.5876
-7.70232 -42.8379  42.8379  22.7149  38.2103  85.9366 -307.222 -15.3925
-6.66055  8.16954       10 -65.9694 -52.4946  203.706
