-31.0308 -31.0308  31.0308  16.4084  14.0292  327.355  -729.37  110.954
-21.4905 -21.4905  21.4905  5.53348 -42.2358  370.587 -742.167  9.63877
-14.1505 -29.6771  32.5055  11.8169  8.95962  293.614 -700.285  61.7376
-3.61667  10.0277  10.0277  3.28266 -38.4442  310.902 -624.794 0.380579
  3.79054        10        10 -0.437469  -29.5169   310.929  -627.751   33.6733
    5.803        10        10 -0.599883  -31.8292   309.526  -618.473   11.9017
 5.97492       10       10  2.19672 -30.9916  310.764 -621.652  17.4319
 5.81026       10       10  4.83916 -32.3564  310.122 -619.312  25.4766
 6.64562  9.34407       10   6.2644 -33.6245  309.743 -616.584 -3.31335
  8.20306 -0.282108        10   6.40497  -26.1498   287.112  -574.781   32.3213
 9.45356 -8.15537       10  7.02884 -15.6475    263.6 -534.958 -79.2741
      10 -4.19156       10  9.31216 -22.5458   286.95  -573.68  38.0992
      10  1.58909       10  12.6864 -27.6292  309.572  -612.15 -15.0374
      10  2.78461       10  15.9597 -25.1834  309.462 -615.775  42.6116
 12.7561  5.83803  12.7561  13.8876 -30.1442  307.533 -611.821  -13.755
 12.2705  6.64295  12.2705  17.8489  -24.858  306.065 -612.657  43.6931
 14.0356  6.94626  14.0356  14.0707 -32.4812  301.737 -585.134 -33.6201
      10 0.378915       10  25.7001 -10.3173  310.093 -608.938  48.8881
0.859837 -15.7197  15.7197  22.2667 -27.2528  302.772 -525.738 -83.6295
-4.21453 -15.2141  27.2316  21.9449  5.97875  194.128 -400.548 -3.14784
0.463418       10       10 -72.0554  -58.199  203.209
