-16.6839  31.8419  31.8419  26.7937 -39.9877  159.226 -518.092  142.188
-47.5819  47.5819  47.5819  37.0588 -108.218  253.182 -619.639  26.4761
-8.37716 -5.00996  51.3445  12.1761 -10.3871  277.695 -746.749  62.0095
  24.047   24.047   24.047 -14.3124 -53.9792  298.061 -677.823  14.5892
 17.3648  17.3648  17.3648 -2.40489 -38.3091  302.245 -667.165  44.9966
 12.0491  12.0491  12.0491  6.01214 -35.7408  306.043 -649.129  22.1368
      10       10       10  11.3001 -32.4122  310.789 -648.697  25.0091
 9.85405       10       10  14.2537 -33.1521  310.501 -646.482  32.1458
      10       10       10  16.7249 -34.2552   310.31 -643.728  1.80807
      10 -3.01645       10   18.683 -22.0979   287.86 -604.358  38.2582
      10      -10       10  18.9698 -12.0548  267.717 -561.811  -74.416
      10      -10       10  22.4838 -14.3979  286.258 -591.396  43.1322
  10.467  -10.467   10.467  24.6013 -14.1969  307.555 -618.408 -20.6537
 16.8654 -16.8654  16.8654  18.8845 -3.56998  300.819 -619.009  42.7076
 26.5256 -26.5256  26.5256  7.66191  2.89428  292.604 -614.065 -33.4702
  34.0602  -34.0602   34.0602 -0.329299   17.7491   282.614  -607.217   38.4714
 38.6832 -38.6832  38.6832 -8.79864     11.8  268.152 -562.962 -74.3421
 18.1416 -29.6637  29.6637  15.0857  18.1824   285.56 -551.285   42.806
      10      -10       10  35.3979 -47.8317  430.149 -656.791 -164.853
      10       10       10   35.123 -25.7489  398.222   -604.1  5.42276
 33.6244  33.6244  33.6244 -114.379 -74.6414  178.322
