-153.614 -153.614  153.614  143.301  132.745  419.227 -1266.66  135.967
-138.313 -138.313  138.313  146.664  77.4041  317.323 -1140.32  47.6918
-61.5856 -61.5856  61.5856  86.5188  43.1024  264.518 -804.378  98.1687
     -10      -10       10   36.568 -14.8654  308.337 -651.808  5.00125
      10      -10       10  17.4687 -8.57426  311.158 -636.275   35.116
      10      -10       10  17.9995  -12.598  308.662 -615.248  5.66367
 12.5698  12.5698  12.5698  17.1666 -36.0011  305.986 -613.676   11.182
 12.3062  12.3062  12.3062  19.5863 -37.6659  306.097 -605.531  17.2378
 11.5892  11.5892  11.5892   21.994 -38.2733  305.481 -591.938 -12.4999
 14.3546  14.3546  14.3546  16.8133 -40.1322  282.418 -541.284  19.1234
 22.4288 -22.4288  22.4288  6.94611  1.03391  255.499 -506.313 -95.7865
 12.6791  12.6791  12.6791  27.6508 -39.7551  282.803 -557.011  31.7618
 19.8444  19.8444  19.8444  29.5493 -49.7514  296.286 -635.532 -11.4315
 30.7401  30.7401  30.7401  24.0339 -58.7498  286.335 -681.771  52.5342
46.8113 46.8113 46.8113 8.60651 -77.097 270.729 -712.27 3.57225
 56.8311  56.8311  56.8311  2.78988 -81.0225  255.322 -745.113  63.2048
 63.0154  63.0154  63.0154 -4.48178 -92.9645  254.489 -741.871 -4.20613
 35.7135  35.7135  35.7135  42.8598 -48.1552  286.703 -784.409  72.6723
-1.15703 -66.0039  66.0039  35.3181  33.7169  119.693 -487.542 -24.1506
 7.32031      -10       10  12.6489  12.6489  12.6489 -173.386 -20.8339
-44.0545 -14.3242  44.0545 -29.5026 -12.3705  164.983
