-55.0047 -55.0047  55.0047  24.8938  33.6767   423.57 -936.312  104.349
-46.2398 -46.2398  46.2398  26.3306 -20.5061  402.907 -908.786 0.886132
-34.4749 -34.4749  34.4749  32.5755  10.4223  290.527 -709.972  71.4235
     -10      -10       10  8.86452 -19.0021  308.725 -617.902 -6.07429
-0.160326       -10        10   1.65233  -10.2661    311.63  -617.691   31.5766
  4.0312       10       10  -1.4662 -32.5627  310.232 -605.791  5.21438
  5.89497        10        10 -0.388964  -31.9022   309.742  -605.552   13.9359
 6.76699       10       10 0.844671 -33.3614  308.653  -600.24  20.8249
       10        10        10 -0.205697   -34.746   308.534  -597.533  -7.07907
 12.4491 -1.21408  18.3685 -3.19173 -24.4788  277.819 -563.781  27.2459
 25.2115 -5.70762  25.2115 -14.4446  -16.981    245.2 -536.069 -84.9039
 14.0937 0.620904  32.1686 -1.59461 -27.5641  264.571  -590.79  34.3772
 12.9665  11.3343  34.4639  4.10395 -39.4112  285.944  -644.67  -12.025
 14.7421  21.9145  39.7666  5.83127 -47.9787  280.313 -664.045  43.6051
 16.3308   35.648  46.2388  5.04688 -63.7667  274.091 -671.702 -1.51414
 19.1004  44.1291  44.1291  7.93098 -66.4937  274.365 -683.375  48.5334
 15.5418  43.1183  47.7196  9.67668  -71.079  272.927 -669.945 -9.75697
 14.3553  2.46091  23.5895  27.9887 -13.4969  301.813 -700.079  57.0171
-18.0388 -74.7289  74.7289  30.4435  40.9551  150.786 -515.136 -31.1455
-30.9261 -57.2626  57.2626  43.8498   53.928   53.928 -335.316 -6.95586
     -10  4.05039       10 -61.3334 -49.6168  199.617
