-10.7259  29.6051  29.6051  19.8113 -37.7726  68.8046 -365.008  131.254
-45.5924  45.5924  45.5924  16.8317 -101.446  210.611 -502.009  14.7552
-17.8315 -12.1962  44.4112 0.536142 -2.30195  275.044 -700.613  47.6461
-8.65341  12.9903  12.9903 -1.74707 -43.5759  313.042 -648.197   9.7076
-3.97647       10       10 -1.70056 -32.5496  314.169  -646.69  38.6927
-1.65022       10       10  -1.2065 -35.5956  309.998 -634.962  20.1613
-0.414247        10        10  0.476999  -34.4684    311.52  -637.496   23.2107
 1.30779       10       10  2.04544 -34.8856  309.345 -635.214  31.7569
 2.47209  8.66601       10  3.76194 -33.6373  308.504 -633.485  2.42618
  4.4646 -5.72996       10  5.57463 -17.6708  289.646 -604.098  40.4863
 6.30874      -10       10   4.7584 -9.04619  273.911 -567.812  -68.453
 9.06419      -10       10  4.31234 -12.2957  290.743 -594.633  47.9435
 12.4346 -12.4346  12.4346  0.99725 -12.4364  308.274 -617.644 -23.8738
 22.3025 -26.9027  26.9027  -10.849  5.85843  291.915 -620.936  48.5304
 28.4754   -42.25    42.25 -19.9558  16.4356  275.988 -619.627 -45.5202
 29.1752 -56.3547  56.3547 -23.8889  38.9978  258.831 -613.027  50.6352
 22.7349  -62.366   62.366 -20.0962  32.1084   244.51  -577.43 -99.2096
 11.6168 -51.2689  51.2689 -9.16926  37.6043  275.827 -564.702  62.6484
 1.37506  22.4842   38.177  8.62252 -88.8138  444.949 -752.022 -218.589
-10.0248  78.9496  78.9496   12.835 -95.2108  421.496 -812.844   27.183
 21.9001  21.9001  21.9001 -104.938 -59.3263  184.989
