-87.2009 -87.2009  87.2009  92.5116  66.8255  386.474 -995.244  118.219
-74.5895 -74.5895  74.5895  88.8339  7.86727  359.308 -946.337  9.94254
-29.9684 -29.9684  29.9684  58.0113  6.62943  301.927 -733.664  77.8734
 -7.6375      -10       10  34.0799    -18.8  306.649  -633.45 -2.46795
 7.55799      -10       10  21.4541 -9.88001  308.607 -631.198   33.595
      10       10       10  19.9011 -32.2531  308.244 -620.844  6.09922
      10       10       10  22.8295 -31.7531  308.924 -622.536  14.5014
      10       10       10  25.1179  -33.319  308.325 -619.649  20.9456
      10       10       10  26.9139 -34.8083  307.384 -613.664 -6.47157
      10       10       10  25.7328 -36.4374  285.701 -566.936  26.8444
      10 -3.66329       10  25.5359 -19.9825  265.142 -527.309 -83.2286
     10 2.95361      10 31.6528 -30.588 285.013 -573.65 35.1404
 13.4173  13.4173  13.4173  34.5516 -41.2772  302.573 -628.569 -12.4715
 20.3079  20.3079  20.3079  30.8925 -45.4782  294.663 -650.691  45.4988
 30.0821  30.0821  30.0821  21.5923 -56.9642  287.499   -666.7 -4.50313
 33.7818  33.7818  33.7818  21.4735 -54.8763  280.772     -681  49.3044
 36.1546  36.1546  36.1546  17.1113 -63.4641  279.965 -661.334 -18.2548
 14.3214  14.3214  14.3214  53.2187 -25.4359  303.346 -679.571  53.5667
 3.02934 -41.4332  41.4332  34.7954  5.49465  209.294 -498.199 -51.1481
-8.31907 -47.8308  47.8308  25.8308  42.1194  50.3628 -284.942 -11.8241
-4.87528  13.1123  13.1123 -56.4086 -59.0714  206.388
