-12.5523  23.9366  23.9366  15.2575 -34.2706  139.664 -440.857  121.909
 -34.012   34.012   34.012  9.76656 -92.6635  254.269 -543.071  15.4744
-13.5059 -17.1567  40.5668   2.0679  1.38885   278.16  -693.96  51.4398
-4.83087  10.8143  10.8143 -1.69944 -40.3179  313.978 -637.159   6.3519
-1.39293       10       10 -1.30122 -31.2621  313.589 -639.913  37.1175
 0.311429        10        10 -0.730321  -34.0712   310.487  -630.094   17.8023
 2.63637   8.8289       10 -0.43239 -31.7219  310.634 -630.516  21.3731
 3.55816       10       10  1.22078 -33.5362  309.113 -628.015  29.6696
 4.37626  6.19929       10  3.33279 -30.2453  308.754 -629.882  1.14112
 5.18614      -10       10  5.95188 -13.8778  286.762 -595.763  38.5157
  7.8628      -10       10  6.59125 -10.2046  262.362 -561.084 -72.1428
 8.21887      -10       10  6.26979 -12.9437  288.073 -590.698  43.1419
 9.65157 -11.4864  11.4864  5.13081 -12.5651  309.034 -617.882  -18.582
  14.5687  -21.3612   21.3612 -0.938701  0.670998   298.522  -618.463   41.6288
 19.6168 -30.5545  30.5545 -7.67163  6.29958  288.058 -611.318 -30.4708
 23.5037  -39.418   39.418 -12.6515  22.1633  275.668 -605.419  40.4834
 39.3207 -39.3207  39.3207 -30.2395  11.4869  270.457 -568.393 -67.6516
 13.2502 -30.9993  30.9993 -1.86785  18.1191  298.599 -576.202   45.609
 3.65342  11.5282  13.9349  11.5315 -72.4719  444.062 -701.365 -159.435
-3.33143  46.3144  46.3144  12.2123 -61.6151  395.118 -706.323  8.13312
  18.058   18.058   18.058 -95.8266 -59.3132  188.074
