 5.17302 -10.5317  10.5317 -7.79013 -1.93807  75.2187 -333.898  119.753
-19.4168 -19.4168  19.4168 -61.2154 -34.1821  316.992 -469.547 -19.9879
-16.6284  -19.162  63.0561 -47.1519  1.58623  233.584 -659.942  24.5873
     -10      -10       10 -47.2072 -19.2998  318.078 -584.674 -15.9853
     -10      -10       10 -40.6355 -11.4483  307.771 -586.405  22.7935
     -10 -9.41796       10 -37.1256 -14.2466  305.641 -585.289  4.31983
     -10  -2.1276       10 -33.6975 -20.5707  307.286 -597.386  12.6819
     -10  2.51374       10  -29.628 -26.2114  306.545 -606.482  23.8143
      -10   4.84605        10  -25.7789   -29.467   308.356  -620.711 -0.923556
-7.10128 -3.81323       10 -20.7417 -21.6646  287.252 -601.249  40.3967
-3.49535      -10       10   -17.72 -11.8978  264.751 -572.106 -64.3905
-4.34663      -10       10 -19.3834 -14.3909   288.81 -598.572  48.5635
-5.51882      -10       10 -21.2718 -14.0637  310.656 -614.945 -15.8458
-3.01481 -11.5708  11.5708 -23.3294 -8.66625  308.124 -603.474  46.4144
 -1.40004  -22.1191   22.1191  -27.0895 -0.773215   296.061  -596.144  -26.6755
-1.21211 -26.4647  26.4647 -27.6682  10.1672  289.703 -585.134   44.541
-4.75334 -24.5435  24.5435 -25.2011 -2.22826   282.65 -534.395 -63.7007
-8.04025      -10       10 -21.3625 -2.73402  312.138 -520.935  48.8409
-16.5002  16.5002  16.5002 -32.7324 -76.8593  422.946 -636.684 -159.415
-31.1485  49.5546  49.5546 -24.1698 -66.9956   420.24 -739.154   19.874
     -10      -10       10 -53.1666  -35.037  151.784
