-116.217 -116.217  116.217  76.5436  96.0474  423.818 -1146.58  112.237
-94.9795 -94.9795  94.9795  78.8905  34.3032  359.602 -1068.95  30.8089
-36.3417 -36.3417  36.3417  43.8449  15.4828  293.245 -775.113  94.6373
     -10      -10       10  14.7656 -16.8659   310.86 -646.252  2.41497
     -10      -10       10  16.0134 -9.99399  310.643 -628.077  37.5727
 4.87694       10       10  1.41967 -33.4862  307.586 -606.778  6.41292
 11.5315  11.5315  11.5315 -3.45944  -35.645  307.318 -604.452  13.1268
 12.2444  12.2444  12.2444 -2.74202 -37.9082  307.979 -598.259  18.5539
 14.9073  14.9073  14.9073 -4.32729 -41.4284   306.59 -594.921 -12.4382
 6.21158  -2.2384  42.7145 -1.25759 -23.1366  253.954 -573.926  20.5099
 2.13684 -8.27361  64.7646 0.218821 -12.2554  206.418 -559.268 -98.1308
 4.95674 -4.01795  72.6275  2.01254 -22.2717  222.418   -628.9  30.8526
 9.91455  7.72173  77.9105  3.99578 -36.9115  242.153 -705.377 -13.5545
 14.6822  25.3736  84.2319   5.1037 -53.1894  237.371 -745.541  49.5487
 16.8467  50.5924  93.9292  4.12888 -80.9714  228.552 -765.449  3.87527
 20.7639  68.9726   92.727  7.40727 -93.5434  223.211 -785.256  59.4328
 15.0636  70.8621  99.5222  10.5355 -100.929  218.789 -774.907  2.16221
 7.73614  8.81537  69.2659  40.4355 -20.1074  253.767 -821.987  71.3864
 -34.0052  -108.867   108.867   48.2259   78.0902   78.0902   -559.33 -0.574477
-10.8356 -32.4355  32.4355  35.2865  35.2865  35.2865 -302.128 -6.11803
-12.4255  4.42115  12.4255    -57.6 -37.6513  197.994
