 14.1504  23.7877  23.7877 -3.56953 -37.4479  37.4479 -273.917  104.852
     -10       10       10 -29.7264 -65.1951  270.657 -469.188  12.4249
  -9.319 -26.8591  36.0401  -23.104   11.343  281.674 -672.196  44.3761
     -10      -10       10 -20.4134 -18.8322  316.213 -616.273  5.81759
     -10       10       10 -16.6115 -31.6724  309.631 -611.534  31.6002
     -10  2.98648       10 -14.1886 -27.5245  305.182 -598.601   13.791
-8.60125 -2.63749       10  -12.992 -20.8025   308.95 -607.989  17.2579
-6.41921       10       10 -12.3511 -34.4091  309.418 -612.559  25.9739
-3.72529       10       10 -11.8731 -34.7585  309.729 -617.827 0.838879
0.738732      -10       10 -10.5329 -13.7222  288.374 -589.396  36.7213
 5.83369      -10       10 -11.9825 -10.1239  268.021 -555.818 -64.9973
      10      -10       10 -16.6231 -12.5808  287.087 -580.965  44.2851
 16.4295 -16.4295  16.4295 -25.8472 -7.75338  302.069 -611.562 -18.9291
 19.2665 -31.5244  31.5244 -31.5221  11.0094  289.401 -623.115  45.3705
 22.0705 -45.4535  45.4535 -36.4669  21.2669   276.87 -630.244 -34.4263
 21.1449 -57.5293  57.5293 -37.7766  40.2184  260.105 -624.036  46.6017
 13.6088 -59.6746  59.6746  -30.566   30.568  245.883 -586.023 -73.9626
 1.69361 -40.4952  40.4952 -18.3707  25.3011  290.174  -582.26  59.0196
-18.6127  55.6918  55.6918 -6.95866 -123.963  412.282 -785.864 -169.613
-41.1797  116.234  116.234 -6.62288 -139.804  399.953 -883.182  6.19227
     -10       10       10 -80.5053 -50.8939  194.229
