      10       10       10  7.42032 -20.1361  23.8723 -258.173  124.618
     -10       10       10 -45.4413 -64.5452  280.891 -423.801  -7.4507
 -14.0597  -16.6323   45.0217  -33.4561 0.0633847   272.241  -660.587    30.861
     -10  -4.3075       10 -29.0794 -25.6682  313.572 -598.772 -4.40145
 -9.52261 -0.447524        10  -23.6831   -21.507   308.817  -607.009   28.7314
-8.52687 0.636023       10 -21.1162  -25.375   307.47 -604.859  12.0376
-7.38577       10       10  -18.617  -33.492  310.157 -616.518  16.6344
 -6.0541  5.48057       10  -15.161 -29.1651  308.385 -623.025  30.3515
 -4.9333       10       10 -12.0914 -33.9065  309.197 -633.181  1.29808
-1.19391      -10       10 -7.98125 -12.1835  286.853 -611.747  46.8496
 3.66109      -10       10 -8.01171 -8.11824   266.95 -582.101 -64.6638
  7.6073      -10       10 -12.8907 -11.6541   288.45 -605.505  55.7599
      10      -10       10 -18.2599 -14.6765  311.507 -618.249 -20.7939
 24.4988 -24.4988  24.4988 -35.3158  4.10196  295.252 -618.382  52.1194
 25.2535 -43.9142  43.9142 -40.9941  19.0274  276.992 -618.656 -44.2507
 22.7058   -57.02    57.02 -41.9347  41.4084  262.043 -610.415  47.6973
 15.2932 -58.3711  58.3711 -36.6948   29.822  247.942 -555.184  -104.11
 1.49495 -34.5498  34.5498 -24.0223  22.6005  282.485 -500.809  52.7497
-19.7996  20.6577  20.6577 -7.38731 -88.1153   457.04 -687.264 -244.373
-37.8159  84.6563  84.6563  -2.7339 -103.715  455.266 -857.015   26.985
0.982542       10       10 -83.4648 -49.5047  189.855
