 3.55207      -10       10 -16.3682 -2.67253  111.315 -384.031  114.748
-18.8243 -18.8243  18.8243 -68.5877 -35.4827  343.644 -511.742 -26.9084
-17.5058 -14.7732  66.2954 -47.7942 -3.29727  227.358 -667.975  27.9098
     -10      -10       10 -47.8822 -18.7792  316.882 -587.353 -16.9235
     -10      -10       10 -41.1186 -10.8759  306.568 -587.959   24.771
     -10      -10       10  -37.913 -12.8602  305.706 -586.398  4.25825
     -10 -1.01903       10 -34.5225 -20.9411  307.769 -597.918  13.3241
     -10  4.99665       10 -30.4256 -28.0706   306.77  -605.39  24.0157
     -10  8.84684       10 -26.6614 -33.1848  308.578 -618.105 -1.64564
     -10   2.3369       10 -18.8479 -28.2796  286.192 -594.172  39.5046
     -10 -4.92125       10 -10.3365 -17.9278  258.249 -563.435 -67.8601
     -10 -9.31684       10 -14.0725 -15.6417  286.539  -590.25  46.5624
     -10      -10       10 -17.1709 -14.1378  310.008 -608.379 -14.7606
     -10      -10       10 -15.9108 -10.4465  308.787 -595.754   43.621
 -7.3731 -13.7781  13.7781 -19.2073 -8.82293  305.606 -584.138 -21.3103
  -5.484 -17.4997  17.4997 -20.7986  1.19003  301.249 -577.467  39.7492
-7.25036 -17.1934  17.1934 -19.6591 -8.35275  293.559 -536.108 -50.8951
-8.80268      -10       10 -16.5057 -1.23864  311.848 -536.665  41.8865
     -10       10       10 -31.5533 -66.0389  405.321 -606.849 -124.295
-23.5798  31.7119  31.7119 -19.3385 -46.7427  403.494 -681.822  16.1739
-9.70381      -10       10 -49.7319 -36.0516  144.132
