-60.3438 -60.3438  60.3438  2.25958  39.3808  402.421 -926.109  97.6689
-46.6638 -46.6638  46.6638  2.46036 -12.8168  394.036 -907.552  24.7805
-29.4931 -40.7885  40.7885  10.3654  21.6636  283.554 -743.798  70.3055
     -10      -10       10 -8.50816 -17.5168  316.668 -637.219  5.30769
-6.59315 0.364004       10 -8.77055 -20.5855  309.573 -616.575  31.1317
0.380049       10       10 -14.7098 -33.1607  309.364 -601.489   9.4044
 4.16712       10       10 -15.8442 -33.0721  310.118 -598.593   13.487
 7.43487  9.65795  14.4752 -17.6534 -34.0422  304.179 -596.818  20.5408
 16.6134  2.43757  24.4992 -26.9491 -27.5909   294.16 -602.186 -8.59974
 35.1484 -7.37889  35.1484 -45.4196 -17.0466  262.104 -570.505  23.0493
 48.9245 -11.4313  48.9245 -57.5408 -9.11409  204.927 -521.227 -91.2236
  28.874 -4.22918  56.9179   -36.52 -21.2788  239.559  -607.23  29.7732
 21.6005  7.89719  62.5414 -24.9303 -36.1069  257.491 -671.915 -11.2811
 19.4916  19.5909  67.8496 -17.6266 -46.3006  251.613  -698.98  43.6485
 15.1559  33.9415  76.2999 -12.1923 -63.3439  245.786 -714.102   2.4074
 15.3187  43.1925  73.6801 -4.60892   -66.45  248.322 -736.381  52.9326
  8.82263   42.3789    79.773 0.0252667  -72.5513   238.952  -718.867  -2.32389
 2.89614 0.232889  55.2913  25.3317 -11.4159  272.735 -765.449  71.1792
-28.8733 -89.1189  89.1189   36.962  54.6575  131.192 -566.058 -20.0522
 -32.909 -64.2263  64.2263  48.2154  66.0325  66.0325 -411.889   2.2708
     -10  -6.0389       10 -66.2464 -29.8577  194.095
