      10      -10       10 -30.7797 -4.98566  151.719 -446.065  117.399
-10.1705 -10.1705  10.1705 -74.1065 -45.1413  386.555  -536.46 -36.0402
-9.32761 -14.5828  65.2286 -48.4282 -4.52476  223.022 -660.771  28.3797
     -10      -10       10 -40.6974  -18.117  320.431 -591.245 -22.1773
     -10      -10       10 -33.0995  -10.356  307.704 -589.834   23.758
     -10      -10       10 -29.3459 -11.7273  307.596  -591.44  2.08249
     -10      -10       10 -24.6293 -10.5679  308.656 -605.762  13.9362
     -10       10       10 -20.1247 -32.0075  307.782 -615.674  24.9046
     -10       10       10 -15.4386 -33.5455  309.425 -631.227 0.283897
 -6.5388       10       10 -10.8979 -36.2046  286.081  -611.07  42.4734
-3.01248       10       10 -5.09663 -33.9559  253.166 -580.989 -68.9364
 -6.2771  1.11889       10 -6.29965 -27.0316  287.137  -602.86  47.8473
     -10      -10       10 -4.79308 -14.1935  311.373  -616.62 -12.2285
     -10      -10       10 -3.69558 -10.7617  309.869 -598.535  41.2408
     -10      -10       10 -3.55882  -12.741  310.788 -579.167 -19.1399
     -10      -10       10 -1.71355 -6.99666   309.78 -568.482  34.0946
     -10      -10       10  -2.7249 -14.9384  303.411 -527.994 -47.2948
       -10        -10         10  0.0261707 -0.0510748    310.342   -539.175    31.6233
     -10      -10       10 -11.0059 -39.4863  377.958 -563.947 -118.059
-2.28214       10       10   -9.784 -22.0934  374.074 -595.349  17.3066
     -10      -10       10 -42.9535 -36.1433  140.914
