-31.5405 -31.5405  31.5405 -57.0147  6.55352  449.785  -875.23  87.9104
 -24.342  -24.342   24.342  -54.734 -38.5754  455.004 -902.628 -13.9355
-9.50906  -32.988  54.4208 -27.9621  14.4159  237.162 -746.402  75.6601
     -10      -10       10  -31.231 -19.2231  318.423 -626.347 -10.8443
     -10      -10       10 -26.6123 -10.5462  309.894 -604.931  30.4458
     -10 -4.53199       10 -24.9944 -18.7962  307.985 -586.216  1.71021
-9.41649  4.93439       10 -22.5177  -28.033  308.076  -584.39  11.8286
     -10       10       10 -19.1346 -34.8005  306.764 -578.422  19.0362
-10.4022  10.4022  10.4022 -16.2288 -36.2237  308.963 -580.583 -9.02924
 -11.3271 -0.596082   38.2265  -16.6726  -24.8444    256.98  -576.895    26.178
-11.0519 -1.74163  59.4297 -14.8701 -19.7443  208.625 -572.777 -90.2587
-12.6323  6.63209  70.5536 -14.3857 -33.7635  224.966 -638.079  34.4761
-10.6988  19.7568  79.4573 -14.8137  -49.472  240.865 -704.784 -12.8365
  -10.15  34.6588  89.4645 -11.9038 -63.0968  230.077 -733.281  45.5123
 -8.30469   53.2489   100.567   -13.532  -83.8664   219.207  -746.804 -0.564602
-6.67573  58.2593  99.8839 -8.24735 -82.7698  217.204 -763.441  50.9707
-13.9168  35.8023  104.411  -2.6973  -64.394  217.733 -754.413 -4.42037
-31.2636 -67.4594  71.9483  38.7334  59.9904  246.105 -783.752  70.1677
-85.8505 -106.437  106.437  79.2171  79.2171  79.2171 -552.634  6.41479
 -41.477 -53.7543  53.7543  57.4515  57.4515  57.4515 -413.773  25.4972
     -10      -10       10  -53.059 -26.1509  150.989
