      10      -10       10 -11.2549 -1.38783  77.9506  -371.72  127.652
-11.4005 -11.4005  11.4005 -69.4695 -42.7425  357.846 -489.633 -27.3715
 -12.9266  -17.6788   64.2512  -45.6431 -0.537355   229.539  -665.415   25.7322
     -10      -10       10 -40.7272 -18.6674  317.424  -587.03 -18.9055
     -10      -10       10 -33.3939 -10.7411  306.478 -589.735   24.111
     -10 -6.18805       10 -29.8785  -16.448  306.748 -591.722  2.98987
     -10  3.84565       10 -25.8674 -25.3947  309.215 -606.473  13.2123
     -10  6.64354       10 -20.9565 -29.0501   307.91  -617.07  25.2622
      -10   9.82279        10  -16.4869  -33.4627   309.829  -632.946 0.0732679
  -6.23047 0.00195293         10   -11.7199   -24.9737    286.653   -615.158    43.4424
-3.20328      -10       10 -5.37136 -12.0927  255.411 -586.567  -66.125
-5.65056      -10       10 -7.34737 -14.6774  287.412 -608.478  49.6692
-8.25245      -10       10 -7.52132 -14.3757  310.514 -619.522 -12.2958
-8.63105      -10       10 -6.19795 -10.6914  308.943 -601.336  43.4776
 -10.055 -13.8972  13.8972 -5.95406 -8.86084  306.152 -584.751 -21.2881
-10.9507 -18.4787  18.4787 -5.12934  2.45195  302.243 -578.098   34.245
-10.9793 -17.1069  17.1069  -6.9439 -7.96091  294.825 -523.751 -58.0478
 -7.71533       -10        10  -8.52499 -0.168059   307.633  -509.981   26.6541
     -10       10       10 -20.2169 -65.8105  415.765 -594.606 -152.089
-7.41605       10       10 -17.2002 -24.6732  456.075 -682.215  11.2854
     -10      -10       10 -47.0689 -34.8518  146.915
