-54.4806 -54.4806  54.4806   44.968  34.1651   394.97  -897.61  107.417
 -47.139  -47.139   47.139  44.1694 -19.4851  377.975 -862.797  1.47859
-30.4751 -30.4751  30.4751   41.435  6.95838   296.76   -704.7  68.0784
-8.86742      -10       10  20.5113 -18.7922  308.158  -622.34 -4.75732
      10  3.35949       10  4.47185 -23.0517  311.312 -626.166  32.1208
      10       10       10  6.05595 -31.8139  309.731 -617.082  7.36929
      10       10       10  9.07927  -31.191  309.601 -619.043  15.8326
      10       10       10  11.2525 -32.6474  308.654 -615.465  22.6714
      10       10       10  13.2263 -34.4653  308.144 -611.866 -4.77625
 9.52568  1.07274       10  13.9413 -27.6934  286.738 -568.572  28.8561
 8.80494 -4.28184       10  15.4075 -19.7715  264.493  -529.06 -80.5237
      10  3.93527       10  18.5524 -31.4821   287.05  -572.98  35.6963
      10       10       10   23.784 -37.2499  309.254 -618.809 -12.6827
 15.7369  15.7369  15.7369  20.6707 -40.1579  302.497 -633.526  43.2017
 22.6312  22.6312  22.6312  13.9775 -48.7764  295.761 -638.104 -7.37999
 24.1593  24.1593  24.1593  16.1987 -44.5644  291.818 -647.157  46.6426
 20.6285  24.8306  24.8306  18.2705 -51.3749    292.9  -627.26 -21.6704
      10       10       10  41.1915 -20.8649  312.633 -653.886  53.0677
-4.02614 -31.3323  31.3323  32.5171  -5.2402    240.1 -501.021 -58.0944
-15.4033 -57.1479  57.1479   27.438  50.3109  59.6004 -312.322 -4.20292
-6.67907       10       10 -58.9204 -58.7252  205.003
