     -10      -10       10  21.7805 -3.05598  289.731 -617.309  116.557
     -10      -10       10  14.7606 -54.2338  349.786 -658.361   11.267
-0.478201  -28.7426   28.7426   15.2731    10.007   298.089  -691.693   57.1906
 10.4268  10.4268  10.4268   6.5324  -38.975   310.71 -634.558  1.70439
      10       10       10   10.842 -29.3995  311.037 -640.322  35.9405
      10       10       10   12.404 -31.8302   309.27  -631.31  13.9122
      10       10       10  15.3512 -30.7477  309.752 -635.097   20.066
      10       10       10  17.6646 -32.0205   308.95 -633.798  27.6408
      10       10       10  20.0866 -33.8419  308.447 -634.165 -0.23583
      10  4.84785       10  20.8415 -30.8387  286.138 -595.327  34.8085
      10      -10       10  22.2255 -13.8406   260.24  -556.73  -74.464
      10 -4.74103       10  24.4139 -21.1136  285.943 -590.402  38.3986
      10 -2.36566       10  27.3294 -22.4156  308.255 -621.634 -15.5267
      10 -6.36767       10  29.1382 -14.6343  307.143 -616.579  38.5494
      10 -9.84496       10  29.5058 -13.1551  307.017 -603.484 -17.7991
      10      -10       10  31.3644 -6.87935  305.275 -598.182  36.7254
      10      -10       10  29.0106 -15.2711  301.899 -564.664 -41.7575
       10       -10        10   34.0712 -0.469987   308.907  -587.491   39.0646
      10      -10       10  29.1741 -39.6669  359.919 -583.768 -99.7857
 9.47261  9.89772       10  24.6254 -22.8051  290.375  -477.69 -4.77478
 10.9143  10.9143  10.9143 -76.2327 -58.4167  205.758
