     -10      -10       10 -7.10386 -5.36334  295.737 -606.591   101.79
     -10      -10       10 -20.0515 -53.9975  369.567 -668.164  2.17119
-7.71911 -27.4525  35.0741  -8.0768   7.4035  289.568 -684.191  54.3892
-4.90245  9.40298       10 -7.48698 -38.0538  311.606 -615.165 -1.71151
-2.04416       10       10 -6.46218 -29.3942  311.531 -621.556  33.1892
 -1.1028  7.75348       10 -5.56135 -29.1983  309.683 -612.503  11.8277
-0.587262        10        10  -3.34551  -30.4433   310.197  -615.123    17.604
-0.175552        10        10  -1.45896  -31.5966    309.59  -613.406    26.257
  1.19776   3.00622        10 -0.130405  -26.3475   309.644  -615.221  -2.56075
 2.62261 -2.31374       10  1.52832 -23.1178  286.106 -577.106  34.9069
 5.01703 -7.31274       10  3.98322 -16.0185  255.438 -539.024 -77.8261
 4.99887 -4.20357       10  2.96142 -21.5642  286.528 -574.357  38.8319
  6.46303 -0.273149        10   2.49243  -24.7772   310.876  -607.846  -14.5283
 8.64395 -2.30306       10  2.41333 -19.2824  310.144 -604.206  38.8459
      10 -2.16052       10  1.80705  -21.395  310.258 -594.128 -13.6681
      10 -4.08162       10  4.72029 -13.4457  308.869 -594.236  38.0744
      10 -3.78792       10  3.32572 -21.4586  305.866 -566.803 -31.9889
    9.21709         -10          10     10.1961 -0.00346842     312.219    -596.376     41.8215
0.971489  -8.4553       10  8.82629 -38.8768  335.824 -557.848 -79.9873
-0.610954    4.9453        10   11.8236  -16.6054   279.953  -474.708  -3.32634
-0.0329167         10         10   -77.6659   -58.6631    200.621
