      10      -10       10  -8.5963 -1.59308  79.6838 -397.071  141.003
     -10      -10       10  -61.499 -43.3829  351.349 -471.777 -28.2189
-8.19507 -1.02287  59.0374 -44.0641 -17.2425  235.394 -651.544  23.9769
     -10      -10       10 -34.4992   -19.45   322.36 -596.763 -19.3763
     -10      -10       10 -26.2741 -10.7047  308.307 -600.793  24.3216
     -10 -9.73192       10 -22.0478 -13.0857  306.629 -602.179  5.67656
     -10   2.9737       10 -17.7933 -24.8012  309.782 -620.075  14.7956
     -10       10       10 -13.1954 -32.6055  309.249 -630.183  28.0339
-9.77695       10       10 -8.65485 -33.8285  310.108  -644.38  0.11854
-7.37726  6.95333       10 -3.35245  -31.824  286.115 -622.905  46.2322
 -6.1165      -10       10  2.66668 -11.3734  259.011 -592.621 -69.4599
     -10      -10       10  3.96563 -14.3327  288.122 -615.212   53.792
     -10      -10       10  1.88959 -14.5366  312.194  -628.47 -16.2731
     -10      -10       10  2.89079 -10.7226   310.95 -610.815  48.8778
-17.2096 -17.2096  17.2096  8.35648 -6.13687  304.356 -596.874 -28.4388
-24.0117 -24.0117  24.0117  14.4493  7.78606  295.228 -585.105  41.3711
-25.4848 -25.4848  25.4848  13.2349 0.324027  283.704 -529.355 -73.3612
      -10       -10        10 -0.451529  0.321186   309.364  -499.814   35.4159
     -10       10       10 -12.6038 -64.8682  424.641 -584.744 -193.674
 1.53015       10       10   -15.78 -23.5957  444.826 -651.451  20.5007
     -10       10       10 -45.7182 -54.2077  154.373
