-33.6833 -33.6833  33.6833 -46.1275   8.0092  429.117 -879.419  87.8806
-29.7985 -29.7985  29.7985 -45.1468 -28.9782   447.52 -908.004 -8.48122
  -12.41 -30.8169  56.7156 -23.0583  12.2933  237.508 -773.229  66.8881
     -10      -10       10 -26.0015 -17.9133  317.835 -636.049 -4.61328
     -10      -10       10 -20.9319 -10.7418   307.53 -612.407  28.3065
     -10 -7.28164       10 -18.9877  -15.624   308.63 -598.766  6.39011
     -10       10       10 -15.7567 -33.1353  309.472  -597.85  11.2578
     -10       10       10 -12.5985  -34.199   307.71 -589.551  21.6639
     -10       10       10 -10.0629 -35.3177  308.745 -583.699 -10.4557
-9.74617  1.49306  19.6187 -8.16074 -26.9855   276.26  -554.13   28.423
 -8.88392 -0.113391   38.7255  -8.03251  -21.2001   231.775  -543.089    -92.35
-5.87872  6.02712  47.5874 -10.0383 -33.1523  249.654 -610.092  37.0685
-3.23619  16.2645  54.7873  -10.072  -45.543  267.113 -674.688 -14.5505
-0.774813   26.0142    62.075  -7.88708  -53.8279   257.983    -701.4   48.3606
-0.0721702     40.395    70.0933   -7.64297   -70.7331    251.606    -711.34    -2.1245
 0.302513   46.8361   66.4683 -0.454197  -71.1173   254.046  -726.859   55.8337
-6.61075  35.0673  72.4112  4.56926  -64.384  250.881 -712.131 -9.96659
-17.9272 -34.9944  44.8637  35.7672  26.1447  278.937  -739.02  71.6232
-60.7068 -106.154  106.154  55.3022  81.0385  81.0385 -528.475  -24.002
 -35.176 -47.9801  47.9801  53.2508  53.2508  53.2508  -387.63   31.503
     -10      -10       10 -46.9253 -26.7642  150.975
