         10         -10          10     6.17023 -0.00397998          10    -261.563     125.247
-31.7545 -31.7545  31.7545 -44.3734 -21.2526  224.407 -328.546 -24.9568
-21.4467 -17.1426  63.0361  -49.675  1.23049  222.425 -627.029  21.1007
     -10      -10       10 -58.3165 -25.5771  319.564 -563.854 -18.7386
     -10      -10       10 -50.6916 -15.9694   306.59 -567.085  22.3689
       -10        -10         10   -47.0398   -19.0767    304.435   -564.954 -0.0102331
     -10      -10       10 -43.6159 -16.6537  307.204 -581.016  11.6696
     -10      -10       10 -38.0311 -16.3863  304.936 -595.033  21.4224
     -10 -2.60539       10 -32.8889 -22.8097   305.77 -615.717  1.14307
     -10      -10       10 -22.0539  -12.146  285.219 -612.311  44.3527
     -10      -10       10  -14.072 -6.87158  265.493 -595.332 -52.3444
     -10      -10       10 -17.3829 -10.7781  286.589 -611.913    55.03
     -10      -10       10  -22.779 -14.7165  308.444 -616.721 -15.9027
 25.8895 -25.8895  25.8895 -62.4767   4.3449  291.077 -615.577  50.3057
 50.5344 -52.4189  52.4189 -92.7417  26.6183  263.626 -626.674 -39.4857
 50.6135 -72.9494  72.9494 -99.5833  54.6548  244.108 -627.236  47.5403
 34.0911 -75.2942  75.2942 -83.1128   43.189  228.468 -576.429  -94.594
-1.14535 -50.4868  50.4868 -52.8853  32.2303   271.37 -522.302  52.3399
-61.2001  71.9952  71.9952 -18.0795 -152.801  425.221 -779.743 -218.202
-106.922  156.835  156.835 -6.23794 -184.004  462.353 -1068.49  18.4647
      10      -10       10 -77.1956 -29.0543  144.397
