       10       -10        10  -8.40051 -0.701676   62.3042  -363.037   127.558
     -10      -10       10 -69.1933 -40.8439  352.097 -480.116 -21.4877
-9.92588  -14.819  65.3824 -49.0078 -3.05405   222.52 -664.953  23.5048
     -10      -10       10 -41.4589 -19.0857  321.481 -605.463 -14.7808
     -10      -10       10 -33.6696 -12.0385   307.72 -602.893  25.0023
     -10 -2.73143       10 -29.9463 -21.1375  306.465 -601.784  6.95502
     -10  3.87195       10 -25.9602 -26.8833  308.519 -614.172  14.4095
     -10  7.19106       10  -21.569 -30.7905  307.891 -621.874  26.6051
      -10   8.79649        10  -17.8295  -33.3833   309.862  -631.314 -0.980071
-8.46024 0.938919       10   -11.94 -26.8332  286.748 -604.361  41.2315
   -5.75      -10       10 -8.66584  -12.311  263.645 -569.974 -68.8092
-7.20528      -10       10 -8.47928 -14.7873  287.856 -597.038  48.7328
     -10      -10       10 -7.37014 -14.0625  310.815  -616.59   -17.05
     -10      -10       10 -5.90782 -10.3502  309.764 -603.486  47.6925
-11.7053 -15.7688  15.7688  -5.0451 -7.23427  304.233 -592.401 -26.6309
 -12.191 -17.9339  17.9339 -4.22594  1.30381  301.283 -579.102  44.8705
-10.9297 -15.4044  15.4044 -6.35611 -10.9131  295.269 -527.833 -65.1722
-7.97389      -10       10 -9.24281 -2.10939  311.666 -518.311   45.224
     -10       10       10  -20.808 -67.7562  422.465 -610.734 -162.236
-10.0073  10.0073  10.0073 -15.9185  -24.218  459.889 -689.886  23.1046
     -10      -10       10 -43.3777 -34.0311  140.676
