-31.6355   40.033   40.033  44.7808 -44.7808  44.7808 -330.228  137.994
-73.4261  80.8745  80.8745  61.4041 -141.688  141.688 -498.003   26.733
-12.7153  25.4813  71.5034  13.6158 -42.8741  233.665 -702.152  40.7327
 24.9987  24.9987  24.9987 -8.84033 -60.9486  293.563 -672.511  21.2503
-10.9674  12.2354  12.2354  31.8223 -38.8204  310.624 -663.039  43.3989
-8.33776       10       10  32.0594 -38.8543  309.087 -650.868  29.5087
      10       10       10   15.837 -37.0455  310.363 -650.699  25.9406
      10       10       10  18.6314 -36.4858   308.19 -649.036  38.7749
      10       10       10  20.8523 -35.9509  307.711 -646.832  3.54916
 10.0869  10.0869  10.0869  22.4424  -32.615  296.642 -628.359  46.8515
      10      -10       10  23.0927 -7.61161  296.641 -618.327 -76.9713
      10      -10       10  24.8436 -10.9805  297.965 -615.031  53.0285
 13.1219 -13.1219  13.1219  22.0624 -12.7028  305.413 -621.341 -31.2005
 39.9487 -39.9487  39.9487 -9.84891  17.8641   278.83 -640.462  53.4464
 64.5667 -64.5667  64.5667 -38.7301  35.8656  253.637 -651.697  -61.314
 49.1857 -101.409  101.409 -32.8101  81.3199  217.444 -668.895  60.4716
 34.4374 -127.713  127.713 -20.9216  93.2199  187.241 -682.131 -125.442
 16.4526 -94.9846  176.328 -19.9519   78.476  139.367 -687.183  82.7376
 3.76127   37.709  212.186  7.83027 -107.653  267.377   -971.4 -262.163
-12.7449   205.18   205.18  28.5339 -222.497  340.129  -1038.8  46.0381
 55.9443  55.9443  55.9443 -137.149 -91.4485  137.149
