-152.392 -152.392  152.392  123.344  133.282  425.335 -1280.62  141.416
-133.017 -133.017  133.017  128.606  76.3931   332.12 -1162.57  56.8741
 -60.459  -60.459   60.459  76.7376  44.5592   266.52 -815.818  104.437
     -10      -10       10  27.3531 -13.5697  308.986 -654.251  8.17563
-2.14863      -10       10  19.9627 -8.07735  310.851  -632.93  37.5691
      10      -10       10  8.39578 -12.6974  308.431 -610.374  6.61841
 12.4097  12.4097  12.4097  7.54786 -36.4547  306.792 -607.001  11.3302
 12.5093  12.5093  12.5093  9.73218  -38.241  307.432 -600.064  18.1159
 10.9135  10.9135  10.9135  13.7797 -37.6552  308.076   -587.4  -13.805
 13.0166  13.0166  13.0166  10.4009 -37.9617   283.47 -534.474  21.0188
 31.8872 -10.3869  31.8872 -10.8575 -9.60106  237.007 -511.991 -100.899
 21.5203 -7.55005  41.6058  5.14645 -18.2718  251.572  -582.89  30.1575
 25.9026  4.26625  43.4544  10.2737 -33.9592  273.267 -655.634 -12.8218
 36.1765  36.1765  36.1765  9.42085 -64.5632   283.89 -683.912  50.3009
 50.5841  50.5841  50.5841 -3.70342  -81.964  269.661 -711.783  7.55639
 58.7167  58.7167  58.7167 -5.72704 -84.2098  255.467 -749.108  60.8267
 64.9877  64.9877  64.9877 -13.1464 -96.4937  253.223 -743.498  6.98153
 33.7177  33.7177  33.7177    40.78 -46.8972  287.011 -789.982  68.9206
-3.13712 -78.1031  78.1031  32.2203  45.2185  100.181 -504.129 -4.49728
 6.47678 -10.5194  10.5194  16.7146  16.7146  16.7146  -199.59 -30.6183
-40.5072 -14.5908  40.5072 -35.9372 -5.62369  167.689
