 10.6225  10.6225  10.6225  10.9774 -10.9774  10.9774 -190.197  133.031
-62.9184  62.9184  62.9184  40.4446  -122.42   122.42 -363.936 -5.17184
-36.6472  23.8981  71.5628  20.5745 -41.0416  240.714 -690.957  38.9341
-16.5703  16.5703  16.5703  18.7624 -55.4632  311.202 -656.968  12.4147
     -10       10       10  16.9803  -39.217  311.123 -642.898  43.6691
      10       10       10 0.113297 -41.2221  308.575 -637.596  24.0517
     -10       10       10  22.6309 -38.9673  312.788 -644.519  25.3971
     -10       10       10  26.1157 -37.4338  310.542 -645.278  36.4754
      10       10       10  9.32193 -35.1253  307.758 -644.276  4.52842
      10      -10       10  12.5526 -7.59368  288.283 -617.863  47.6364
      10      -10       10  13.8756 -1.53105   272.27 -588.642 -62.8703
      10      -10       10  15.1911 -7.07646  287.838 -603.822  56.2252
 10.0178 -10.0178  10.0178  15.8267 -17.3574  308.515 -618.413 -32.3905
 44.7646 -44.7646  44.7646 -26.4535  20.0865  273.157 -639.225  59.1289
 75.4988 -75.4988  75.4988 -61.9848  42.6756  244.691 -662.326 -68.9863
 67.2395 -115.376  115.376 -66.0428  93.8036  204.309 -670.302  66.8823
 48.3789 -137.603  137.603 -49.2159  102.003  166.165 -659.363 -146.722
 19.8804 -118.693  165.745 -38.4044  103.912  145.787 -626.117  89.5796
-1.56113  73.2273  188.265    5.435  -146.47  340.328 -1004.75   -302.9
-26.5125  214.078  214.078  26.9799 -230.987  437.076 -1179.88  26.4445
 52.8941  52.8941  52.8941 -145.004 -83.3115  145.004
