-2.20191      -10       10 -29.1916 -6.26922  188.237 -482.106  109.817
-10.9619 -10.9619  10.9619 -77.7594 -45.5099  398.397 -576.769  -37.891
-8.97721 -13.3722  66.3393 -50.0272   -6.299  221.548 -671.097  33.5543
     -10      -10       10 -42.2705 -18.0423  320.074 -594.837 -21.7069
     -10      -10       10 -34.5418  -10.105  307.264 -590.634  26.0323
     -10 -9.37277       10 -30.6529 -12.0627  306.661  -590.19  1.74297
     -10 0.357771       10 -26.2957 -20.9391  308.063 -601.933  14.8852
     -10  5.53073       10 -21.5983  -27.274  307.288 -610.275   23.973
      -10        10        10  -17.1655  -33.5259   309.196  -623.873 0.0368105
-7.58654       10       10 -11.7533 -36.2069  286.042 -601.131  40.2974
-2.88348    4.826       10 -6.00931 -29.0508  250.488 -570.443 -70.3029
-5.54541  5.53477       10 -8.53338 -31.8843  287.055 -594.509  44.9942
-6.59461   1.7035       10 -9.20025 -26.4273  311.111  -611.84 -11.0665
-6.67918      -10       10  -7.5226 -11.0935  310.006 -595.839  38.7432
-8.06657      -10       10 -5.49781  -12.807  310.297 -578.152 -14.9911
-8.95267      -10       10 -2.11616 -7.17008  309.476  -571.12  31.7379
     -10      -10       10  -1.4942 -14.8234  304.473 -536.968 -37.4596
-8.06657      -10       10  1.02379 0.101353  311.377 -557.085  30.4259
     -10      -10       10 -6.80636 -37.4465  356.151 -551.007 -91.8268
     -10       10       10  2.50818 -20.6953  343.397 -567.324  11.9004
     -10      -10       10 -43.4077  -36.799  138.221
