 -168.64  -168.64   168.64  171.014  148.027  383.119 -1244.51  127.953
-133.357 -133.357  133.357  152.273  67.7513   311.88  -1098.5  28.6819
-30.9023 -30.9023  30.9023  68.6789  8.62766  303.684 -767.781  94.3779
     -10      -10       10  42.1594 -17.8078  305.461 -637.215 -4.43129
      10      -10       10   23.946 -9.28035  308.869 -630.127  33.7615
      10      -10       10  24.4073 -12.9429  307.973 -614.244  1.14646
      10       10       10     26.9 -32.7994  308.617 -614.299  12.0783
      10       10       10  28.9437 -34.3906  308.298 -609.071  17.3697
      10       10       10   30.817 -35.7021  306.379 -601.419 -10.3387
      10       10       10  28.8252 -35.4586  284.843 -550.312  22.6143
  17.135 -8.25473   17.135  20.2669 -14.0078  250.029 -515.174 -92.0464
 11.0442  11.0442  11.0442  34.8162 -37.7265   282.11  -564.81  31.9894
 17.7568  17.7568  17.7568  36.1596 -46.6028  296.787 -636.461 -9.74801
 29.3321  29.3321  29.3321  28.6663 -56.2302  285.759 -677.595  48.0626
 44.3905  44.3905  44.3905  14.0449 -73.2175   272.86 -706.935  6.41058
 53.2979  53.2979  53.2979   9.2924  -76.571  260.162 -739.282  54.2019
  60.3988   60.3988   60.3988 -0.456529  -89.0047   255.245   -728.68   1.01172
 33.0254  33.0254  33.0254  44.5978 -45.4406  280.364 -753.187  56.6424
 4.27627 -50.4917  50.4917  36.6703  15.8057   169.41 -497.871 -20.5847
-1.59748  -23.152   23.152  21.8189  21.8189  21.8189  -212.01 -22.0445
-15.9198  15.9198  15.9198 -45.7933 -52.5666  205.113
