0.979216      -10       10 -31.5037 -6.04329  172.358 -457.103  105.257
     -10      -10       10 -82.6743 -45.2381  394.874 -573.032 -34.1208
-10.0669 -10.2722  68.8691 -53.0994 -9.80462  217.849 -678.054  33.0301
     -10      -10       10 -45.9213 -17.8289  318.534 -599.728 -18.4172
     -10      -10       10 -38.5953 -10.1783  306.551 -593.039  26.8101
     -10 -5.65995       10 -34.6743 -15.8823  305.352 -591.755  3.67181
     -10 0.833355       10 -30.6961 -21.4175  306.957 -600.906  14.9442
     -10  4.44712       10 -26.3697 -26.3926  306.531 -607.016  23.5768
      -10        10        10   -22.865  -33.9555   308.947  -615.196 -0.806918
-8.28668  7.25417       10 -17.4773 -34.6379  287.016 -586.841  36.6244
 -5.02369 -0.293725        10  -13.1641  -25.2317   260.206  -552.385  -69.2998
-5.91369  3.49571       10 -14.5766 -30.7615  287.671 -581.319  42.4435
 -6.4781  2.80835       10 -15.1879 -27.6019  310.623 -604.697 -12.9433
-6.35288 -4.59948       10 -13.1309 -16.2461  309.313 -593.892  40.3786
-5.64701      -10       10 -12.7144 -12.3087  309.131 -579.101 -16.6413
-5.76522      -10       10 -10.2838 -6.82484  308.841 -572.872  37.5153
-7.60337      -10       10 -8.45007 -14.9129  303.779 -541.912 -38.9209
 -4.47875       -10        10  -7.86994 -0.346814   315.282  -567.649   40.6638
     -10      -10       10  -12.549 -38.8928  356.934 -560.115 -89.8291
     -10       10       10  -5.0098 -21.4726  348.617 -571.932  17.7658
     -10      -10       10  -43.081 -37.8718  133.375
