-11.9564 -11.9564  11.9564 -13.6671  -3.6163  253.173 -578.599  116.539
     -10   -8.654       10 -39.3668 -49.9311  363.702 -653.493  7.69919
-13.0799 -23.4592  41.1536 -19.2449  4.55386  278.002 -697.901   52.451
-10.0395  10.0395  10.0395 -16.5261 -37.6105  313.228  -625.52  1.63749
 -5.5212   10.326   10.326 -16.2778 -29.6288   309.62 -623.354  32.9106
-4.70625       10       10 -13.9706 -31.3584  308.834 -615.131   13.945
-2.45164       10       10 -12.4963 -30.5241  310.181 -618.837  18.0303
-1.44976       10       10 -9.92593 -31.7528  309.459 -617.854  28.5826
-0.641354        10        10  -7.49755  -33.7243   309.689  -617.456  -2.06395
 0.70453  1.71895       10 -4.17435 -27.3891  285.959 -578.257  37.1329
 3.30082 -5.65118       10 -2.41707 -17.0849  261.754 -539.396 -79.5168
 3.45431 -4.21119       10 -1.56436 -21.5866   286.84 -574.499   43.702
 4.80534   -2.358       10 -1.64144 -22.9602  311.222 -606.956 -17.0715
 7.42981 -6.70786       10 -1.19195 -14.5738  311.205  -604.72   45.081
 9.46823 -8.13134  12.7578 -2.67708 -15.4092  309.734 -596.286 -21.7368
   10.2014   -11.3513    12.3212 -0.0878576   -5.21853    308.894   -591.939    44.2557
 8.19044 -11.5569  15.0312 0.188853  -13.201  300.663 -558.574 -52.1408
 6.19215 -9.04983       10  8.20816 0.629129   310.27 -567.892  51.1352
-2.50817 -3.81829  14.4074  8.48947 -41.7364  329.226 -539.431 -128.216
-4.81964  17.2972  22.9608  13.0339 -26.8507  280.772 -499.044  4.37941
-2.14443       10       10 -76.1441 -54.4356  192.707
