-2.38418      -10       10 -24.7976 -6.58408  189.474 -498.354  116.867
     -10      -10       10 -69.7607 -45.9223  393.881  -570.44 -34.9228
-9.25021 -17.1917  63.3031 -44.2633  -1.9177  226.958 -668.895  31.4814
     -10      -10       10 -36.1918  -17.806  320.696 -598.466 -20.9316
     -10      -10       10 -28.6243 -9.99923  308.712 -597.008  24.6628
     -10 -7.51638       10 -24.3645 -13.9292  307.634 -598.235  3.40706
     -10  2.86147       10 -19.8105  -23.513  309.094 -611.238  14.5945
 -9.3607  8.11789       10 -15.5456 -29.9152  308.038 -620.335  25.9349
 -7.42286        10        10  -12.9821  -33.4637   310.038  -633.771 0.0743155
-3.88244       10       10 -9.02796 -36.1773  286.416 -610.675  42.5609
-0.206461   5.89439        10  -4.01709  -29.8305   253.767  -578.866  -70.9937
-2.44793  4.86422       10 -5.26926 -31.1036  287.274 -602.264   47.852
-4.38556 -1.62719       10 -4.77941   -23.03  311.734 -617.869 -12.8523
-5.95851      -10       10  -1.5692 -11.0749   310.29 -601.368  41.6498
-9.28344      -10       10  2.01917 -12.9657  311.541 -581.938 -19.1362
     -10      -10       10  5.12457 -7.12268  309.673 -571.787  34.6461
     -10      -10       10  4.26215 -14.5311  303.897 -532.676 -47.2163
     -10      -10       10  8.08461 0.759524  309.817 -546.056  33.6598
     -10      -10       10 -1.03934 -35.6468  360.444 -543.912 -117.731
-3.62725       10       10  2.52165 -20.3006  332.358 -543.472  18.6363
     -10      -10       10 -42.8698 -35.7498   144.94
