-113.329 -113.329  113.329  91.0887  91.9145  399.548 -1085.15  110.437
-94.2409 -94.2409  94.2409  89.9256  30.7799  344.725 -1017.12  13.5723
-35.1967 -35.1967  35.1967  50.0224  12.2312  298.479 -759.677  85.7868
     -10      -10       10  22.9845 -18.0414  312.532 -641.858  -3.3489
 3.71486      -10       10  10.6091  -9.9906  310.936 -624.504  32.7793
      10      -10       10   5.1044 -12.6773    308.4 -607.592  4.16823
 10.6663  10.6663  10.6663  6.35306 -33.4649  308.215 -606.277  11.1976
 12.1503  12.1503  12.1503  6.50131 -36.5553  306.457 -603.105  18.5135
 11.2849  11.2849  11.2849  8.98756 -37.2381  306.815 -593.315 -11.4247
 14.3157  14.3157  14.3157  4.59927 -40.7765   285.23 -551.367  24.3233
 34.7437 -11.9907  34.7437 -18.6211 -10.5378   246.26 -543.286 -95.2446
 41.4898  -11.368  41.4898 -20.7639 -16.5255   255.48 -598.044  35.2229
 29.9105  29.9105  29.9105 0.487414 -59.2359   290.05 -647.247  -13.073
 51.7319  13.8304  51.7319 -19.2633 -41.4518  265.787 -697.569  52.2897
  52.5796   52.5796   52.5796  -17.4314  -82.0556   269.325  -711.293 0.0771167
 58.7497  58.7497  58.7497 -18.9817 -82.3463  258.212 -736.983  62.4666
  35.6499   69.7862   69.7862 0.0899637  -98.5232   244.101  -725.332  -9.48911
 40.8229  12.4912  40.8229  16.1103 -24.0765  290.653 -781.126    74.24
-18.3322 -99.2978  99.2978  35.8662  68.9949  100.577  -547.81 -25.6621
 -12.119 -33.8497  33.8497  32.6115  32.6115  32.6115 -275.594  5.21122
-13.2748  5.99723  13.2748 -52.9229 -46.2859  203.306
