 -79.026  -79.026   79.026  71.3142  58.5113  402.807 -992.195  116.569
-69.1587 -69.1587  69.1587  71.2426  2.79885  372.646 -946.961  10.0155
-31.5912 -31.5912  31.5912  49.5656  8.05648  300.975 -733.273  76.5647
     -10      -10       10  27.0799 -18.7877  309.281 -631.616 -2.42243
      10      -10       10  9.56423 -10.1177   309.58 -625.807  32.9819
  9.4766  3.53814       10  11.1488 -26.0942  308.692 -614.229  5.55872
      10       10       10  13.3972 -31.9008  309.566 -615.232  13.4746
      10       10       10  15.7789 -33.1411    308.5 -611.457  20.8812
      10       10       10  17.7106 -34.6022  307.065 -604.909 -7.27399
      10  3.20847       10   17.742 -28.6875  284.437 -559.822  27.4774
 12.6508 -1.31884  12.6508  15.2373 -21.2132   253.15 -517.322 -84.2839
 13.5234   3.9854  13.5234  19.4633 -30.6285  279.492 -570.083  34.9252
  15.243  14.4522   15.243  23.6889 -42.1825  301.309 -623.504  -11.578
 21.4546  21.4546  21.4546  21.2156 -47.0465   295.74 -647.944  43.7758
 30.7859  30.7859  30.7859  12.1955 -58.6319  288.595 -660.916 -2.45511
 33.8182  33.8182  33.8182  13.8872 -56.0524  283.621 -680.466  47.5434
 35.9267  35.9267  35.9267  10.0778 -64.1972  281.035 -659.908 -12.4696
 12.9408  11.4911  12.9408  48.9183 -23.0397  305.953 -684.354  53.1517
-3.69612 -48.5905  48.5905    35.36  12.1732  196.492 -508.627 -38.1487
-19.0807 -54.4009  54.4009  36.3185  50.4365  50.4365  -316.28   -17.25
  11.935  7.44353   11.935 -77.8538 -51.8397  205.966
