-40.5982  66.9794  66.9794   51.155 -75.7495  75.7495 -479.507  131.813
-79.2264  79.2264  79.2264   71.712 -137.481  193.356 -602.229  28.5928
-15.6951  6.81482  59.4055  28.3581 -21.7656  263.646 -749.095  55.3691
 19.9985  19.9985  19.9985  1.17459  -51.084  299.484 -676.478  20.0785
      10       10       10  15.6903 -32.4999  311.017 -667.445  44.1866
      10       10       10  16.4758 -35.4722  309.437 -654.373  25.7788
      10       10       10  18.2862 -33.8983  310.894 -653.827  24.2926
      10       10       10  19.9275 -34.3448  309.016 -647.236  33.6727
      10       10       10  21.1406 -35.0018  307.469 -638.964 0.610337
      10      -10       10  22.0751 -15.1922  288.989 -604.492  38.3853
      10      -10       10  21.5039 -11.5788  279.557  -577.35 -76.5634
      10      -10       10  24.5826 -13.8136  289.422 -595.819  42.9288
 10.2916 -10.2916  10.2916  26.2557 -13.9733  307.227 -617.892 -24.3656
 23.1691 -23.1691  23.1691  12.1552  2.86584  293.422 -626.648  44.1227
  37.266  -37.266   37.266 -4.55598  13.0519  280.038 -629.066 -38.3728
 35.0358 -51.3811  51.3811 -4.92417  33.5032   266.28 -633.212  45.6148
 31.6706 -60.2542  60.2542 -5.45488  30.1452  250.961 -604.385 -81.4013
 22.7661 -49.2091  49.2091  5.07661  31.1185  271.068 -583.914  56.4381
 16.2301 -16.2301  16.2301  30.0595 -51.1654  447.488 -718.986 -172.769
14.3061  32.024  32.024 27.0942 -51.444 429.617 -711.84 25.5615
 44.4284  44.4284  44.4284 -120.733 -85.8436  162.503
