-83.1118 -83.1118  83.1118  48.9927  60.5028  424.789 -1040.49  118.795
-73.4794 -73.4794  73.4794  56.0526  11.6325  384.839 -1002.72  24.6332
-37.7816 -37.7816  37.7816   41.577  16.2753  292.146 -752.181   81.399
-10.4326 -10.4326  10.4326  14.7771 -16.5458  308.424 -636.975   5.1419
 1.04238      -10       10  5.55909 -9.66401  309.123  -624.92  33.7186
   8.0286    3.2895        10 -0.276243  -26.0953   308.571  -610.673   8.98464
      10       10       10 0.362333 -33.0872  309.713 -607.997  13.2327
 8.50841       10       10  4.28598 -34.6139  309.319 -601.814  20.9357
 7.99913       10       10  6.86418 -35.8757  309.337 -594.238 -9.30679
 9.73885  5.64738  15.7147  4.49561 -31.7349  284.545  -556.59  25.5096
 10.1522 -1.79599  27.4379  3.01684 -20.2426  254.376 -533.761 -91.8167
 12.8392  2.73696   31.837  5.38869 -30.0803  267.448 -584.511  34.1959
 15.5153  13.5183   35.323  8.94274 -42.9721  283.016 -640.333 -14.3635
 18.0661  22.4204   39.182  11.7961 -50.0144  279.744 -666.834  47.7326
 23.3207  36.6034  46.3779  8.27294 -66.5375  275.031 -681.987 -2.60501
 26.8282  45.6496  45.6496   11.746 -69.5366  274.097 -704.243  56.8221
 24.5997  46.1066  48.2552  12.7853 -75.8308  272.694 -687.121 -12.0753
 18.3415 -0.98406  21.6209  37.6734 -10.6776  298.462 -712.968   69.728
-14.0296 -76.1792  76.1792  32.3366  44.4895  113.351 -477.483 -35.2626
-16.7623 -34.0828  34.0828  34.4399  34.4399  34.4399 -252.964 -7.13372
-14.6872  3.50392  14.6872 -57.9987 -41.0363  198.762
