0.0288759    14.302    14.302    10.341  -24.5946   71.8378  -313.393   106.076
-12.4929  12.4929  12.4929 -27.6301 -70.1566  279.687 -475.679  10.9421
-12.9959 -24.6193  36.9801 -18.0762  8.35921  289.808  -680.67  39.2749
     -10       10       10 -15.6921 -40.6952  312.848 -611.572  5.99192
-7.46629  9.17921       10  -13.643 -31.7338  308.595  -616.22  32.4374
-6.07156  4.81539       10  -13.356 -30.2603  308.241 -608.917  15.9309
-5.12884  5.67527       10 -12.0065 -29.8597  311.566 -616.231  17.6398
-3.80738  4.64447       10  -10.113 -28.8634  310.389 -618.789  28.5664
 -2.99906   5.37783        10  -7.90578  -29.3907   310.767   -624.08 -0.480028
-0.390546       -10        10  -4.53993  -11.7176   286.066   -593.18   40.9384
   5.251      -10       10 -3.98559 -7.06518  252.037 -548.384 -68.5295
 7.28527      -10       10 -9.03819 -11.0244  283.933  -582.89   47.201
 10.7772 -10.7772  10.7772 -14.9871 -13.6104  309.496 -609.126 -17.4297
 15.6892 -30.9697  30.9697 -23.4543  9.88153  289.676 -623.848  43.2946
 17.5376 -47.2468  47.2468 -28.8964  22.1295  275.999 -630.182  -31.716
 17.3303 -58.9108  58.9108 -30.8176  41.3353  263.071 -630.049  37.2522
 11.0521 -62.4571  62.4571 -26.1225  32.9463  243.065 -580.623 -71.1546
0.322305 -40.2136  40.2136 -14.2995  25.1233  271.086 -537.003  42.4207
-17.6372  44.5161  44.5161 -3.69063 -115.098  424.627 -746.688  -170.35
 -34.4864   97.3255   97.3255 -0.772587  -118.163   439.341  -898.291   2.07102
      10       10       10 -97.9937 -52.3516  201.764
