 7.46156   10.726   10.726   11.931  -11.931   11.931 -174.097  137.712
-64.3223  64.3223  64.3223  48.3695 -122.048  122.048 -369.591  1.86535
-14.4992  29.9672  72.8833  7.06563 -46.6756  237.218 -681.213  32.0066
 22.9211  22.9211  22.9211 -10.6242 -62.5392  303.312 -670.024  14.3971
      10       10       10  7.32485 -40.2252  311.508 -648.185   42.054
      10       10       10  10.1902 -41.9873  308.487 -643.185  26.1541
      10       10       10  12.5965 -39.5148  312.776 -650.772  24.6818
     -10       10       10  35.5586 -37.9178  310.738 -651.199  37.5597
      10       10       10  18.0679  -35.683  306.195 -645.631   3.4837
      10      -10       10  20.3458 -8.30997  288.866 -621.878  47.5443
      10      -10       10  20.2122 -2.17009  281.145 -600.233 -65.9135
      10      -10       10  22.8252 -7.18164  289.654 -611.953  56.9169
      10      -10       10  23.9606 -16.9771  308.009 -624.467 -35.6069
  47.414  -47.414   47.414 -21.1359  23.0516  268.928 -651.128  63.4342
 76.9518 -76.9518  76.9518 -55.2342  44.2803  241.463 -674.142 -73.1952
 69.1768 -118.309  118.309 -60.2665   96.198  200.139 -684.741  78.1798
 55.5988 -135.656  135.656 -47.8168  99.3941  169.402 -674.511 -154.333
 55.7945 -119.138  160.132 -66.7202  102.854  146.984 -618.322  109.235
 137.928  95.0933  137.928 -112.646 -166.512  395.666 -960.969 -318.607
 21.0406  202.764  202.764 -7.86631 -219.132  427.386 -1139.46  41.4576
 56.1343  56.1343  56.1343 -142.299 -86.7261  142.299
