-21.6258  36.4711  36.4711  30.8657 -46.5655  78.7032 -376.286  118.824
-43.3897  43.3897  43.3897  26.2969 -101.455   220.74 -502.751   18.179
-13.4532   -16.45  38.8211  10.8952  1.24087  279.815 -684.174   45.035
-4.83114       10       10  8.15211 -41.0095  313.814 -636.367  9.74191
-1.48119       10       10  7.92722 -32.9124  312.832 -641.821  37.0686
 2.16335       10       10  5.97947 -35.9581  310.404 -632.632  19.3127
 6.03357       10       10  4.38912 -34.5498   311.04 -634.851  21.4423
 7.94964       10       10  4.93675 -34.7613  309.404 -634.101  30.6567
 9.00121 -1.19533       10  6.23897 -23.4356  308.462 -633.265  1.42018
      10      -10       10  7.84624 -13.1677  288.467 -603.191  39.4525
      10      -10       10  9.31785 -9.00478  269.317 -570.914 -69.1659
      10      -10       10  10.3279 -11.9361  288.932 -596.031  44.7581
 13.1529 -13.1529  13.1529  6.92051 -11.1183  305.769 -620.116  -20.901
 27.7982 -27.7982  27.7982 -10.1953   6.6915  290.326 -626.718  43.3778
 35.7806 -44.3996  44.3996  -21.748  18.9325  273.643 -628.955 -36.7631
 35.6522 -59.3871  59.3871 -25.0377  40.7287  257.767  -630.61  43.0289
 28.0267 -67.2307  67.2307 -20.5959  36.2154  242.507 -600.495 -79.8228
 13.8259 -56.1201  56.1201 -5.72289  39.0376  271.807 -592.671  53.5737
-0.648711   30.0308    47.603   15.7819  -98.5297   435.036  -780.371  -181.271
-14.8264  92.8071  92.8071  19.3355 -111.496  406.319 -841.729  19.0416
 18.9474  18.9474  18.9474  -93.705 -59.5048  188.753
