-68.6797 -68.6797  68.6797 -16.6467  46.9638  420.355 -1012.08  93.7357
-52.9886 -52.9886  52.9886 -18.3525 -1.83792  430.354 -1015.12  14.2281
-21.4463 -37.0387  51.5865  -5.6029  21.9833  248.692 -805.283  82.5546
     -10      -10       10 -21.2074 -16.4405  317.392 -649.513  4.58544
     -10      -10       10 -17.1552 -9.84366   307.88 -618.846  30.4461
-8.22667      -10       10 -18.0314 -13.0588  308.274 -595.226  7.80275
     -10       10       10 -13.2383 -33.8024  308.432  -590.73  10.2731
     -10       10       10 -10.3842 -35.1553   308.32 -583.473   21.776
-10.7826  13.4582  13.4582 -7.79111 -39.4024  306.889 -584.517  -12.437
-11.6692  -1.8367  43.7478 -9.11713 -22.8248  249.569 -576.881  25.5983
-9.90084 -2.15037  68.5957  -9.5748 -17.7941  189.785 -566.599 -99.5987
-8.59474  3.61649   78.777 -10.6354 -29.5668  214.801  -644.43  33.0482
-5.96918  16.1119  87.2031 -10.0943 -45.3727  233.733 -717.925 -14.0448
-2.78408  28.3337  95.6482 -7.75857 -56.6294  224.772 -754.754  46.8026
-2.17932   46.124  106.489 -7.50814 -77.1529  216.254 -771.968  3.90053
-1.77658  53.0755  103.658  1.05057 -78.3326  216.291 -795.498  55.2623
-11.4717  41.8418  109.671  8.99626 -72.0257  213.741 -782.533  3.20362
-20.7259 -37.9646  73.2958  42.9894  28.3011  243.504 -805.605  72.9081
-64.8239 -104.121  104.121  67.5008  76.8198  76.8198 -552.458  8.82698
-27.6964  -43.722   43.722  52.7426  52.7426  52.7426 -402.695  14.1414
     -10      -10       10 -51.5407 -17.5157  160.728
