-38.4936 -38.4936  38.4936  21.6129  19.9819  370.435 -833.629  123.977
-31.6242 -31.6242  31.6242  18.1832 -32.9296  375.933 -805.183  21.1293
-18.8928  -31.255   31.255  20.9399  10.4809  295.734 -711.075  66.7476
 -4.80479 -0.866194        10   8.85393  -26.6809   310.274  -632.084   4.23326
 5.23381       10       10  2.34734 -29.0259  311.122 -632.358  34.1565
        10         10         10 -0.0650761   -31.4306    309.303   -621.658    13.3535
      10       10       10  3.39114 -30.9051  309.788 -622.572  17.6068
      10       10       10  6.46117 -32.2448  309.223  -620.33  26.2688
      10       10       10  9.31489  -34.056  308.604 -617.325 -3.24522
      10  4.12227       10  11.0226 -29.9157  285.719 -574.895  32.6916
  9.2338 -4.19472       10  13.9717 -19.0808  258.176 -531.346 -80.8308
 9.76326 -2.45865       10  17.1126 -24.0046  285.441 -573.994  37.6604
      10    2.842       10   21.443 -29.2101  309.122 -614.254 -13.7885
      10  4.03591       10  25.4377 -27.4835  308.807 -618.628  40.9265
      10  7.60421       10  27.2236 -32.9458  309.519 -610.762 -10.8889
      10       10       10  31.2492 -29.2814  306.511 -612.036  41.3643
      10       10       10  30.0086 -35.9194  306.367 -583.865  -30.614
      10  1.05072       10  37.8572 -11.2128  308.382 -612.373  41.9482
 4.76058 -13.5081  13.5081  28.3179 -26.6489   285.52 -489.161 -81.7369
-1.40588 -27.3275  27.3275  22.0502  19.9264  145.642 -324.307 -21.1876
  2.3499  10.0007  10.0007 -74.9347 -55.4103  203.924
