  5.77989 -0.253306        10        10       -10        10   -230.22   130.873
     -10      -10       10 -43.8865 -49.5283  198.034 -189.262 -27.9913
-19.3882 -21.6357  56.0495 -48.8872  1.72251   241.08 -564.726   5.2457
     -10      -10       10 -47.7207 -28.1337  317.168 -540.489 -22.4042
     -10      -10       10 -41.3699  -17.194  308.762 -552.774  15.1722
     -10      -10       10 -35.8801 -19.6313  306.349 -563.062  1.07765
     -10      -10       10  -31.517 -17.0441  309.877 -586.395  8.53044
     -10      -10       10 -24.3858 -16.3243  305.993 -605.883  27.1617
     -10       10       10 -18.1517 -35.2733  306.272 -632.426  1.85326
     -10      -10       10 -7.08121 -9.36465   288.05 -640.324  55.6315
-4.01479      -10       10 -7.11041 -3.71408  276.754 -635.694 -48.3818
      10      -10       10 -22.2421 -8.73779  290.664 -641.756  70.0948
      10      -10       10 -27.5746 -17.0398  310.073 -632.425 -23.7475
 29.9788 -29.9788  29.9788 -53.3007  6.93584  288.572 -630.279  66.9663
 65.9819 -65.9819  65.9819 -97.6769  36.3894  251.924 -644.641 -65.3558
  78.531 -99.2799  99.2799 -121.809  81.8887  217.349 -645.557    70.19
 55.9009 -110.477  110.477 -100.732  78.9081  191.332 -602.438 -153.569
 7.69407 -97.2505  97.2505 -65.5955  87.9476  214.534 -516.543  83.0367
-60.7091  103.733  103.733 -9.90905 -180.072  410.434 -809.584 -348.862
-120.153  200.659  200.659  16.7893 -224.467  449.121  -1133.5  47.7481
      10      -10       10 -86.1183 -30.4495  167.351
