-22.0539  49.7325  49.7325  27.5847 -58.0257  93.9289 -482.622  126.958
  -56.71    56.71    56.71  30.0201 -116.652   239.62 -613.876  30.3386
-23.7394 -5.75644  54.1278   14.565 -10.3004  270.558  -751.44  56.5124
-9.61335  26.9448  26.9448  4.42192 -57.1512  294.033 -674.784  17.8339
-1.80135  12.5812  12.5812  3.67746 -33.6504  309.131 -660.823  42.5147
0.611166       10       10  2.88343 -34.0922  309.657 -639.479  22.9667
 2.55988       10       10  3.56384 -32.7018    310.5 -638.014  23.8706
 4.22617       10       10  4.52134 -33.4039  309.606 -633.695  31.0883
 5.57055       10       10  5.86545 -34.0817  309.264 -631.318  2.03739
  7.2084      -10       10  7.51887 -14.0887  286.862 -593.559  37.1401
 8.74146      -10       10  8.63396 -10.6699  259.703 -549.122 -72.0938
      10      -10       10  8.43219  -13.409  286.853 -583.219  40.1939
  10.747  -10.747   10.747  8.93094  -13.562  309.193 -611.022 -18.0238
 22.5186 -22.5186  22.5186 -3.41491  1.86983  296.309 -615.376  37.3594
 14.2448 -34.3134  34.3134   2.9808  10.6048  283.822 -611.329 -29.3746
 12.9159 -40.3029  40.3029  4.56587  23.7697  277.237 -607.595  33.5469
 10.4828 -41.8778  41.8778  4.69109  14.6303  268.426 -567.596 -66.2142
 10.6884 -21.7063  21.7063  9.86054   8.6339  298.126 -547.796   37.616
      10      -10       10  17.9326 -52.5067  438.785 -686.314 -151.888
 13.6859  16.2029  16.2029  15.5831 -34.4071  455.608 -710.118 -8.12834
 32.9298  32.9298  32.9298 -120.135 -73.4011  170.982
