-53.6955 -53.6955  53.6955 -27.5012  30.5339  441.685 -968.424  102.598
-43.9225 -43.9225  43.9225 -20.3238 -13.4151  427.332 -971.228  16.7669
-15.2351 -40.8377  47.1577  -10.391  24.4998  255.561 -768.999  83.8124
     -10      -10       10 -19.4686 -16.4355  315.669 -640.517  2.19682
     -10      -10       10 -15.9368  -9.1481   310.77 -619.993  32.0021
     -10  2.00757       10 -14.7923  -25.087  307.669 -594.264  8.13484
 -9.5424       10       10 -12.2107 -33.4881  307.564 -589.612  11.9659
     -10       10       10 -9.25608 -35.2216  306.717 -579.908  21.7911
-10.2389  12.9608  12.9608  -7.4256 -39.0645  305.887 -579.448 -11.5606
-9.47845 -4.60582  42.7324 -10.8566 -20.3271  251.137 -569.869  24.5923
-9.69168 -5.79544  63.1295 -10.0196 -14.5029  206.004 -559.579 -97.9769
-6.84447 0.516284  70.9196 -11.0042 -26.6962  226.357 -627.811  32.9855
-6.19202  13.6455  77.7476 -7.73628 -43.0777  244.655 -697.355  -15.567
 -1.5478  27.8313    85.67 -7.16951 -56.0319  236.296  -729.77  47.7419
-0.529095   47.5205   96.0435    -7.063  -78.4201   225.563  -743.886 0.0050154
 3.36307  55.7587  94.4917 -2.80203 -80.6798   223.16 -763.384  58.4364
-3.36999  44.4899  99.6129  2.83045 -74.4691   223.98 -758.375 -1.87926
-10.7763 -37.8255  66.3262  34.7279  28.7176  259.104 -798.656  79.7376
 -60.9712  -102.832   102.832   64.5906    75.336    75.336   -540.69 -0.151195
-26.5346 -42.0715  42.0715   48.632   48.632   48.632 -362.326  10.4755
     -10      -10       10 -57.7862 -19.2678  168.605
