-86.7003 -86.7003  86.7003  41.1574  65.2129  433.824 -1073.53  119.315
-75.4991 -75.4991  75.4991  49.6963  15.8368  381.971 -1015.26  32.4872
-34.8382 -34.8382  34.8382  34.3297  14.3566  289.489 -749.567  85.1238
     -10      -10       10  8.81879 -15.6847  308.456 -637.672  6.39365
-2.77858      -10       10  3.49804 -9.17261  311.172 -627.692  34.2913
 2.68348       10       10 -1.13853 -32.5469  310.189 -609.714  9.69226
 6.18397       10       10 -1.66659 -33.0441  309.618 -604.891  13.3518
 5.59553   10.124   10.124  1.19321 -34.7183  308.554 -596.114  22.2921
 4.18219  11.5601  11.5601  4.47415 -37.2173  307.072 -590.137 -10.6032
 3.04725 -1.78014  27.5012  3.56074 -23.2869  267.927 -560.173  25.0246
 3.20014  -5.8621  42.3719  2.82766 -14.8285  227.881 -537.203  -95.806
 6.96962 -2.23035  45.4239  3.94239 -23.8857  251.206  -596.94  32.7907
  11.908  8.16644  47.9994  5.54433 -36.9568  273.009  -660.12  -14.537
 15.7028   19.741  53.0607  7.36077 -47.0359   267.82 -689.131   46.959
 18.1844  37.2141  60.7956  6.55841 -67.1511  260.345 -701.739 0.720263
 21.0644  49.1738  58.1484  11.2863 -73.2485  259.707 -719.943  56.6419
  17.523  52.2567   63.832  13.3653  -82.027  257.532 -710.484 -4.45755
 17.9902  9.54019  35.3319  33.6544 -20.8263  292.509 -751.188  67.6478
-17.4886 -85.6503  85.6503  33.8165  54.2689  107.644 -505.382 -24.1154
-17.0611 -34.0751  34.0751  37.1536  37.1536  37.1536 -274.696 -15.3352
-10.0639  4.87396  10.0639 -61.6415 -39.4755  197.649
