-52.3419 -52.3419  52.3419  52.0857  33.7051  368.685 -860.892  118.815
-43.0232 -43.0232  43.0232  47.4691 -23.0514  368.338 -832.688  8.63909
-26.4122 -29.5094  29.5094  43.2942  7.37893  300.308 -710.442  67.6815
 -4.0068      -10       10  21.5991 -18.4559   309.49 -630.066 -1.98352
      10  2.52697       10  10.5898 -21.9988  310.323 -630.862  33.2948
 9.54563       10       10  12.7263 -31.7642  309.024 -622.358  9.09239
      10       10       10  15.2907 -31.1618  309.739 -624.792  16.1681
      10       10       10  17.8086 -32.6134  308.863 -622.856  23.9254
 9.84405       10       10  20.1743  -34.294  307.882  -619.43 -4.28959
      10  4.21476       10  20.4002 -30.3423  285.112 -577.301  31.5268
 9.60205 -3.27122       10  21.4972 -20.4133  260.157 -536.191 -80.4909
      10  1.75781       10  25.3502 -28.5485  284.307 -577.815  37.4439
      10  8.87443       10  30.4994 -35.4047  306.684 -620.347 -13.3805
 10.0594  10.0594  10.0594  34.1401 -33.6181  307.454 -628.316  42.7961
 14.9821  14.9821  14.9821  29.6714 -40.5196  303.385 -628.872 -9.69775
 15.7299  15.7299  15.7299   32.499 -35.4981  300.829 -634.815  43.9097
 17.2767  17.2767  17.2767  28.9602 -43.5863  297.856 -609.196  -26.292
      10  5.20716       10  45.6669 -15.9654  307.003  -633.62  46.4136
 6.28927 -23.1204  23.1204  30.4054 -16.9124  269.914 -508.988  -68.384
-1.68947 -36.9704  36.9704  23.3014  28.9832  123.135 -335.699   -12.67
 6.05962  10.8879  10.8879 -70.7923 -58.8677  206.904
