        10        -10         10   -1.88444 -0.0286621    42.6734   -329.741    128.278
     -10      -10       10 -67.2838 -42.4447  331.937 -455.213 -18.6652
-16.1531 -18.6007  63.2605  -43.878  1.02453  230.778 -661.547  24.6734
     -10      -10       10 -42.0329 -19.3206  316.278 -589.565   -15.89
     -10      -10       10 -35.0749 -11.8418  307.523 -593.353  24.5026
     -10 -3.78428       10 -31.4101 -20.4024  307.392 -594.258  4.48614
     -10  2.78076       10 -27.3031 -25.6752  309.928 -608.206  13.8131
     -10       10       10 -22.1708 -33.6038  308.398 -618.729  25.8511
     -10  5.74758       10 -17.3199 -29.7538  309.626  -633.21  1.12793
     -10 -5.75115       10 -8.41435 -18.2123  286.295 -614.516  43.8696
-4.05266      -10       10 -5.27563 -10.5205  255.719 -583.072 -63.3349
-3.57291      -10       10 -9.80945 -13.4261  286.252 -606.111  50.5463
-2.15187      -10       10  -14.326 -14.3459  309.391 -616.579 -12.8556
 2.56087 -11.9565  11.9565 -18.7456 -8.74788  306.673 -601.573   44.075
 2.62742 -25.2867  25.2867 -22.0641  1.89262  294.256 -595.746 -25.6713
 3.20253 -31.2149  31.2149 -23.5429  14.9669  289.379 -588.141  34.0233
0.465178 -28.5688  28.5688 -22.2073  1.90667  281.629  -529.85 -68.3409
-3.12466      -10       10 -17.0068 -2.12529  308.459 -493.432  28.6538
     -10       10       10 -23.3277 -72.2596   444.36 -634.969 -172.897
-22.2477  42.0431  42.0431 -14.6939 -58.5078  470.969 -781.808  10.5231
-7.11369 -9.97439       10 -53.4889 -32.7934  148.492
