-32.4226 -32.4226  32.4226 -25.1285  9.57768  395.917 -826.161   105.96
-22.8183 -22.8183  22.8183  -30.546 -38.3023  424.313 -843.665  5.99518
-17.6249 -43.0389  43.0389 -9.60888  22.1682   273.06 -718.514  66.0282
     -10 -8.10058       10 -14.4326 -19.4823  311.501 -622.261 0.406752
-5.43543  8.28692       10 -15.3004  -28.336  309.379 -615.534  31.5763
-3.30373       10       10 -15.3498  -32.363  308.594  -603.06    10.06
-2.81561       10       10 -12.4622  -31.905  309.668 -604.056  14.6197
-2.57905  9.25336       10 -9.79069 -32.4066  308.999 -599.184  24.3668
-3.65433   10.093   10.093 -6.14913 -34.6917  309.806 -596.314 -7.11234
 -3.14916 -0.967997   23.1405  -6.06472  -24.6087   273.451  -568.166   29.9386
-2.45814 -6.01004  33.3828 -5.11449 -16.2028  239.892 -541.875  -88.394
-0.905756  -1.08861   35.3519  -4.16951  -25.6723   262.569  -590.214   37.3154
 1.31705  7.47726  37.0445 -2.74623 -35.3118  283.728 -638.555 -15.3133
 5.19696  12.7935  41.4657 -2.43268 -38.3505      279 -655.047  46.3861
 6.41709  23.1573  47.3136 -2.47945  -51.028  274.615 -660.202 -7.50282
 9.10792  27.3689  44.6909  1.02717 -49.0218  276.047 -668.949  52.1649
 4.82565  26.1845  48.5323  3.97583 -53.7925  273.319 -652.627 -21.7151
  4.1553 -1.83509  29.2524  19.5869 -7.78103  294.638 -674.151  64.4982
-17.4304 -63.2427  63.2427  21.7786  30.7106  168.226 -493.461 -57.5381
-21.6968 -62.6282  62.6282  29.1439  61.6698  61.6698 -352.476  8.44918
     -10 -8.92422       10  -65.255 -32.5649  187.118
