     -10      -10       10  20.8329 -2.61329  280.324 -618.193  131.102
     -10       10       10  12.8262 -73.3036  339.127 -652.734  21.4486
  1.8348 -29.0581  29.5841  11.5758  11.4096  296.779 -702.622  60.1732
 13.2734  13.2734  13.2734  2.30074 -41.4808  307.855 -647.689  7.27332
11.9957 11.9957 11.9957 7.82716 -31.057 308.972 -650.12 37.7713
 10.7515  10.7515  10.7515  11.2953 -32.4173  308.165 -638.282  17.1574
      10       10       10  15.3679 -30.7174  309.656 -639.721  21.2562
      10       10       10  18.0925 -32.1084  308.816 -637.807  29.0726
      10       10       10  20.6996 -34.1095  308.457 -636.427 0.398455
      10       10       10   21.612 -36.6496  287.406 -597.943  35.3128
      10 -5.90987       10  22.1432 -18.5579  267.504 -559.286 -74.7879
      10 -8.36605       10  25.9195  -18.097  287.427  -591.78  39.7493
      10      -10       10  29.4338 -15.0226  308.305 -621.548 -17.2477
      10      -10       10  31.5875 -10.8974  307.051 -616.356  40.2416
      10      -10       10  32.1258 -12.9692  306.837 -601.817 -22.6959
      10      -10       10  34.1245 -6.43182  304.473 -593.996  39.4107
      10      -10       10  31.7705  -14.928  301.218 -557.655 -51.8727
       10       -10        10   36.5097 0.0861041   308.257  -574.811   43.1107
      10      -10       10  33.6143 -38.9491  366.294  -579.54 -122.547
      10 0.997902       10  26.4485 -14.2222   287.15 -455.898 -4.47136
 11.9418  11.9418  11.9418 -79.9294 -57.5767  203.605
