-17.0148 -17.0148  17.0148 -23.4933 -2.19738  334.889 -690.486  104.529
 -11.848  -11.848   11.848 -38.3213 -50.5679  401.066 -732.308 0.405853
-12.3437 -25.2439  40.9999 -17.1894  3.71789  276.391 -692.259  57.6308
-9.03942  1.61401       10 -16.0138  -29.824  310.309 -612.218 -1.35955
-5.21433   9.6561       10 -15.8529 -29.2272  309.956 -614.043  31.1867
-3.73071  7.78009       10 -14.9667 -29.1026  309.703 -606.299  10.8382
 -3.2654       10       10 -12.1534 -30.5141  311.088  -609.67  15.4129
-3.45731       10       10 -8.83544 -31.5875  310.199  -607.87   26.606
 -3.1452       10       10 -6.26689 -33.4227  310.171 -607.053 -5.15105
-0.940934  -3.80759        10  -3.97137  -21.2915   285.224  -566.567    35.305
0.977843 -7.19256  16.0185 -1.51106 -15.3027   247.41 -531.951 -84.3819
 1.04304 -3.81674  15.7214 -1.77822 -22.2799  278.963 -571.994  40.4585
 2.42623   1.8349   15.317 -1.54614 -28.0113  305.006 -609.422 -14.3311
 5.19289  2.75192  17.4077 -1.13318 -25.7365  302.232 -613.894  43.3407
 7.12207  6.86123  21.2285 -2.44844 -31.9595  299.685 -610.803 -10.5579
 8.98492  8.34347  17.6773 0.657527 -27.2162  304.237 -614.375  43.1194
 5.41724  8.98718  19.8567  2.80252 -34.6264  301.966 -592.402 -29.1961
  4.64892 -0.541902        10   13.4561  -8.71301   315.331  -611.908   46.8302
-7.38612 -26.9401  26.9401  11.8765 -12.7959  265.487 -504.624 -76.3475
-7.99789 -28.3851  28.3851  16.9353  21.6117  192.794 -417.515 -3.48063
     -10       10       10 -67.1433 -56.5785  190.527
