-97.9216 -97.9216  97.9216  47.8571  75.9876  429.919 -1111.68  124.175
-84.1514 -84.1514  84.1514  57.1515  28.0007  375.098  -1050.3  43.4909
-38.4599 -38.4599  38.4599  38.1555  19.6483  283.911 -766.356  89.7993
     -10      -10       10    9.291 -14.2709   307.77 -645.196  11.6455
-1.65744      -10       10  2.59994 -8.61214  310.778 -632.592  35.4121
 5.39025       10       10 -3.64774 -32.4648  310.034 -613.207  12.0381
 9.12347  10.0867  10.0867  -4.4287  -33.385   309.58 -607.301   13.275
 8.20061  10.8857  10.8857 -1.53852 -35.9631  307.986 -597.017  22.7169
 6.84908  11.4823  11.4823  1.68224 -37.6241  307.608 -587.436 -11.9203
      6.0944     -1.30871      27.1729 -0.000495977     -24.1514      269.171     -553.529      23.4229
   5.2548  -7.07863   41.5971 -0.912398  -13.4895   236.855  -530.583  -98.6065
 9.36861 -2.96378   44.389  1.63999 -23.5227  253.124 -589.487  32.6243
 13.9987  7.82461  46.3724  4.51619 -37.1159  274.393 -654.505 -16.8527
 18.0215    20.76  50.9672  6.87608 -48.5201   269.79 -686.788  50.2419
 20.9949    38.85    59.06  6.05214 -69.3682  262.105 -702.667 -1.54079
 24.9258  51.3687  56.1488  10.2506 -75.8036  261.567  -722.85  63.4804
 21.3339  54.6472  62.4977  12.7567 -84.9276  260.079 -717.488  -7.8791
 22.4922   11.076  32.4432  33.3481 -22.2532  298.205  -761.39  79.0009
-12.9641 -86.3853  86.3853  30.0483  56.5078  92.0231 -491.866 -31.3662
-7.15748 -22.8588  22.8588  28.1574  28.1574  28.1574 -235.212 -9.41946
-13.7612  1.78332  13.7612  -58.398 -32.5253  192.107
