 -14.947  4.56329  20.4531  12.2994 -16.0216  183.055  -483.94  112.256
-22.0551  22.0551  22.0551 -2.28921 -82.4214  295.071  -575.64  13.4775
-12.9428 -24.6006  35.3918 0.979205  7.39443  288.337 -690.522  50.5293
 -4.5492       10       10 -3.95243 -38.9007  315.465  -630.84  4.60942
-0.528883        10        10  -4.34938   -30.512   312.952  -633.303   35.4373
-0.36857       10       10 -2.79697 -33.1737  309.544 -621.405  15.8667
 2.31591       10       10 -2.97192 -32.1896  310.152 -623.914  19.7915
      10       10       10 -8.39047 -32.8571  308.913 -621.732  28.4842
  3.87579    4.9814        10 -0.014867  -29.0184    309.28  -622.333  -1.13231
 3.64394      -10       10  3.48417 -14.7873  286.753 -587.002  36.7499
 2.18245      -10       10  7.88266 -11.5933  262.108 -549.782 -75.0845
     -10      -10       10  19.9994 -14.3218  288.417 -582.758  41.2634
 4.18883      -10       10  6.46087 -14.3379  311.543 -612.761 -18.6152
  12.0013  -12.8401   12.8401 -0.468208  -7.72088   308.074  -610.514   41.5379
 15.7663 -21.2867  21.2867 -5.73269 -2.25044  298.686 -605.298 -25.0228
 16.0124 -27.1472  27.1472 -5.69499  10.6087  288.363 -600.388  41.6815
 11.2723 -30.5236  30.5236 -3.41336  3.92588  277.819 -566.724 -53.7064
 6.33577 -19.5517  19.5517  5.94465  8.28197  305.883 -579.889   49.594
 -2.2968  10.2101  10.2101  11.8037 -66.8676  415.152 -661.465 -129.234
-9.02358  39.6348  39.6348  12.3962 -54.1716  358.016 -646.185  8.08531
 11.7694  11.7694  11.7694 -88.1312 -57.4314  198.742
