     -10      -10       10  -53.784  -14.402  378.088 -687.856  90.8582
     -10      -10       10 -65.8068 -51.3155  439.951 -720.279 -44.4094
-8.56053 -24.9165  59.1481 -36.7909  3.74401  234.722  -695.06  48.0962
     -10      -10       10 -30.9301 -18.7779  320.214 -607.004 -20.5891
     -10      -10       10 -24.7559 -10.3377  309.403 -597.863  25.5907
     -10      -10       10 -21.2378 -11.6007   307.66 -594.052  2.36969
     -10       10       10 -17.4661   -31.14  308.778 -603.217  12.8584
     -10  3.88152       10 -13.3551 -26.0488  307.614 -607.269  23.8835
     -10       10       10  -10.347  -33.964  309.577 -611.971  -4.2722
     -10       10       10 -4.94735 -36.0249  286.185 -578.242  36.6799
-0.98084       10       10 -7.37442 -33.2503  256.264  -542.06 -80.1129
 4.87231       10       10 -14.7983 -37.4856  287.176 -575.361    43.52
      10       10       10 -19.1842   -37.43  312.115  -609.73  -13.225
 15.1688  15.1688  15.1688 -22.1714  -40.267   305.25  -615.97   45.028
 18.1274  18.1274  18.1274 -24.5908  -45.028  304.142 -610.963 -10.8163
 15.2809  15.2809  15.2809 -17.1556 -36.6344  304.433 -608.029  44.9778
 5.90147  10.7495  10.7495 -7.73626 -37.2511  310.281 -577.252 -27.0763
     -10      -10       10   17.146  0.80804  315.081 -618.897  50.7277
-48.2308  -55.249   55.249  38.4964  25.0139  204.071 -502.174 -63.7492
-54.5081 -72.0943  72.0943  56.4036  71.0271  71.0271 -425.812  38.0552
     -10      -10       10 -45.5812 -36.1778  151.733
