 4.46696  8.46842       10  15.7604 -16.4969  16.4969 -249.776  126.229
-15.3682  15.3682  15.3682 -31.0469 -69.8097  230.219 -373.303 -4.04931
-19.3315 -16.5713  43.2186 -25.5669 0.175445  269.185  -655.19  33.6071
     -10  5.10535       10 -28.1535  -37.439  319.797 -616.135 -2.97111
-9.75649  2.89912       10 -22.6518 -26.7679  313.059 -617.388  31.7822
-9.75262 0.709969       10 -18.5394  -27.453  309.182 -611.138   12.808
-7.66434  1.92457       10 -16.5532  -27.086   309.83 -619.195  20.2896
-6.03499       10       10 -13.2073 -35.0637  307.281 -625.892  31.0048
-5.40463       10       10 -9.51375 -33.9958  307.535 -634.816  4.21357
-0.158135       -10        10  -7.05335  -10.5082   285.991  -614.559   47.3435
 5.73463      -10       10 -7.13581 -5.81402  264.343  -587.18 -61.3675
8.59807     -10      10 -12.141  -9.645 289.242 -609.74 55.4456
 12.9368 -13.3408  13.3408 -20.3892 -10.8947  309.553 -624.915 -20.9844
 24.4121 -33.9772  33.9772 -36.2125  13.0312  286.076 -626.331  49.9218
 29.8164 -54.2216  54.2216 -46.2764  27.8953  264.469 -623.671 -49.6117
 26.8242 -74.2032  74.2032 -49.0872  57.0735   238.71 -611.027   47.188
 16.6114 -77.7457  77.7457 -40.7381  46.7628  223.008 -562.144 -115.245
-1.62209 -60.0479  60.0479 -27.1027  46.6342  263.521 -525.426  55.0871
-23.9953  53.3947  53.3947 -8.06606 -125.956  458.307 -774.707 -272.016
-46.6341  118.523  118.523 0.643736 -137.434  460.314 -950.965  24.9053
      10       10       10 -93.1574 -46.3316  187.293
