 6.39856      -10       10       10   1.2795       10 -279.559  121.787
-20.6307 -20.6307  20.6307  -50.488 -29.2007  241.919 -358.408 -17.9667
 -26.1107  -16.0659   65.2445  -43.6889 -0.284819   223.772  -650.081   23.6329
     -10      -10       10 -53.3429 -22.7042  317.761 -586.561 -14.0194
     -10      -10       10  -46.115 -14.9881  307.882 -588.419  25.2487
-8.83398      -10       10 -42.8808 -18.1017  305.108  -585.21  5.98563
     -10 -6.21395       10 -37.8832 -20.2661  307.632 -597.703  14.0432
-9.48565  2.68039       10  -32.917 -29.3419  305.369 -607.434  26.2209
     -10  5.28636       10  -27.496  -30.935  306.581 -622.562 0.717748
-5.86746 -4.90463       10 -21.7645 -17.8255  285.154 -608.421  45.4947
-2.08936      -10       10 -17.4715 -7.86942  262.733 -583.203 -58.4794
 1.18365      -10       10 -24.0329  -11.113  286.877 -603.573  54.2407
 7.14397      -10       10 -34.3117 -14.6059  310.033 -613.533 -18.4342
 26.0879 -26.0879  26.0879 -56.4182  4.55922  291.603 -611.408  49.4965
 27.1244 -47.4984  47.4984 -61.9001  21.3141  269.574 -614.903 -41.0689
  26.826 -63.2482  63.2482 -66.2016  44.7269  252.175 -606.497  46.2871
 12.5574 -64.3024  64.3024 -52.0864  32.3341  239.569 -558.087 -94.0306
 -6.4272  -41.075   41.075  -36.938  23.8604  287.163 -521.962  50.6191
-47.7682  60.5208  60.5208 -16.1698 -138.115  445.376 -778.283 -214.003
-74.6093  123.919  123.919 -8.95039 -146.047   469.75 -989.063  25.6787
-7.61889      -10       10 -57.7612 -28.3893  142.713
