 4.40836       10       10  14.8519 -14.8519  14.8519 -182.303  109.276
     -10       10       10 -15.5456 -69.6039  196.239 -296.857 -4.15077
-11.7529 -22.3528  32.8208 -14.5613  6.46634  287.788 -628.925  30.6619
     -10       10       10  -6.8945 -45.9741   312.79 -603.869  2.86058
     -10       10       10 -2.87221 -36.7763  311.139 -614.763  32.2574
      -10        10        10 -0.101521  -39.8866   310.883  -613.778   16.9804
-3.50733       10       10 -3.60859 -37.7073  312.087 -621.165  19.1857
-3.13993       10       10 -0.60089 -36.6821  309.244 -622.153  31.6303
-0.538709       -10        10  0.903936  -14.6368   306.786  -626.959   2.47852
      10      -10       10 -4.57665 -8.61102  287.431  -608.29  45.9274
       10       -10        10 -0.640181   -2.6543   268.542  -585.401  -58.0328
      10      -10       10 -1.81083 -8.31982   289.04 -603.485  52.6758
 11.1847 -11.1847  11.1847 -4.95645 -15.6583  308.213 -616.218  -23.958
 40.1723 -40.1723  40.1723 -40.7273  15.5965  277.961 -630.278  49.9291
 72.4927 -72.4927  72.4927 -78.8222  41.8665  246.443  -653.87 -51.2866
 69.6773 -109.242  109.242  -86.996  87.8771   210.95 -669.053  53.9824
 45.2277  -128.31   128.31 -64.1926  94.6945  179.432 -656.558 -114.548
  8.9049 -125.774  125.774 -37.8116  110.711  194.288 -613.669  72.1769
 -23.6325   137.936   137.936 0.0583249  -211.988   373.606  -927.446    -255.1
-75.5087   223.04   223.04  23.9976 -247.566   409.64 -1159.25  14.1053
      10       10       10 -98.8025 -46.7308  202.665
