-126.598 -126.598  126.598  118.653  104.637  416.705 -1170.19  126.703
-112.375 -112.375  112.375  119.799   47.891  331.366 -1051.11  29.9468
-31.4138 -31.4138  31.4138  58.6837  9.45401  298.593 -753.262  88.0765
     -10      -10       10  34.0825 -16.7874  306.668 -637.559  2.48435
-0.444615       -10        10   26.5769  -8.93706    309.96  -631.188   32.7094
      10      -10       10  17.2719  -12.262   307.96 -615.491  7.06591
      10       10       10  20.0336 -32.5235  308.398 -615.173  12.4991
      10       10       10  22.5688 -34.3213  308.461 -611.513  19.8492
      10       10       10  24.6149 -35.8793  307.937 -604.298 -9.29343
      10       10       10  23.4348 -36.3771  286.517 -554.047  24.1486
      10       10       10  22.8524 -32.4029  268.399  -512.59 -89.2227
      10       10       10  30.4856 -37.5013  284.309 -561.792  34.4085
 10.3978  10.3978  10.3978  38.9036 -39.3967  305.694 -622.336 -12.2044
 19.7732  19.7732  19.7732   33.787 -46.5685  297.324 -657.336  49.3707
  34.257   34.257   34.257  19.5329 -63.0831  284.146 -681.113 -2.39174
 42.7249  42.7249  42.7249  14.5547 -65.7636  270.355 -704.229    55.94
 47.7256  47.7256  47.7256  8.17592 -76.3094  269.159 -694.522 -14.1885
 23.0194  23.0194  23.0194  50.2071 -34.9868  297.858 -724.873  62.4927
-1.84566  -44.998   44.998   38.473  11.9446  170.183 -465.696 -40.9558
-3.14255  -20.547   20.547  19.5994  19.5994  19.5994 -179.725 -16.6005
-14.6195  14.6195  14.6195 -49.9774  -53.424  202.294
