-35.5696  35.5696  35.5696  46.3934 -44.0061  46.3934 -344.519   126.37
-48.0576  48.0576  48.0576  19.7497 -104.383   212.45 -505.175  13.1348
-16.6344 -16.2301    41.19  1.67891  1.51503  283.562 -701.245  47.2999
-10.8924  10.8924  10.8924  3.09003 -42.1659  313.623 -640.993  11.2283
-6.43477       10       10  2.84171 -33.2149  310.802 -640.522  39.3038
-3.68226       10       10  2.32428 -36.4234  308.854 -631.451  20.4264
-1.37889       10       10  2.58484 -34.9667  311.519 -635.789  22.2886
0.319542       10       10  3.87965 -35.0655  310.569 -635.677   31.699
 1.81834       10       10  5.28822 -34.7718  309.857 -636.075  1.79832
 4.55476      -10       10  6.55233 -12.6951  288.456 -604.531  41.4989
 7.53185      -10       10  5.02296 -8.37371  270.122  -568.08 -69.2209
      10      -10       10  4.01093 -11.5987   288.05 -592.928   48.384
 11.6763 -11.6763  11.6763  1.94549 -12.8669  307.975 -615.376 -23.3665
 27.2331 -29.3106  29.3106 -16.5262  8.28501  289.678 -623.746  47.4937
 44.2637 -44.2637  44.2637  -36.562  18.4117  276.397  -625.61 -43.7814
 33.6641 -61.7647  61.7647 -30.0611  43.7579  256.414 -623.866  46.4234
 23.5803 -69.0903  69.0903 -22.9927   37.956  237.381 -584.544  -95.679
 11.3417  -56.152   56.152 -11.6111  40.0686  264.963 -557.974  57.9524
0.793926  25.0103  32.4303   9.2526 -94.8761  457.783 -757.671 -209.944
-15.1903  83.1223  83.1223  15.4404 -101.895  439.607 -850.158  25.8161
 18.6093  18.6093  18.6093 -101.295 -56.6416  192.377
