0.688722      -10       10 -24.1472 -5.28521  154.954 -441.497  112.337
-10.5077 -10.5077  10.5077 -77.8228 -44.9357  389.371 -550.272 -35.9123
-10.0581 -13.3417  67.0274 -50.6865 -6.14837  223.198 -672.487  29.4566
     -10      -10       10 -43.0443 -17.8375  317.702 -590.877 -20.6461
     -10      -10       10 -35.9055 -9.92189  306.729 -589.562  25.2079
     -10 -7.59975       10 -31.8651 -13.7392    305.8 -591.893   2.5441
     -10 0.889329       10 -27.8494 -21.2085  307.807 -604.436  14.6076
     -10  5.89318       10 -23.3058 -27.5683  306.879 -612.739  24.3046
     -10       10       10 -19.4211 -33.6196  309.084  -624.44 0.193192
-6.95777       10       10 -15.0624 -37.1283  286.967 -600.892  39.6389
-5.24771   1.0866       10 -9.04368 -26.3075  259.556  -568.54 -67.4744
-5.20692  1.26659       10 -12.0821 -28.2178  288.533 -594.629  45.1112
-6.15665  -5.8489       10 -13.0484 -18.4986  311.442 -611.351 -12.5312
-6.98907      -10       10 -10.5178 -10.5177  308.856 -595.442  40.2503
 -6.9271      -10       10 -10.3542 -12.0705  309.271  -576.83  -18.125
-8.75295      -10       10 -6.59436 -6.53903  308.889 -568.703  35.0255
-9.68976      -10       10 -6.68875 -14.5828  304.584  -532.86  -44.465
-6.63736      -10       10 -6.40456 0.172344  312.054 -549.732   34.834
     -10 -9.61126       10 -14.9177 -39.7495  367.479 -554.599 -108.694
     -10       10       10 -7.16194  -22.295  365.183 -581.112  19.5659
     -10      -10       10 -43.8461 -37.4664  139.468
