-40.3823  37.3935  40.3823  39.1347 -60.9535  60.9535 -279.921 -26.5942
      10       10       10 -11.6164 -65.0123  477.446 -895.377  149.541
 52.1304 -14.9569  52.1304 -46.0675  -16.782  283.414 -760.216  -10.022
 36.1161  25.7672  36.1161 -30.3493 -52.4813   281.59 -671.537  71.2833
 24.8852  18.2494  24.8852 -15.0347 -40.9671  294.724 -655.891 -2.74019
 15.6863  15.6863  15.6863 -3.26192 -35.8882  304.568 -635.238  45.1183
  14.3823   10.9279   14.3823 -0.514884  -31.8181   306.346  -627.951 -0.519278
      10      -10       10  5.53521 -10.8208   310.83 -612.225  36.7568
      10      -10       10   6.2882 -14.1483  311.931 -605.607 -14.2665
 11.4418 -11.4418  11.4418  4.71371 -17.1648  286.463 -559.275  31.0234
 48.1699 -18.6447  48.1699 -37.1255 -7.78441  228.238 -577.624 -96.8219
 132.111 -13.7834  132.111 -136.674 -15.8223  136.674 -670.719  21.8108
 46.5693 -6.99428  46.5693 -25.8059 -18.1997   287.29 -690.387 -5.91358
 14.4564 -3.12651  15.3325  14.4801 -20.1579  307.299 -633.993  24.6905
-15.2943 0.780206  15.2943  46.3517 -22.4051  301.776 -626.606  22.0444
-10.9596  4.28182  10.9596   46.628  -22.783  307.381  -632.83  7.36305
-17.0479  11.8024  17.0479  53.3596 -29.3146  293.368 -628.897   50.827
-16.9785  16.9785  16.9785  62.4216   -27.43  312.277 -694.654   -12.04
     -10       10       10  59.5274 -31.0992  448.112 -824.604  77.6676
  14.896  6.17817   14.896 -15.1584 -25.0184  27.5189 -69.0828 -159.542
-27.8164  27.8164  27.8164 -39.3779 -96.6823  178.928
