-41.5011  40.6961  41.5011  46.0481 -66.0554  66.0554 -276.137   -26.27
      10       10       10  25.5319 -64.5136  475.431 -906.661    148.4
 43.6687 -17.0991  43.6687 -11.0393 -14.4355  292.474 -752.326 -9.04569
 22.2224  22.2224  22.2224  10.1123 -48.6349  294.588 -660.348  68.9974
  11.1859   11.1859   11.1859   25.3054  -33.7404   308.761  -649.459 -0.493795
      10       10       10  26.9264 -30.4017  308.526 -635.518  42.6365
      10       10       10  28.1529 -31.1473  309.253 -632.708  0.60361
      10  5.47833       10  28.7467 -26.5307  308.378 -623.961   35.009
      10      -10       10  29.5638 -14.4998  310.159 -618.291 -13.7583
      10      -10       10   26.643 -18.0846  283.751 -559.872   28.021
      10      -10       10  24.8733 -16.5014   253.08  -507.07 -96.4058
      10      -10       10  30.7073 -18.8012  282.529 -563.815  24.9785
      10 -4.25581       10  37.6364 -21.1357  307.981 -622.905 -4.16617
       10 -0.145862        10   41.0694  -22.3445   306.531  -632.419   20.6536
     -10  3.30905       10  63.6174 -24.8026  305.745  -636.25   24.135
     -10  4.35388       10  67.1769 -23.0275  303.302 -645.292  5.19681
     -10       10       10  68.6505 -28.3084  297.636  -638.12  54.7527
     -10       10       10  79.3694 -22.5565  316.129  -710.63 -14.0925
     -10       10       10  89.8437  -34.168  446.287 -850.105  84.5945
-10.8646  5.26944  10.8646  15.4332 -25.3884  25.3884  -70.287 -159.311
-25.8488  25.8488  25.8488  -28.429 -94.3422  187.422
