-47.5312 -1.82174  47.5312  12.1671 -20.4977  44.7172  -217.62 -60.1243
 -75.328 -8.37208  98.2937 -68.9595 -46.7334  364.172 -911.007  114.504
 -39.381 -36.2291  158.657 -64.4849  5.91834  161.744 -864.784 -37.5805
-26.8744 -10.1955  209.214 -83.5098 -16.6322  83.5098 -876.647  54.9707
-36.1307 -16.3298  224.249 -77.5515 -5.65135  77.5515 -923.053 -22.0932
-50.6455 -22.0508  234.769 -64.1563  2.55188  64.1563 -931.135   36.436
-57.8473 -25.4148   241.92 -57.5426  5.61586  57.5426 -944.854 -13.7001
-62.8311 -24.8831  246.126 -52.7937  5.09392  52.7937 -949.273   34.997
  -63.759   -22.605   247.995  -52.2842 -0.694275   52.2842  -952.548   -23.196
-83.6777  -21.657  246.801 -25.2449 -5.96476  25.2449 -898.054  34.2325
-89.2717 -25.9468  237.675      -10  0.54647       10 -848.469 -101.939
-83.3772  -19.517   248.13 -24.0663 -9.33337  24.0663 -902.292  32.4988
-73.7527 -18.5063  246.215 -38.7453 -6.58928  56.7516 -958.319 -9.47115
-70.2074 -18.7597  244.949 -39.7526 -3.42708  55.7001 -956.877  27.3752
-73.3319  -18.009  237.777 -33.7685 -2.97614  63.1816 -949.346  21.3023
-76.2146 -13.8112  224.575  -26.036 -4.37982  76.9131 -938.074  15.7331
-76.7869 -7.94895  210.086 -19.6644 -9.28353  85.0114 -908.224  57.4039
  -70.4106 -0.0779622    172.871   -16.2249   -11.0783    138.842    -911.05    6.90226
-80.8109  26.0752  86.8157  -38.581 -48.7681  370.822 -933.167  107.095
-18.0186 -13.8121  18.0186  9.01729 -3.49439  22.9323 -113.062 -118.161
-108.249 -13.9433  108.249 -24.2173 -56.1855  56.1855
