-40.0858  40.0858  40.0858  79.5394 -75.6869   96.707 -386.221     71.8
 19.1884  40.3614  40.3614  89.7039 -101.952  407.634 -1047.15  277.396
 25.5116  15.1858  58.5704  56.9155 -40.3243  294.502 -825.345 -47.9003
 45.9323  45.9323  45.9323  40.9007 -76.0212  265.915 -749.277  108.505
 28.5478  28.5478  28.5478   65.643  -55.906  282.819 -725.488 -14.7763
 10.6383  10.6383  10.6383  92.2142 -35.2565  297.451 -703.895  61.1619
      10       10       10  98.5781 -35.9247  297.062 -702.485  1.75619
      10       10       10  103.479 -34.1464  294.489 -698.423  45.2093
      10       10       10  107.682 -36.8253  289.783 -690.488 -4.19506
      10       10       10  101.165 -37.8688  263.466 -626.243  32.4476
      10       10       10  93.6514 -35.3857  239.214 -562.837 -95.0634
      10      -10       10  108.036 -17.3158  256.758 -611.193  23.8543
      10      -10       10  124.056 -14.4838  277.727 -667.121  -2.2761
      10      -10       10  130.332 -12.5397  279.084 -673.106  18.3438
      10      -10       10  134.633  -12.497  276.401 -669.421  15.8808
 8.50477      -10       10  139.151 -13.1351  272.967  -659.59 -1.50546
 10.2673 -10.2673  10.2673    140.2 -14.9468  265.956 -650.853  30.8926
  32.069  -32.069   32.069  135.715  1.66618  272.025 -738.456 -28.2266
 40.7476 -40.7476  40.7476      185 -0.49051  368.617 -947.418   42.487
-12.3958 -12.3958  12.3958 -2.22892 -10.2652  10.2652  97.8931 -243.484
-71.7461  71.7461  71.7461 -36.6825 -143.747  143.747
