-35.4761  35.4761  35.4761  42.9411 -52.6842  61.9944  -396.44  63.0294
  51.613   51.613   51.613 -119.458 -109.159  447.689 -1072.16  228.343
 64.5875 -1.17691    86.33 -98.8223 -29.9848  254.865 -855.207  2.78227
 60.6814  59.3489  88.6295 -90.3178 -87.5065  215.907 -752.719  98.2259
 51.0613  36.2651  70.2545 -72.5062 -61.2406  244.363 -732.793  8.15227
 39.2495  40.6214  40.6214 -51.6084 -62.7438  276.365 -681.726  61.3878
 32.5191  33.3706  33.3706 -38.7146 -56.7551  286.842 -667.847   8.8487
 52.8672 0.367671  52.8672 -57.8664 -22.0732  267.093 -678.221  48.9531
 57.9521 -4.16835  57.9521 -59.0466 -21.4882  265.796 -681.583  -8.7869
 57.2001 -12.1614  68.7985 -57.3329 -17.4892  224.253 -623.318  36.3785
  73.155 -26.5294   73.155 -71.3274 -2.06826  189.473 -562.792 -107.132
 69.2273 -23.2251  69.2273  -58.339 -8.31569  225.124 -619.468  30.1819
 37.4476 -18.0431  69.6761 -16.3258 -9.91128  253.378 -680.522 -2.82348
 10.1974 -18.5262  71.6616  17.3157  -6.4994  252.013 -682.991  19.1971
-14.0946 -17.1801  71.2975  48.0991 -4.77536  249.352  -676.41  18.3696
-37.5362 -6.94272  69.9594  77.1188 -9.64576  248.489 -664.882 -12.9043
-69.0586    17.78  69.0586  113.607 -28.4768    240.9 -645.861  32.5351
-64.4393  68.7334  68.7334  120.834 -66.5327  268.702 -695.016  -60.888
-53.8497  57.8981  57.8981  132.508 -60.9204  376.383 -808.136  33.0771
-18.4084 -18.4084  18.4084 -4.71734  3.54185  12.1847  81.9889 -238.812
-62.7872  62.7872  62.7872 -59.9561 -134.307  134.307
