 2.97918       10       10  41.8499  1.41314  41.8499 -467.272  168.249
 30.6017  30.6017  30.6017 -127.241 -92.0231  506.309 -1149.45  442.611
 56.1936  -26.168  85.8098 -99.8281 -6.94209  250.807 -879.322 -47.0897
 53.7571  63.0732  145.545 -97.4566 -93.9348  148.823  -834.92  170.302
 54.4394  47.6632  141.334 -88.6541 -79.8506   169.13 -843.723 -12.6438
 84.0515  84.0515  84.0515 -100.633 -115.138  234.335 -766.843  100.243
 81.0748  81.0748  81.0748 -87.6204 -114.641  242.914 -767.127  7.25674
   144.964 -0.0203862    144.964   -153.665   -28.3186    177.717   -826.618    75.2679
 162.289 -8.28216  162.289 -163.683 -21.2454  163.683 -850.762 -6.22671
  93.497 -11.8413  186.051 -95.9563 -16.6794  95.9563 -776.012  58.3701
 136.237 -31.6914  136.237 -124.048   8.0552  124.048 -673.681 -138.805
 156.707 -36.3884  156.707 -136.825  5.81842  136.825 -753.979    53.14
 79.0304 -39.0078  211.324 -55.6691  8.90233  112.906 -865.595  1.56151
  23.055 -38.6897  218.125  6.78613  10.0078   113.97 -867.978  21.2206
-20.7834 -32.9314  218.119  57.0634    9.361   106.25 -842.242  18.3229
-65.9324 -2.88733  208.655  103.192 -13.6609  103.192 -769.945 -50.0391
-125.124  54.6353  125.124   184.76 -56.6919   184.76 -664.071  15.5952
-98.7693  162.474  162.474  155.815 -145.763  155.815 -676.946 -161.226
-111.351  111.351  111.351  226.038 -85.0821   326.42 -788.061 -3.11564
-23.6396 -23.6396  23.6396  -13.105  5.27839   13.105  239.176 -309.093
-60.0912  60.0912  60.0912 -62.8748 -136.652  136.652
