      10       10       10  62.2396  50.8165  62.2396 -606.871  171.792
      10       10       10 -129.109 -86.0361   481.52 -1077.03  677.387
 1.75265 -76.9107  76.9107 -59.6407  31.6319  234.246 -839.442 -188.924
 39.9626  61.8618  61.8618 -82.1263 -115.058  234.657 -745.478  257.588
 52.9828  79.5391  106.766 -94.4981 -142.092  203.856 -814.957 -72.3748
 55.9856  109.967  109.967 -87.3988 -172.235  205.829 -810.134  129.849
 110.736  110.736  110.736  -129.43 -178.942  212.342 -824.803 -11.4251
 156.707  20.5461  156.707 -170.354 -78.1414  170.354 -875.929  89.8362
 164.662 -7.02298  164.662 -163.726 -42.1573  163.726 -889.572 -1.89954
 42.0841  6.45346  229.037 -46.8582 -28.3641  46.8582 -823.872  65.2193
 144.478  -8.0583  144.478 -124.581  1.18311  124.581 -710.435 -132.514
 165.054 -36.6932  165.054 -134.808  11.6238  134.808 -797.295  57.3449
 56.3499 -58.7011  281.825 -37.5122  17.2118  37.5122 -936.293    20.23
 25.7212 -68.0003  301.026 -2.58872  19.3599  27.4887 -947.259  4.04808
-4.85672 -38.7103  283.103  37.8787 -4.13289  37.8787 -894.323  48.8397
-31.2241  33.9794  236.634  67.0433 -67.0433  67.0433 -754.058 -115.826
-114.816  114.816  114.816  176.268 -126.933  176.268 -575.899  66.1515
 -44.213   166.99   166.99  106.923 -152.521  152.521 -599.089 -311.347
-114.482  114.482  114.482  285.321 -81.4764  403.898 -865.908  125.296
-26.1191 -26.1191  26.1191 -15.7147 -5.56925  15.7147  249.853 -409.071
-50.5094  50.5094  50.5094 -70.8892 -131.184  131.184
