-44.2119  44.2119  44.2119  63.6266  -71.664  83.1747 -381.217  87.8048
-7.72629  47.0009  47.0009  41.0407 -105.615  427.744 -1027.87  250.461
 4.56675  13.0981  74.7276  22.3997 -40.0846    273.4 -803.462 -11.7372
 18.0689  49.7813  49.7813  17.1432  -78.671  266.029 -715.544  94.9728
 20.6269  26.7268  26.7268  23.4267 -52.1642  292.398 -688.965  2.85306
 10.0211  10.0211  10.0211  41.3367 -33.0743  307.626 -661.762  53.6539
      10       10       10  46.5123 -33.8947  308.511 -660.892  8.71404
      10       10       10  51.4472 -33.2102  307.447  -657.24  41.5997
      10       10       10  56.4822 -36.3872  306.781 -654.749 -2.48155
      10       10       10  54.1758 -38.5892  278.835   -591.4  31.8111
       10 -0.215556        10   51.1504  -26.1825   251.035  -528.845  -94.3174
      10      -10       10  62.8637 -18.0881  274.635 -581.739  24.7921
       10       -10        10   75.7468  -14.6855   299.008  -638.326 -0.952835
      10      -10       10  81.4682 -12.6003  298.787 -640.497   16.522
 3.30159      -10       10  92.8612 -11.8202  296.391 -635.863  18.5768
-2.65636      -10       10   103.04 -10.7786  293.589 -628.292 -8.89735
     -10      -10       10   112.84 -11.1782  284.682 -609.833  35.1823
 -8.2822      -10       10    127.6 -9.35899  310.314 -670.198 -42.1677
      10      -10       10  152.358 -19.7534  433.646 -851.876  42.5823
-10.5414 -10.5414  10.5414 -7.11384  -10.125   10.125   107.45 -235.721
 -69.314   69.314   69.314 -42.9484 -137.609  137.609
