-41.3992  41.3992  41.3992  52.9753 -63.9695  72.1695 -388.959  83.7716
 -15.0533   51.6016   51.6016 -0.824402  -109.638   436.823   -1037.8   227.522
 21.4297  9.15619   82.289  -23.889 -37.7779  259.871 -824.731  5.78455
  53.142   53.142   53.142 -47.3348  -81.414  261.742 -718.112  97.0987
 33.4026  33.4026  33.4026 -19.7026 -57.7075  287.189 -692.565  9.13891
 16.0084  16.0084  16.0084  4.56057 -37.6013  304.467 -658.438   58.664
      10       10       10  16.3534 -32.9376  312.345 -647.976  8.84829
      10       10       10  20.6812 -32.2028  311.962 -640.705  46.8068
      10       10       10  25.4278 -35.5723  312.731 -637.372 -6.51889
      10 -2.53052       10  25.6796 -26.4527  282.028 -569.083  34.5262
      10      -10       10  25.2328 -17.0289  250.596 -502.897 -102.136
      10      -10       10  35.1117 -19.6408  280.276 -563.295  28.0241
      10      -10       10  46.6402 -16.1629  308.896 -626.263 -2.48712
      10      -10       10  52.5899 -13.3721  308.948 -628.032  17.3346
 5.43614      -10       10  61.9898 -11.7279  306.066 -620.718  20.3168
-0.82487 -3.36628       10  72.4783 -15.0403   302.09 -609.663  -13.261
     -10       10       10   83.593 -25.7473  291.897 -582.695  36.0118
-2.90241   10.583   10.583    89.07 -20.1157  313.892 -630.541 -56.2243
      10       10       10  106.671 -27.2212  442.521 -792.373  39.4081
 -11.027 -9.36309   11.027  -7.4811      -10       10  100.876 -236.465
-66.8735  66.8735  66.8735 -44.1155 -134.609  134.609
