-36.7433  36.7433  36.7433  69.9046 -25.1789  69.9046 -670.755  102.428
-153.569  34.9253  548.121 -126.147 -126.147  126.147 -2416.52   230.95
-79.9587 -91.5327  180.243 -42.7033  71.9484  120.594 -825.741 -18.6236
-88.7444 -19.2798  307.458      -10      -10       10 -1180.92  93.0405
 -76.414 -12.6498  282.727 -14.7462 -14.7462  14.7462 -1027.73  26.9684
-31.7016  19.3216  250.496  -46.061  -46.061   46.061 -948.463  59.2667
-4.86067  32.7102  238.458  -66.557  -66.557   66.557 -923.949  21.5213
 11.3836  40.9625  237.886 -75.2647 -75.2647  75.2647 -922.087   54.316
 17.5064  36.1679  240.507 -74.2352 -74.2352  74.2352 -915.728  4.67369
0.128941  14.4017  240.751 -50.5949 -50.5949  50.5949   -848.6  44.3278
-18.5866 -2.41786  241.641 -27.9165 -27.9165  27.9165 -780.225 -119.244
-10.1069 -4.18336  269.352 -30.9009 -30.9009  30.9009 -871.201  40.3544
 -9.3052  -9.2269  307.575 -26.9765 -26.9765  26.9765 -973.305  17.3902
-14.8202 -14.8185  324.025 -17.1141 -17.1141  17.1141 -980.237  7.61634
-14.8111 -12.2599  321.526 -12.3008 -12.3008  12.3008 -932.293  38.2425
-14.4515 -2.48226  312.449      -10      -10       10 -856.589 -88.4168
  -11.06  20.1004  292.533 -10.4771 -10.4771  10.4771 -746.847  55.0121
-3.51233  60.8591  266.574 -10.1481 -10.1481  10.1481  -626.44 -240.498
-22.6606  64.2704  152.353      -10      -10       10 -199.999  205.038
-32.9673 -32.9673  32.9673  -23.359 -6.12622   23.359  130.116 -434.156
-158.428 -66.1672  158.428  -9.1085      -10       10
