 70.4149 -20.1997  70.4149       10      -10       10 -407.953 -140.648
      10       10       10  350.742 -103.163  350.742 -1426.25  445.344
      10      -10       10  266.153 -25.6269  266.153 -1063.79  -248.89
      10       10       10   229.21 -29.3531   229.21 -903.143  296.907
      10       10       10  222.988 -93.6114  222.988 -859.204 -258.818
      10       10       10  226.516  17.7844  226.516 -848.169  252.457
      10       10       10  220.297 -104.404  220.297  -809.29 -269.216
      10       10       10  226.467  47.2467  226.467 -802.102  285.667
      10       10       10  217.532 -125.517  217.532 -760.869 -347.755
 75.3958  75.3958  75.3958  155.105  17.5441  155.105 -839.347  378.319
 127.422 -127.422  127.422  43.9077 -43.9077  43.9077 -703.801 -449.514
  212.61  81.1103   212.61   23.065   23.065   23.065 -1014.99  485.612
 167.174  -88.289  167.174  51.1204 -51.1204  51.1204 -878.284 -513.272
 196.147  74.9744  196.147  32.2974  32.2974  32.2974 -930.816  495.506
 200.771 -119.662  200.771       10      -10       10 -872.079 -449.309
 221.253  86.6284  221.253       10       10       10 -944.353  345.163
 156.587 -156.587  156.587  30.3492  30.3492  30.3492 -711.147 -234.236
  134.29  -134.29   134.29  134.819  134.819  134.819 -857.577 -120.005
 235.665 -235.665  235.665  79.1867  79.1867  79.1867  -1119.5   291.06
      10      -10       10  98.9706  68.4815  98.9706 -245.872 -395.662
  -106.7  49.8414    106.7  63.8185 -136.888  136.888
