-49.8131  6.07071  49.8131  27.1427 -12.7772  48.4277 -378.988  26.9512
-167.556 -27.2949  395.761 -29.9093 -29.9093  29.9093 -1598.44  93.6784
-14.5116 -91.2377  196.385  -121.38  68.8308   121.38 -917.235 -14.3476
-116.764 -15.9198  292.795 -10.4154 -10.4154  10.4154 -1129.18  47.5321
-114.141 -9.05856  286.476 -14.1246 -14.1246  14.1246 -1056.53  6.05013
 -100.602 -0.613254   274.217  -21.8398  -21.8398   21.8398  -1005.08    36.276
-93.9997  1.94643   269.94 -25.9939 -25.9939  25.9939 -978.055  3.87931
-88.9322  4.67955  268.035 -29.1045 -29.1045  29.1045 -959.647  33.6569
-84.1459  3.98658  263.725  -30.445  -30.445   30.445 -934.594 -11.4425
-84.0233 -7.64368  249.137 -21.7333 -21.7333  21.7333 -857.458  27.9584
-88.1908 -17.4551  241.279      -10      -10       10 -799.276 -92.4819
-94.4185 -20.3295  268.073      -10      -10       10 -885.508  27.6072
-100.443 -18.1507  287.259      -10      -10       10  -929.23 -6.23311
-100.409 -15.6119  293.924      -10      -10       10 -937.823  12.7162
-96.4799 -13.9295  293.656      -10      -10       10  -931.34    16.39
-110.766 -6.80903  291.629       10      -10       10 -920.098 -4.92802
-107.142 -19.9767  291.477  11.7614  11.7614  11.7614 -919.952  53.5723
-106.578   1.0677  318.041  12.7115  12.7115  12.7115 -1004.87 -18.0429
  -127.6  -1.8233   337.11  15.6099  15.6099  15.6099 -1001.54   106.73
-24.8848  -24.308  24.8848 -16.0011  16.0011  16.0011  18.8658 -232.767
-159.308 -71.1392  159.308 -2.66728      -10       10
