 31.2955 -96.0905  96.0905 -190.094  70.3461  190.094 -826.856 -43.2172
 -72.658  26.5098  318.427 -10.4048 -10.4048  10.4048 -1658.42  593.614
-146.317  12.5637  146.317 -91.8398 -91.8398  91.8398 -471.973 -419.194
-146.307 -57.7348  276.202      -10      -10       10 -1244.76  186.286
-225.859 -151.846  225.859      -10      -10       10 -907.179 -146.144
-154.462 -83.3007  269.648      -10      -10       10 -1167.94  15.9701
-225.191 -147.276  225.191      -10      -10       10 -834.834 -73.4177
-157.219 -77.5504  267.518      -10      -10       10 -1058.84 -11.8883
-185.131 -70.9076  251.038      -10      -10       10  -861.72  2.74959
-132.708  49.9679  279.956      -10      -10       10 -876.407  36.3864
-134.064  88.4631  283.489      -10      -10       10 -803.206  95.3282
 -118.78  35.3343  290.347      -10      -10       10 -957.939   38.699
-137.419 -76.8685  278.848      -10      -10       10 -1055.02  116.156
-143.241   -132.5  275.532      -10      -10       10 -1115.48 -105.869
-164.861 -159.984  260.987      -10      -10       10 -1031.85  157.114
-167.024 -163.903  262.832      -10       10       10  -996.66 -369.144
-228.863 -154.062  228.863  13.0982  13.0982  13.0982 -726.532  283.928
 -187.309 -0.702208   291.073        10       -10        10  -820.441  -669.802
-226.989 -182.667  226.989  113.365  113.365  113.365 -1124.92  1137.05
-120.346  86.0474  120.346 -5.01942  67.5797  67.5797 -94.7277  -433.15
-105.193  24.1484  105.193 -94.6873 -94.6873  94.6873
