 -7.0751  56.3381   143.58 -76.4143 -83.2833  172.568 -682.614 -87.3445
 39.2374 -14.6108  39.2374 -74.0593 -39.7834  282.742 -694.683  171.472
 77.7593  2.77469  77.7593 -122.191 -32.3147   243.29 -729.781  -47.713
 17.9107  17.9107  17.9107 -51.0814 -43.4942  304.217  -631.69  83.8437
 14.5548  1.06515  14.5548 -48.0809 -21.6564  307.597 -610.516 -20.6548
 19.7252 -3.53124  19.7252 -54.2462 -14.6587  302.228 -608.876  50.6116
  41.864 -9.94051   41.864 -78.7982 -9.05953   279.89  -641.32 -14.7078
 130.597 -11.5108  130.597 -188.742 -9.44196  188.742 -727.855   32.355
 30.9095 -30.9095  30.9095 -64.9966  6.49797  291.077 -612.195 -22.8318
      10       10       10 -43.0708 -42.7578   311.97 -563.472  32.1111
 16.1602 -16.1602  16.1602 -48.9342 -14.3482  306.405 -572.401 -107.289
 5.32212 -14.9132  14.9132 -35.0617 -19.2146  307.501 -577.283  20.0655
      10  -7.1627       10 -34.1599  -20.463  313.011 -590.893  12.8618
-1.93074 0.693276   14.198 -19.1771 -25.5105  309.184  -611.25 -1.71995
-8.85432  14.4216  14.4216 -8.06585 -35.5875  309.356 -628.673  73.5206
-18.4159  18.4159  18.4159  5.03581 -35.5643  305.778 -650.469  -43.561
     -10      -10       10  3.38201 -2.34357  314.937 -657.733  164.821
-41.7156  41.7156  41.7156  35.3737 -38.0546  283.257 -731.667 -125.452
-30.4751  65.2623  65.2623  13.1511 -79.5494  256.821 -711.646  313.182
-16.9038 -16.9038  16.9038  22.7081  17.8893   30.705 -157.215 -368.941
 47.8113  36.1677  47.8113 -144.817 -102.534  144.817
