 13.7795  48.8002  126.328 -18.6856 -72.9068  200.847 -691.899 -122.353
 10.9136 -10.9136  10.9136  31.5058 -44.6698  310.448 -671.895  234.721
 10.2478  11.7951  80.5828  21.0251 -39.8538  242.321  -768.85 -66.4876
      10       10       10  34.9193 -34.7252  310.719 -663.778  106.774
      10       10       10  33.7061 -30.7754  310.969 -645.424 -26.4362
      10  1.19613       10  34.5726 -19.5595  310.711 -638.892  58.5132
      10      -10       10  34.9879 -10.4908  310.697 -629.447 -14.6598
      10      -10       10  35.3833 -10.8172  310.549 -621.197   41.456
      10      -10       10  35.8538 -16.2666  310.544 -612.986 -23.0181
      10       10       10  34.9204 -41.5832  310.479  -598.48  31.0829
  21.522  -21.522   21.522  22.5613 -9.04932  299.755 -608.408 -112.583
      10       10       10  40.3599 -43.2697  309.836 -609.724  20.3286
      10       10       10   45.966 -37.2056  309.026 -633.508  12.5948
       10       -10        10   50.8496  -14.5017   308.354  -651.065 -0.165141
      10       10       10  54.6376 -30.2789  307.771 -666.095  73.2777
 7.07287       10       10  62.0273 -27.2652  307.149 -683.414 -45.2219
     -10       10       10  82.7479 -23.2938  306.592 -695.632  157.563
 7.34319  25.0389  25.0389  68.2436 -24.5973  291.267 -744.248 -137.255
 7.05014  43.2078  43.2078  58.6174 -57.8178  271.583 -712.713  293.284
 -20.604  -20.604   20.604  41.4113  16.6769  47.3195  -217.34 -390.793
 69.0336   49.157  69.0336 -134.466 -113.402  134.466
