-12.7809  60.7683  146.033 -91.7146 -89.2016  163.739 -688.015 -71.7545
 31.2632 -8.12245  46.6977 -87.3047 -46.2869  272.278 -708.905  156.322
 72.9879  4.75061  72.9879 -136.604 -34.7737  244.706 -720.466 -35.8236
 39.8487  6.99576  39.8487 -97.2156 -32.2509  278.863 -658.326  77.5424
  18.872  2.06639  38.1993 -76.8489 -22.6305  280.458 -638.699 -16.0596
 23.3714 -2.84882  41.2692 -81.6367 -15.4185  277.249 -633.497  47.2207
 54.4887 -9.71955  54.4887 -113.565 -9.35057  263.943 -650.414 -11.8192
 120.673 -8.81606  120.673  -194.94  -12.007   194.94 -713.377  33.0792
  52.391 -13.0023  56.3051 -110.726 -11.9805  262.184 -638.829 -21.5198
 14.6019 -13.9557  43.9201 -71.9165 -18.4128  274.637 -605.631  31.6551
-2.93789 -21.2579  39.0274 -52.3092 -9.25648   280.44 -598.624 -105.471
-11.8312 -14.6536  39.9323 -40.4801 -19.7233  279.592 -606.425  19.6221
-16.6424 -5.62151  39.1266 -31.3502 -22.2838  281.151 -620.396  12.7846
-19.9488 -6.78562  39.4174 -24.0831 -17.9815  281.609 -633.399 -4.63618
-25.3746 -1.35278  37.3807 -14.2674 -19.6381  284.357 -643.392  73.3718
 -33.9714   3.60676   33.9714 0.0317562  -20.4804   288.842  -657.262  -47.6641
-33.8106  22.5749  33.8106  3.85391 -35.7091  289.673 -669.508  162.919
 -21.383  41.0489  41.0489 -2.32914 -36.7311  283.564 -711.981 -131.677
-25.1947  61.0956  61.0956 -8.65973 -75.9193   260.38 -688.118  315.042
-15.7388 -15.7388  15.7388  18.2367  16.9841  26.7101 -131.405 -368.989
 40.4412  40.4412  40.4412 -148.353 -107.878  148.353
