 109.641  26.8691  109.641 -58.8353 -52.2639   213.15 -710.116 -142.995
      10      -10       10   76.947 -47.5421  303.438 -666.119  313.995
 68.4704 -68.4704  68.4704  21.3501  41.8224  243.444 -775.325 -94.8362
 144.581  144.581  144.581 -71.2083  -172.18   172.18 -845.031  137.908
 192.226 -17.4659  192.226 -127.391 -4.49066  127.391 -869.783 -43.9125
      10      -10       10  91.7212 -9.45589  297.416 -680.223  74.1859
      10      -10       10  91.6359 -12.0556  297.506 -666.958 -13.2679
      10       10       10  92.4185 -31.1099  297.131 -659.825   48.333
      10      -10       10  93.7805 -17.6161  296.762 -651.569 -19.4722
      10       10       10  92.4068 -41.2584  296.933 -632.777  33.0315
      10      -10       10  93.2625 -20.0987  297.401 -622.237 -114.733
      10       10       10  98.5977 -41.8993   295.13 -638.314   19.055
      10       10       10  105.161 -35.6857  292.994 -661.096  10.9763
      10      -10       10  110.198 -14.3453  291.349 -674.283 -2.86911
      10      -10       10  114.879 -10.3693  289.801 -688.018   66.337
-10.4136  10.4136  10.4136  139.166 -29.8939    288.1 -700.024 -51.2808
     -10      -10       10  144.398 -6.40099  286.572 -718.165  145.826
-27.8187  27.8187  27.8187  162.941 -37.1866  268.649 -754.458 -149.466
-18.4726  18.4726  18.4726  154.779 -40.3854  273.058 -727.016  274.981
-23.4872 -23.4872  23.4872  64.9518  10.1879  67.7092 -252.721 -430.311
 73.4164 -19.6432  73.4164 -132.183 -44.4648  132.183
