 108.179  27.6428  108.179 -53.5043 -52.5598  213.832 -711.832 -144.618
      10      -10       10  79.9454 -47.5974  302.663  -667.32  320.598
 68.4088 -68.4088  68.4088   24.383  41.4681  242.649 -776.063 -96.3401
  144.28   144.28   144.28 -67.9147 -171.777  171.777  -845.04  137.648
 193.344 -17.1936  193.344 -125.737 -4.89572  125.737  -871.32 -44.2923
      10      -10       10  94.6764 -9.46006  296.416 -681.436  74.1672
      10      -10       10  94.7197 -12.0236  296.468 -668.831 -13.2474
      10       10       10  95.4081 -31.0964  296.123 -661.255   48.659
      10      -10       10  96.8494 -17.6009  295.707  -653.46 -19.7278
      10       10       10  95.4574 -41.0972  295.879 -634.539  33.7242
      10      -10       10  96.5038 -19.9433  296.309 -624.997 -116.881
      10       10       10  101.788 -41.8367  293.982 -641.099  19.9224
      10       10       10  108.267 -35.7044  291.796 -663.766  10.8656
      10      -10       10  113.237 -14.3434  290.121 -676.902 -2.12271
      10      -10       10  117.857 -10.4371  288.548 -690.629  66.5345
     -10       10       10  141.725 -29.5707  287.213 -702.026 -50.7631
     -10      -10       10  147.236  -6.6408  285.267 -720.841  145.707
-26.4247  26.4247  26.4247  164.719  -35.735  268.596 -756.544 -148.376
-18.3535  18.3535  18.3535  157.135 -40.1883  271.835  -728.16  272.511
-23.5085 -23.5085  23.5085  66.3607  10.2019  68.9345 -256.401 -431.707
 74.2713 -19.3671  74.2713 -131.555 -45.0333  131.555
