 -5.95448  -1.79029   158.003  -134.111  -10.4258   134.111  -802.376 0.0890265
-99.3887 -45.0702  295.067      -10      -10       10  -1407.5  144.972
-108.502 -53.5589  186.295 -31.6042  39.1275  108.332  -795.23 -16.1754
 -100.75 -12.5367  294.369      -10      -10       10 -1171.62  60.4727
-100.254 -8.18149   284.92 -17.3018 -17.3018  17.3018 -1057.04  27.4661
-61.3247  21.6859  257.341 -47.6593 -47.6593  47.6593 -987.063  38.5131
-47.2359   28.362  246.304 -59.4941 -59.4941  59.4941 -939.397  16.3108
-43.6163   27.836  249.016 -58.3109 -58.3109  58.3109 -931.324  34.2776
-55.9189   12.519  264.839 -43.4422 -43.4422  43.4422 -943.927  3.64996
-79.2881 -8.66888  290.002 -18.5964 -18.5964  18.5964 -965.618  37.1179
 -85.837  -11.398  299.826      -10      -10       10 -960.123 -88.0695
-82.6877 -20.4795  300.479      -10      -10       10 -955.502   23.934
-81.7162 -22.9496  300.719      -10      -10       10 -936.029  23.8889
-81.2899 -24.9422  301.013      -10      -10       10 -914.553 -33.6339
 -80.571 -21.1817  300.918      -10      -10       10 -887.193  64.2522
-76.9055 -32.5693  302.565      -10       10       10 -873.405 -136.808
 -94.1062 -0.278484   302.816        10       -10        10  -846.323   156.035
 -83.124  22.4966  306.894       10       10       10 -835.979 -313.297
-110.441  -12.113  287.135  30.0418  30.0418  30.0418 -759.885  437.838
     -10      -10       10  1.61932       10       10  -16.277 -458.017
-160.504 -61.4552  160.504      -10      -10       10
