 17.5213  94.6696  140.712  -91.215 -121.767  181.871 -766.232 -31.7512
 15.7299  14.1751  15.7299 -24.6584 -68.7813  308.702  -767.76  231.449
 68.4831 -0.91328  69.5934 -95.5868 -27.7785  254.382 -762.239 -24.2464
 15.3319  17.7344  17.7344 -29.1169 -42.7793   306.22 -678.786  102.108
 53.0636  53.0636  53.0636  -72.617 -75.0649  270.848 -702.684  1.18241
 23.1132  23.1132  23.1132 -34.1208 -41.4957  300.677 -649.553  55.7038
 13.7811  8.63977  13.7811  -20.652 -29.3236  310.066 -623.668 -4.68174
  21.4644 -0.227199   21.4644  -23.5859   -20.186     302.3  -638.799   44.0385
  22.633 -21.1011   22.633 -24.8464 -5.57597  301.196 -615.022 -18.8419
   9.732  10.5106  10.5106 -6.79772 -43.2719  313.091 -594.067  35.8644
 14.9067 -14.9067  14.9067 -9.63846 -16.4531  309.372 -590.942 -113.559
 11.2904  11.2904  11.2904  2.30601 -46.7201  312.477 -601.165  24.7171
      10       10       10  10.8177 -38.8813  313.773 -610.615   13.475
 33.1544 -33.1544  33.1544 -12.3866   7.9902  290.649  -630.25 -5.88336
      10      -10       10  23.3504 -10.7001  313.714 -622.904  67.7111
      10       10       10  30.9413 -27.6639  313.849 -637.671 -62.2966
      -10       -10        10   55.8329 -0.712211   313.825  -634.283   143.115
-4.69207  36.8452  36.8452  54.1165 -25.7287  286.896 -685.366  -151.42
-13.8601  95.3644  95.3644  40.7353 -104.489  226.157 -659.596  240.456
-16.3731 -16.3731  16.3731  17.0415  23.2623  24.8306 -67.1736 -424.956
 40.3366  48.4131  48.4131 -146.699 -113.712  146.699
