-34.9885  26.9685  145.912 -31.8011 0.629882  167.331 -1083.71  126.363
     -10       10       10 -34.7446 -71.6918  316.511 -830.178   540.76
-39.4935  -57.012     77.9 -9.37286  19.7399  247.192 -858.398 -82.5667
-25.4705  67.2474  67.2474 -11.7045 -101.301  256.607 -800.822  210.261
-19.4327   92.351   92.351 -14.0061 -131.592  232.214 -809.072 -43.2529
 -7.8421  84.4264  146.215 -24.8685 -118.968  177.462 -854.211  119.837
 9.79773  93.1936  193.448 -37.9072 -130.795  130.795  -910.86 -7.92498
 36.3374  89.8931  201.118 -58.5897 -122.351  122.351 -892.939  86.9545
 78.2346 -78.2346  78.2346 -59.4882  39.8475  246.091 -783.838 -10.0325
 71.0829  88.7017  202.093 -75.0565 -120.679  120.679  -871.84  72.1781
 89.8221 -89.8221  89.8221 -57.1615   62.187  235.127 -764.933 -148.927
  99.313  -99.313   99.313 -58.3996  61.3335  224.676 -773.691  54.6577
 146.675  146.675  146.675 -109.142  -177.09   177.09 -815.638  29.4379
 117.228 -117.228  117.228 -64.0015  80.7566  206.762 -760.559 -27.1877
 121.205 -121.205  121.205 -61.3827  92.4409  202.616 -740.419  101.117
 59.8818   33.688  240.452 -22.3958  -49.506  83.6254 -810.261 -184.784
 33.3781  95.2586  226.343  14.9763 -89.1076  97.2995 -770.211  197.192
 27.4805  169.097  169.097  36.1346 -130.011  155.599 -655.303 -470.359
 17.4222  181.389  181.389  37.0185 -140.541  140.541 -553.714  425.369
     -10      -10       10      -10       10       10  143.144 -656.336
 17.9835  51.4586  51.4586 -136.524 -136.524  136.524
