-79.6388 -73.7773  81.4565  90.2734  196.242  211.582 -1118.39  219.014
-10.0596  31.4554  31.4554 -74.0467 -140.878  296.306 -866.343  840.041
 -79.1087  -80.1295   80.1295 -0.107329   31.8966   246.285  -844.404  -298.746
 46.2191  115.129  115.129 -112.136 -206.811  209.142 -875.353  317.246
 110.726  116.314  116.314 -166.229 -208.423  208.423 -848.186 -139.061
  113.61  116.566  116.566 -155.349 -207.241  207.241 -835.186  157.733
 113.562  114.319  114.319 -136.526 -209.868  209.868 -848.599 -54.5582
 153.754  90.4212  153.754 -170.001 -170.001  170.001 -873.861  114.224
 121.477 -121.477  121.477 -114.491  39.1373   202.73  -870.04 -25.1161
 137.517   124.33  200.326  -121.42 -122.365  122.365 -887.925   95.554
 128.455 -128.455  128.455  -87.865   146.78  196.735 -808.201 -140.242
 124.479 -124.479  124.479 -77.2807  92.8884  199.686 -816.024  60.2782
 130.632  130.632  130.632 -74.3876 -193.394  193.394 -834.185  44.8917
 185.473 -185.473  185.473 -138.612  82.7625  138.612 -865.749 -31.7018
  186.48 -196.008  196.008 -127.863  107.004  127.863 -857.403  117.093
  89.721 -64.8876  258.075 -48.1452 -12.5123  66.1645 -817.672  -220.15
 55.6188  73.1449  199.108   14.631 -102.075  124.054 -729.599  218.728
 69.2677  167.536  167.536  1.70056 -163.692  163.692 -561.861 -560.861
 86.8295  206.504  206.504 -10.5199 -110.924  110.924 -466.205  533.336
 -32.476  -32.476   32.476 -16.5817  16.5817  16.5817  321.876 -712.927
-13.0756  62.0305  62.0305 -141.089 -141.089  141.089
