 88.0156 -8.68619  88.0156  24.5706 -23.2904  217.889 -723.192 -160.516
      10      -10       10  131.115 -51.2942  284.195 -694.671  357.701
 53.2421 -53.2421  53.2421  93.2364  25.4822  236.622 -774.211 -127.568
  135.55   135.55   135.55 -3.18047 -161.423  161.423 -850.612  150.976
 211.651  5.85045  211.651 -92.9139 -27.7298  92.9139 -896.546 -54.8238
      10      -10       10  147.436 -10.6736   272.95 -713.127   78.214
      10      -10       10  147.917  -13.761  272.766 -703.421 -16.4015
      10       10       10   148.64 -31.5398  272.236 -696.637  50.3745
      10      -10       10  150.293 -18.9079  271.411 -690.461 -18.8083
      10       10       10  148.776 -40.7197  271.883 -672.399  34.1195
      10      -10       10  149.173 -20.1727   272.52 -659.639 -123.337
      10       10       10  154.706 -40.8146  268.909 -676.861  20.0951
      10       10       10  160.799 -35.1037  265.542 -696.865  9.20376
      10      -10       10  165.354 -14.5217  263.018 -707.975  0.62348
      10      -10       10  169.645 -10.9691  260.639 -720.468  61.9383
-10.0454  10.0454  10.0454  193.606 -31.4031  258.367 -733.457 -46.1916
     -10      -10       10  198.992 -8.75352  255.326  -753.71  139.595
     -10       10       10  202.902   -27.45  253.135 -769.708 -142.498
     -10       10       10  204.639 -37.6959  246.804 -779.143  270.493
  -11.147  -17.9051   17.9051   78.4984 -0.668016   78.4984  -279.839  -459.693
 82.7798  2.46426  82.7798 -126.373 -70.4983  126.373
