 28.2758   126.58   126.58 -48.9735  -153.21   202.09 -860.762 -9.22951
 66.5907  66.5907  66.5907 -60.8757  -128.94  263.534 -806.626  460.694
 40.6891 -17.4111  49.6297  -32.144 -1.61137  278.057 -741.099 -103.267
 46.7772  46.7772  46.7772  -27.299 -72.3299   278.51 -744.057   176.35
 31.1825  31.1825  31.1825 -4.90507 -55.3496  293.091  -707.03 -35.0733
  13.194   13.194   13.194  22.1666 -34.5551  309.243 -675.513  91.6523
 10.1683  10.1683  10.1683  32.0382 -35.0598  311.231 -664.868 -11.8761
      10       10       10  37.9445 -34.1014  310.247 -655.922   60.959
      10       10       10  44.3521 -40.0755  309.297  -650.32 -17.4915
      10       10       10  48.1944 -44.2159  308.187 -634.028  44.5877
      10 -3.91343       10  53.0031 -27.2299  308.369  -622.49 -131.282
      10       10       10  64.5867 -43.4984  305.777 -639.504  30.7769
      10       10       10  75.2657  -36.328  303.976 -654.044   13.237
       10       -10        10   84.3878  -13.5656   302.485  -660.533 -0.392018
      10      -10       10  91.9756 -9.11391  301.153 -661.537  67.4932
      10       10       10  98.7379 -26.3284   300.11 -659.838 -66.1342
 10.6282  10.6282  10.6282  104.058 -22.4913  298.363 -652.097  136.143
 11.1593  11.1593  11.1593  110.088 -13.2892  296.658 -647.008     -188
 26.1292  26.1292  26.1292  92.6162 -40.9549  276.845 -620.195  240.348
-32.0718 -32.0718  32.0718  41.2287  15.8963  60.2234 -48.9552  -518.55
 38.9374  38.9374  38.9374 -153.356 -95.4101  153.356
