-89.4443 -70.1883  97.9689  199.154  199.154  199.154 -1000.83  156.238
 70.6625  70.6625  70.6625 -176.214 -280.817  280.817 -745.558  687.972
-32.8329 -32.8329  32.8329  86.2062  102.694  292.696 -774.736 -338.109
      10       10       10  40.9443 -76.7348  311.418 -843.356  350.759
      10       10       10  36.5582 -48.1644  312.773 -767.794 -118.124
      10       10       10  33.2861 -61.4328  312.835 -737.917  117.335
 59.3103  59.3103  59.3103 -16.2594 -107.698  263.663 -784.599 -43.0485
 81.8736  81.8736  81.8736 -33.0568  -128.23  239.362 -805.593  54.5056
 81.1937  81.1937  81.1937 -13.6342 -119.936  235.652 -824.438 -2.97811
 67.3936  67.3936  67.3936  20.4268 -92.5618  244.273  -819.97  47.3819
 30.9023  30.9023  30.9023  82.9474 -40.4545  275.064 -794.676 -49.0432
      10       10       10   104.06 -42.4791  295.637 -752.995  18.4516
      10       10       10  106.342 -51.4412  295.033 -740.409   60.434
      10      -10       10  97.7476 -49.8655  296.909   -690.5 -75.2237
      10       10       10  114.736 -57.8034  293.108 -712.039   121.71
      10       10       10  105.902 -69.3205  295.271 -649.507  -213.08
      10       10       10  141.471  -25.851  286.037 -701.613  238.939
      10       10       10  132.504 -22.3481  303.623 -589.137 -372.525
      10       10       10  216.631  109.038  260.039 -751.551  459.483
-76.6287 -76.6287  76.6287  28.0583  -75.124  115.483  150.656 -659.281
 25.9088  25.9088  25.9088  -153.79 -44.9988   153.79
