  -28.11  75.1423   148.46 -68.6673 -95.1237  162.721 -860.416  19.5678
-28.5076  3.83673  258.275 -57.4692 -57.4692  57.4692 -1159.13  207.273
 132.206 -50.3523  132.206 -187.321  28.0769  187.321 -919.371  10.0564
 133.116  71.5511  133.116 -186.566 -100.498  186.566  -874.96  100.863
-43.2919  13.6059  279.438 -36.5545 -36.5545  36.5545 -1009.23  4.47644
-69.4733  -10.156  305.876      -10      -10       10 -1012.93  54.2574
-63.0613 -12.5844  306.869      -10      -10       10 -999.002  6.04057
-59.2479 -14.0456    307.1      -10      -10       10 -973.678   48.762
 148.254 -21.2547  148.254 -175.169 -9.86096  175.169  -817.46  2.98682
 26.4612  143.677  143.677 -55.8126 -178.874  178.874  -774.96  44.9779
-46.1047 -39.7787  309.597      -10       10       10 -926.692 -117.081
 154.576 -34.1628  154.576 -170.188 0.842531  170.188  -784.62  32.1191
 155.898 -16.4847  155.898 -169.122 -11.5557  169.122 -768.572  20.0174
 157.987 -157.987  157.987 -167.661  131.343  167.661 -746.267 -21.9619
   161.8  -46.549    161.8 -164.721  24.8502  164.721 -759.316    69.06
-20.1427 -28.1368  312.781      -10       10       10 -881.149 -119.984
-13.9231 -23.0256  311.908 -11.1556  11.1556  11.1556 -864.694  146.701
-32.1312  124.546  124.546  50.5292 -104.163  204.508 -685.341 -294.619
-30.7309  78.6079  78.6079  57.2331 -76.0237  252.283  -593.01  335.304
     -10      -10       10  1.47801       10       10  11.6812 -486.419
-60.0156   11.703  103.106 -73.4032 -73.4032  73.4032
