 9.73959  105.475  164.712 -136.649 -136.649  136.649 -935.626  -5.2606
-75.1675 -40.1913  303.399      -10      -10       10 -1487.19  285.164
 101.073 -10.8597  101.073  -208.09 -5.97805   208.09 -717.859 -41.3596
-76.7066 -10.9232  298.931 -13.2549 -13.2549  13.2549 -1183.02  129.627
-84.6465 -11.7799  294.006 -16.1738 -16.1738  16.1738 -1056.25  3.59114
  -72.695 -0.151885   290.678  -20.7135  -20.7135   20.7135  -1012.02    65.537
-84.2943 -16.4762  301.297      -10      -10       10 -983.419 -1.97097
-76.3055 -17.3094  302.799      -10      -10       10 -971.113   43.582
-69.5903 -23.2861  304.341      -10      -10       10 -961.647 -10.7867
-63.7782 -19.4234  305.054      -10      -10       10  -938.38  39.1162
-55.3722 -15.7249   307.76      -10      -10       10 -933.896  -124.21
 -45.583 -25.7884  308.763      -10      -10       10 -940.153  31.5462
 166.047  113.552  166.047 -164.853 -164.853  164.853 -904.781  58.5361
 168.115  75.3977  168.115 -163.407  -121.85  163.407 -882.595  6.77621
 173.888  5.16267  173.888 -159.658 -34.2319  159.658 -877.339  118.428
-28.7171 -20.7671  312.601      -10       10       10 -836.053 -167.661
-29.1015 -10.5221   310.88      -10       10       10   -778.1  166.232
-55.5759  42.8427  312.855       10       10       10 -667.248 -509.616
 157.396 -150.325  157.396 -176.628   152.75  176.628 -503.647  481.457
     -10      -10       10  7.00577       10       10 -18.0738  -525.35
-25.7874  72.4587  72.4587 -132.698 -132.698  132.698
