     -10      -10       10 -6.88215  -3.4944  178.866 -455.984  107.382
     -10      -10       10 -52.2705 -49.4338  341.238 -562.246 -3.54081
-11.1962 -19.4826  44.3307 -34.0642  1.11592   271.52 -671.109  40.5419
     -10 0.270045       10 -29.4007 -27.7294  312.387 -600.859 -4.61241
     -10  4.05729       10 -24.4074 -22.8366  309.435 -606.207  28.5975
     -10  2.63882       10 -21.5332 -23.4936  307.539 -599.616  10.4107
     -10  3.21492       10 -18.0384 -23.1462  308.519 -605.828  15.5397
-9.67005       10       10 -14.9773 -31.2934   308.17 -609.317  26.7053
 -7.4798  3.49402       10 -13.5847  -26.425  309.299 -616.334 -1.49397
 -3.0427 -3.51073       10  -11.532 -21.4411  286.024 -586.564   39.101
0.994003      -10       10 -8.49924 -12.5648  256.279  -548.48 -71.8471
 3.37272      -10       10 -13.7879 -15.0133   287.22  -582.24  44.5967
      10      -10       10 -22.1441 -14.3329  311.404 -606.324 -14.6688
 10.0513 -10.0513  10.0513 -20.5935 -10.3065  309.821 -596.197  41.4927
 11.1145 -11.1145  11.1145 -21.7499 -11.3358      309 -581.626  -20.527
 13.7021 -13.7021  13.7021 -22.5757 -1.62789  304.787  -578.52  38.4102
  11.856  -11.856   11.856 -22.0803 -12.2946  301.929 -540.346 -50.0434
      10      -10       10  -17.283  1.58365  313.545 -555.111  41.0146
 2.05071       10       10 -19.7345 -62.0267  379.118 -592.885 -128.637
 2.69915  22.5788  22.5788 -19.5356 -36.3306  368.158  -614.31  1.66241
 1.23036       10       10 -83.9884 -55.3951  187.462
