-11.2298 -11.2298  11.2298 -22.8473 -3.76173  160.722 -447.185   98.806
-20.0886 -20.0886  20.0886 -88.1517 -35.2358  380.491 -605.376 -29.1799
-18.5167 -3.82672  74.0109 -54.9077 -16.4646  212.419 -697.905  36.9463
-10.6187 -10.6187  10.6187 -56.2136 -17.3939  315.021 -600.408 -15.3246
     -10      -10       10 -49.4142 -10.3462  304.074 -587.916  28.6639
     -10 -5.61133       10 -46.1855 -16.3766  303.661 -582.328  3.17702
     -10 0.326231       10 -42.5768 -21.3374  305.152 -587.608   15.112
     -10  2.99999       10 -38.5564 -25.3526  304.703 -590.112  20.4575
     -10  7.26202       10 -35.1776 -31.5127  306.283 -594.712 -1.43606
     -10  4.85895       10  -27.731 -32.4186  285.428 -565.186  31.7559
-5.56722 -2.09299       10 -23.7351 -23.8503  259.597 -531.494 -68.6988
-1.66747 0.989381       10 -30.4387 -28.2676   286.65 -563.452  37.0308
       10 -0.316859        10  -42.9558  -24.3947   308.153   -591.22  -11.5118
      10 -6.94593       10 -40.2803 -13.8637  307.884 -586.001  36.7879
      10      -10       10  -38.422 -12.2849  308.212  -577.49 -11.0808
      10      -10       10 -35.4855 -7.02683  309.125 -577.328  35.9865
      10      -10       10 -34.2401 -15.4668  303.576 -552.373  -25.506
      10 -4.48862       10 -29.8468 -6.68061  314.378 -581.782  40.8013
-2.63093       10       10 -27.8944 -62.8272  355.732 -585.194 -57.4642
-4.43421       10       10 -23.5509 -22.6816  375.518 -619.059  5.05604
      10      -10       10 -65.8901 -38.8908  125.017
