-65.0468 -65.0468  65.0468 -16.1004  42.4022  452.751  -1026.4  101.872
-48.6964 -48.6964  48.6964  -8.0404 -9.86091   422.96  -1018.9  24.4467
-14.8222 -44.1747   46.388 -5.77004  28.0523  263.861 -801.638  100.027
     -10      -10       10 -16.5764 -17.0986  318.123 -653.511 0.873294
     -10      -10       10 -13.9449 -9.42101  309.436 -618.411  37.8952
 1.97415      -10       10 -25.2781 -13.5669  305.194 -588.502  4.56852
 1.23784  12.3148  12.3148 -23.5452 -36.3503  305.432 -585.197  11.2349
-2.47413  12.8774  12.8774 -18.2253 -38.6484  306.626 -578.334   17.093
-1.33745  16.6174  16.6174 -18.0886 -43.1107  304.548 -578.556 -14.3503
  16.418 -13.9644  52.2255 -40.3105 -10.1315  241.895  -569.47  19.9531
  60.543 -24.0119   60.543 -80.0505  4.26565  200.324 -535.501 -101.001
 38.7779  38.7779  38.7779 -52.1502 -65.5546  258.925 -573.928  32.6692
 78.8241 -7.84641  78.8241 -93.5807 -22.1426  239.601 -690.108 -13.0292
 92.6804  13.1407  92.6804 -103.209 -41.8093  229.891 -743.142  48.0095
 104.271   45.548  104.271 -114.258 -77.2489  219.846 -763.157  4.75372
 106.704  61.0677  106.704 -108.299 -86.8048  209.697 -791.139  56.6401
 113.002  53.4209  113.002 -116.983 -84.1962   205.98 -778.822  8.89904
 64.1019 -64.1019  64.1019 -36.4837  54.1304  253.975 -818.517  81.0182
-47.4345 -104.282  104.282  52.8848  75.0076  75.0076 -571.527  31.6556
 -19.357 -39.6448  39.6448  45.7748  45.7748  45.7748 -381.731  7.31111
     -10      -10       10 -59.6942 -16.0331   172.83
