-74.9718 -74.9718  74.9718  27.7594  53.9464  446.906 -1043.57  87.6598
-52.7398 -52.7398  52.7398  28.3824 -10.7218  397.507 -968.668  47.1088
 36.4885 -36.4885  36.4885 -40.3404  15.1014  294.537 -762.753  74.3009
      10      -10       10 -16.2916 -18.8215  317.173 -644.397  7.31779
      10      -10       10 -14.0287 -10.7123  310.612 -621.039  30.3917
      10       10       10 -13.9473  -33.427  310.678 -603.761  7.59561
      10       10       10 -11.9874 -33.5479  310.679 -596.569  11.9583
  10.8522 -0.882523   10.8522  -11.2862   -23.536   308.464  -586.172   16.7716
      10       10       10 -9.42874 -34.9035  308.334 -570.523  -9.9242
 17.4185  17.4185  17.4185  -18.459  -40.343  271.759 -513.095  12.6345
 52.5926 -52.5926  52.5926 -56.8372  34.9121  169.564 -454.918 -90.4096
  64.6017  -23.9132   64.6017  -67.0101 -0.183529   220.195  -586.221   20.3512
 41.6268  41.6268  41.6268 -32.0476 -69.7158  281.391 -650.235 -8.15234
 72.7866  2.78036  72.7866  -61.194 -30.7023  242.928 -712.475  44.7844
 63.7438  63.7438  63.7438  -47.209 -94.1379  260.473 -720.525  12.9785
 72.2995  72.2995  72.2995 -49.4062 -97.8624  247.453 -759.485  55.1312
  88.502   68.237   88.502 -70.6805 -100.032  228.979 -751.608  15.8148
 41.2482 -41.2482  41.2482  5.00821  27.3337  292.041 -799.988    70.19
 107.232 -120.169  120.169 -97.5298  83.3608  97.5298 -623.413  7.06901
 66.3307 -66.3307  66.3307 -41.1617  69.0906  69.0906 -467.591 -23.7771
      10  5.12993       10 -85.5233 -39.6754  199.111
