 5.98909 -1.56721       10       10      -10       10 -225.384  124.388
     -10      -10       10 -49.0328 -52.2897  208.811 -194.528 -31.9458
-15.7219 -22.3172  57.1436 -53.5257 0.985171  238.248 -571.131  9.78093
      10      -10       10 -71.1517 -28.5813   320.52 -543.493 -23.6452
      10       10       10 -64.1494 -38.3084  308.655 -553.229  17.7734
  6.99042       -10        10  -55.6855  -19.6375   305.778  -561.135 -0.369446
 -5.7979      -10       10 -39.0929 -16.9827  308.883 -581.518   10.067
     -10      -10       10  -28.286 -15.9378  305.652 -601.082  24.5144
     -10      -10       10 -21.9494 -13.7822  305.965 -628.308  3.15359
      10      -10       10 -30.2264  -7.7763   284.54 -634.809  52.7528
      10      -10       10   -20.11 -1.66798  259.283 -621.355 -44.7433
      10      -10       10 -25.5515 -7.64778  287.158 -636.702  64.3138
      10      -10       10 -31.7079  -16.165  309.866 -631.844 -16.1602
 31.3717 -31.3717  31.3717 -59.4184  8.04144  287.469  -630.55   55.744
 67.4517 -67.4517  67.4517 -104.021   38.483  250.556 -645.126 -51.1641
 96.4682 -96.4682  96.4682 -143.234  78.3046  220.027 -643.092  51.1107
  78.839  -108.43   108.43 -127.232  77.7846  190.254  -595.54 -126.603
 22.5704 -92.8673  92.8673 -82.5136  81.9005  217.999 -518.604  53.6019
-59.4158   104.51   104.51 -18.7207 -181.057  414.994 -825.782  -304.59
-127.592  202.744  202.744  14.4717  -229.95   454.76 -1158.34   10.759
      10      -10       10 -86.8222 -32.3571  163.275
