      -10       -10        10   17.6333 0.0172516   39.0038  -332.079   129.302
-10.5694 -10.5694  10.5694 -72.4818 -41.6326  347.314 -462.439 -22.0658
 -12.704 -13.8577  66.0554 -49.0505 -4.39267  222.033 -658.971  21.6654
     -10      -10       10 -44.9228 -19.6136    319.1 -589.004 -17.2065
     -10      -10       10 -37.4807 -12.3561  307.733 -590.405  23.3939
     -10 -8.54747       10  -33.773 -15.6119  306.979 -590.372  3.61451
     -10  1.88916       10 -29.6759 -25.0312  308.238 -602.452  13.4139
     -10  5.28294       10 -24.6501 -28.9349  306.598 -612.683  24.8659
     -10  8.32411       10 -20.2075 -32.4788  308.445 -627.929 0.250553
 -5.4984   -2.062       10 -15.6655 -22.2469  285.058  -610.65   42.629
0.865701      -10       10 -12.3333 -10.7137  253.756 -581.224 -64.1832
0.279209      -10       10 -16.5186 -13.5973  286.677 -605.796  48.6377
 3.51637      -10       10 -22.7699 -14.0577  310.019 -617.968 -11.7747
 10.3405 -10.3405  10.3405 -28.8449 -10.3027  309.286 -602.308   42.409
  22.6926  -22.6926   22.6926  -43.6402 -0.447664   295.712  -594.966  -21.8028
  26.708  -26.708   26.708 -48.1556  10.0607  293.034 -585.785  34.6283
 21.2172 -21.2172  21.2172 -43.4275 -5.63928  289.592 -526.621 -59.4951
 7.09993      -10       10 -28.6315 -2.89463  308.176 -500.894  28.9918
     -10       10       10 -26.1905 -71.9912  437.688 -628.934 -156.172
-14.1405   26.844   26.844 -23.0862 -43.1285  488.278 -773.145  6.10397
      10      -10       10  -66.067 -33.7222  139.632
