-10.2169  23.6847  23.6847  30.3276 -30.3276  30.3276 -311.135  129.515
-53.4631  53.4631  53.4631  21.1836 -107.921  188.753 -497.302  21.0969
-35.0586 -12.2671  47.3289   14.687 -1.65093   272.25 -723.121  49.7643
-20.6918  20.6918  20.6918  4.51166 -52.2017  303.108 -662.743  17.6815
-12.8282  12.8282  12.8282  2.20733 -35.6543  310.057 -655.209  39.1327
     -10      -10       10   1.8351 -16.1336  307.386 -628.434  23.3042
     -10       10       10  4.11388 -35.0687  309.412 -630.203   21.429
     -10       10       10  7.12477  -35.483  309.226 -629.599  31.0935
     -10       10       10  9.78107   -35.66   309.66 -628.719  1.12604
-7.12019      -10       10  10.9063 -13.5355  290.747 -597.391  39.2097
0.485685      -10       10  3.97315  -9.4465  278.241 -564.134 -69.4001
      10      -10       10 -2.57438 -12.2946  290.802 -588.159  48.4819
 11.0902 -11.0902  11.0902 -3.44967 -14.1269    309.8 -611.593 -26.1304
 29.6446 -29.6446  29.6446 -24.6278  8.56979  290.862 -622.838  51.4054
 47.1999 -47.1999  47.1999 -44.8868  21.2258   272.78 -627.439 -50.3303
 64.1002 -64.1002  64.1002 -65.7602  46.5677  251.595 -621.003  56.4485
 68.5758 -68.5758  68.5758 -71.5991  37.5631  238.078 -587.066 -104.918
 50.4864 -50.4864  50.4864 -53.8293  34.6175  276.777 -563.257  74.8034
-36.8077  36.8077  36.8077  41.2747 -108.061  452.258 -775.525 -221.458
-36.0628  101.201  101.201  23.0976 -121.904  448.681 -894.274  23.5836
 24.4614  24.4614  24.4614 -113.781 -60.3324  178.555
