     -10      -10       10 -71.5561 -13.6614  373.904  -671.89  84.3831
     -10      -10       10 -93.0668 -52.4128   462.19 -738.056 -46.7232
-8.66899 -14.1176   64.371 -50.8674 -7.96745  222.839 -675.066  46.1275
     -10      -10       10 -44.9984 -19.1749   314.74 -591.046 -20.1759
     -10      -10       10 -39.0527 -10.4462  308.156 -586.739  25.8402
     -10 -2.76507       10 -35.7888 -19.2673  306.569 -580.431 0.963399
      -10 -0.108511        10  -31.6814  -20.8906    306.24  -584.611   12.9968
     -10  -1.0715       10 -27.9203 -21.3285  304.859 -584.054  20.2133
     -10       10       10 -24.9289 -34.3126  306.014 -586.492 -4.39006
-11.7809  11.7809  11.7809  -17.957 -38.3492  283.816 -555.858  30.6759
-14.3324 -8.32567  14.3324 -8.86154  -15.723  256.846 -526.767 -75.2106
-6.56014  13.4601  13.4601 -17.5985 -41.7141  285.461 -565.809   37.629
-0.344199   18.9387   18.9387  -23.8962   -47.054    302.26  -610.758  -11.5659
 9.92021  18.7838   28.174 -31.9139 -44.5333  290.722 -624.227   41.882
 30.3972  24.9824  30.3972 -50.8371 -52.6494  288.398 -620.435 -6.44844
 29.0989  26.5093  29.0989 -44.5712 -47.7966  288.836 -625.468  44.4068
 8.32198  13.9149  31.5976 -24.6606 -41.1004  290.459 -615.734 -17.5778
-17.3542 -21.4794  21.4794  13.3908  12.4095  309.792 -658.101  53.6209
-78.0491 -78.0491  78.0491   59.063  44.7988  157.451 -514.987 -34.8633
-61.4734 -82.4205  82.4205  55.1255  80.8114  80.8114 -450.875  24.0648
      10      -10       10 -69.7046 -38.1294  138.488
