-26.1842 -26.1842  26.1842   31.684  8.42987  349.379 -759.849  124.544
-18.2492 -18.2492  18.2492  26.0551 -46.3024  361.858 -739.999   17.393
-7.58889 -29.2463  29.2463  23.4439  9.28156  298.669 -701.706  63.3694
 7.37626      -10       10   11.017 -17.4626  309.649 -635.858   2.3199
      10       10       10  11.5651 -28.7294  310.374 -637.784  34.7702
      10       10       10  13.8778 -31.2089  308.256 -629.898  13.1079
      10       10       10  17.1131 -30.5109  309.296 -632.982  18.4765
      10       10       10  19.8654 -32.0703  308.666 -631.538  26.3996
      10       10       10  22.2256 -34.3849    308.5  -628.92 -2.17135
      10       10       10  22.3087 -37.5944  288.074 -587.494  32.3822
      10      -10       10   22.295 -15.7606  270.747 -548.938 -77.3406
      10      -10       10  27.6487 -17.9172  287.592 -586.505  39.3431
      10       10       10  32.5484 -35.7816  307.567 -624.727 -16.1673
      10       10       10  35.7971 -31.8478  306.556 -626.584  44.5336
      10       10       10  36.9467 -33.5881  307.035 -617.155 -17.4045
      10       10       10  39.3073 -27.4314  304.885 -612.281    45.14
      10      -10       10  37.5518 -15.1671  303.018 -580.349 -41.8675
       10       -10        10   43.4388 0.0245705   307.415   -602.44   48.6788
 3.45152      -10       10  38.2482 -32.5388  320.593 -517.134 -104.528
 -2.41639       -10        10   29.1171 -0.901307   183.518  -311.975  -6.78558
 11.8905  11.8905  11.8905 -78.1488 -59.8924  205.624
