-7.76588  26.9261  26.9261  27.9957 -27.9957  27.9957 -297.654  138.018
-78.5659  78.5659  78.5659  55.8185 -137.153  137.153 -471.847  14.8481
 -34.294  21.8731  71.9434  25.4938 -37.3157   242.26 -730.786  46.2503
-24.6711   30.334   30.334  27.4223 -66.4842  293.344 -684.037  15.5414
      10       10       10 0.744318 -36.8839  312.999 -662.235  45.4678
-4.01385       10       10  16.5295 -39.6925  311.088 -650.141  25.6567
      10       10       10  5.11818 -37.5319   311.95 -650.576  26.9569
      10       10       10  8.02733 -36.5564  309.226 -646.764  35.9352
 5.24641       10       10  15.4201 -34.9066  306.164  -641.64  4.58671
      10      -10       10  13.6548  -9.4851  286.462 -612.171  44.3146
      10      -10       10  15.2596 -3.86556  266.388 -577.745 -66.9902
      10      -10       10  16.3479 -8.59938  287.943 -600.988  48.9844
 12.4639 -12.4639  12.4639  14.1757 -13.3048  306.892 -621.665 -26.6879
 39.8207 -39.8207  39.8207 -18.3335  16.6173  278.265 -637.122  47.6532
 63.6186 -63.6186  63.6186 -46.4411  34.1321  255.202 -647.267 -53.1333
 86.0739 -86.0739  86.0739 -75.4561   66.064  231.479 -644.172  49.5715
 95.3931 -95.3931  95.3931 -87.3104  62.2287  207.852 -608.111 -114.693
 84.9373 -84.9373  84.9373 -81.4947  69.7963  228.194  -556.65   64.667
 47.8745  47.8745  47.8745 -15.3815 -118.708  479.924 -835.765  -246.84
 11.4447  109.981  109.981  11.8159 -127.496  486.367 -983.189  13.8914
 53.5428  53.5428  53.5428 -142.927 -85.0444  142.927
