-20.3298  20.3298  20.3298  33.8537 -30.4126  39.0756 -277.689   114.99
-19.8447  19.8447  19.8447 -13.9284 -73.9112  249.132 -463.461  13.6478
-12.6294 -24.7911   35.007 -13.1954  10.0079  289.224 -681.647  41.6507
     -10       10       10 -10.3964 -40.5613  312.484 -622.081   9.1929
-5.21444       10       10 -10.9088 -32.9935  309.114 -625.838  34.2385
-3.37009       10       10 -10.8811   -36.17  308.514 -618.272   18.576
-2.14287  7.71524       10 -9.54425 -32.6156  310.846 -623.339  18.9002
-0.739436   4.07244        10   -7.8092  -29.0429   309.507  -623.684   30.9991
  1.04544        10        10  -6.90727  -35.1681    308.99   -624.44 -0.419284
 4.17577      -10       10 -5.18439 -13.2946  288.571 -595.835  41.3957
 7.30564      -10       10 -6.74015 -9.08438  273.821 -564.348 -69.9485
      10      -10       10 -7.99919 -12.0428  289.703 -589.797  49.6214
 13.1875 -13.1875  13.1875 -12.7526  -11.507  307.295 -613.683  -25.038
 31.5053 -31.5053  31.5053 -33.9119  10.8465  287.831 -624.723  50.7061
 47.9646 -47.9646  47.9646 -53.6289  22.5691  272.965 -630.212 -44.2469
 60.8646 -60.8646  60.8646 -69.6336  43.5195  259.261 -627.997   53.594
 63.6747 -63.6747  63.6747 -73.5149  33.0394  244.868 -588.038 -93.8812
 24.8334 -50.5837  50.5837 -36.5794   34.631  270.358   -558.2  69.0381
-3.33798  48.3944  48.3944 -9.73448  -119.74  431.942 -770.775 -209.868
-26.3283  105.306  105.306 -2.25859 -126.121  425.413 -887.522  29.7148
      10       10       10 -95.8469 -49.7047  201.616
