-55.8953 -55.8953  55.8953 -32.6216  31.4538  425.946 -966.951  88.5278
-44.2278 -44.2278  44.2278 -32.8791 -11.6349   443.29 -997.326  9.50413
-15.6437 -29.6588  55.2516 -15.7407  13.2779  238.508 -806.789  77.7558
     -10      -10       10 -25.1842 -17.2635  318.265 -653.016   4.6135
-8.77856      -10       10 -22.2259 -10.3359   307.52 -618.373  29.1473
-1.92102      -10       10 -27.9697 -13.0043  307.001 -593.294  7.80604
-2.77338       10       10 -24.6041 -33.5484  308.616 -588.163  9.07684
     -10      -10       10  -14.167 -14.6368  308.446 -581.249  20.9681
-14.2806  14.2806  14.2806 -8.93673 -40.7224  304.501 -577.105 -13.2222
-22.2667  22.2667  22.2667  1.05649 -48.3286   275.78 -545.739  25.4561
 12.4334 -7.79211  63.5038 -37.5433 -13.3055  207.707 -558.372 -98.4062
 68.0998 -4.62142  68.0998  -89.799 -22.3114  228.966 -627.446  33.8152
 80.4094  8.55001  80.4094  -99.618 -38.6287  240.311  -703.95 -16.3867
 90.0655   22.124  90.0655 -103.915 -50.8056  230.036 -743.797  49.5699
 99.3633  39.8932  99.3633 -111.783 -71.2636  222.609 -760.909 0.305071
 96.7191  46.5809  96.7191 -100.333  -71.866  223.957 -786.566   60.724
 58.5769  31.5859  109.282  -65.201 -61.3568  213.221 -780.982 -2.54171
 59.9116 -59.9116  59.9116 -38.8186  51.1107  257.078 -788.699  84.9104
-38.3504 -99.9404  99.9404  39.8483  73.3655  73.3655 -539.436  2.41584
-23.2173 -39.7211  39.7211  47.4047  47.4047  47.4047 -383.034  33.3692
      10      -10       10 -68.2646 -20.7124  149.917
