     -10       10       10  25.3388 -18.3973  25.3388 -326.494  135.746
     -10       10       10  -55.196 -64.0943  269.197 -333.309 -22.7491
 -13.2363 -0.496707   57.8797  -45.1337  -17.2414   236.495  -635.635   18.2996
     -10       10       10 -40.9817 -43.7627  319.854 -587.887 -14.2482
     -10      -10       10 -32.8906 -14.3499  310.481 -597.726  23.5148
     -10      -10       10 -28.5371  -16.687  308.203 -595.832  7.01507
     -10 -7.80879       10 -23.4325 -17.1662  308.986 -611.028  15.0481
     -10       10       10 -17.7362 -35.1959   306.67 -623.549  28.1781
     -10       10       10 -11.9281 -34.3275   307.73 -643.566  4.27917
     -10      -10       10 -1.88443 -10.9565  285.705 -635.023  49.6121
  2.3476      -10       10 -5.16577 -5.82402   257.54 -609.816  -53.933
      10      -10       10 -17.3748  -10.469  287.441 -625.432  57.0098
      10      -10       10 -21.7676 -15.0202   311.44 -626.859 -14.2517
  21.1229  -21.1229   21.1229  -35.9012 -0.473519   299.409  -614.287   46.7934
 44.4412 -44.4412  44.4412 -64.8011  18.1611  273.797 -610.419 -41.8672
 59.8056 -59.8056  59.8056 -85.2234  42.9413  257.127 -596.897  35.9315
  58.254  -58.254   58.254 -85.8274  28.5583  247.365 -532.868 -105.667
 22.2909 -33.4404  33.4404  -52.851  20.1379  283.524 -462.215   28.993
     -10       10       10 -24.5498 -83.8598  488.135 -661.765 -246.766
-63.0298  63.0298  63.0298  20.6322 -80.4985  542.222 -916.473  24.6025
      10       10       10 -75.1252 -49.5745  155.804
