     -10       10       10  29.6845 -19.1418  29.6845 -244.681  113.799
     -10       10       10 -31.1242 -62.6578  249.339 -429.051  10.9971
-7.87388  -24.102  36.4891 -28.5175  10.0927    282.8 -677.799  40.1263
     -10       10       10 -21.4122 -39.9749  312.415 -620.661  9.39967
     -10       10       10  -16.065 -32.1792  309.138  -626.47  33.7101
     -10  8.52074       10 -14.0346 -34.4432  308.168 -615.725  18.2713
     -10  5.85722       10 -10.8627 -30.3551  309.407 -619.116  19.6934
     -10  4.13567       10 -7.35727 -29.1466  308.443 -619.265   29.423
     -10       10       10 -4.03127 -35.2154   308.56 -622.106  1.40828
-2.99945 -6.73108       10 -5.36835 -16.8735  289.526 -595.096  40.3252
 3.16381      -10       10 -9.56769 -9.55338  276.283 -564.514 -65.8086
      10      -10       10 -14.5451 -12.3178  290.735 -589.253   50.168
  13.002  -13.002   13.002 -19.2904 -12.0143  307.998 -611.955 -24.3778
 31.9942 -31.9942  31.9942 -41.2361  11.4524  287.989 -621.713   51.432
 49.9858 -49.9858  49.9858 -62.4862    24.58  269.507 -624.853 -47.3856
 63.5298 -63.5298  63.5298 -79.3558  47.0465  253.793  -618.71  55.1591
   63.47   -63.47    63.47 -79.6164  33.5566  243.934 -577.833 -102.095
 26.3013 -46.9366  46.9366 -44.7661  32.6586  276.995  -547.64  71.6934
-1.06266  49.8766  49.8766  -19.279 -121.041  428.442 -773.661 -221.509
-26.3451  123.138  123.138 -15.9425 -144.886  424.561  -923.05  27.3592
      10       10       10 -103.233 -46.5211  195.802
