      10      -10       10 -26.1864 -3.08236  132.988 -411.056   117.04
 -10.225  -10.225   10.225 -72.3159 -45.7902  372.093 -509.153 -33.6512
-11.0521  -16.472  64.5614 -47.9512 -2.67121  227.171 -656.498  27.2498
     -10      -10       10 -41.4436  -18.818  319.579 -589.077 -21.0834
     -10      -10       10 -34.1215 -10.6255  307.852  -591.59  25.1214
     -10      -10       10 -30.5886 -12.1386  307.052 -592.277  3.01066
     -10  3.95692       10 -26.7296 -25.2035  308.795 -606.403  14.4703
     -10   5.7943       10 -22.1855  -27.991    307.8 -616.976  25.7924
      -10        10        10  -18.1388  -33.5512   309.473  -631.211 -0.165573
-7.54521       10       10  -12.645 -35.0725  284.935 -608.774  42.4751
-1.45502      -10       10 -8.02718 -11.6118  247.891 -576.419 -70.7942
 -2.3038      -10       10 -13.4543 -14.4784  285.991 -600.688  47.4272
0.139554      -10       10 -18.7779 -14.0323  311.093 -616.904 -12.1666
      10      -10       10 -27.5089 -10.7075  309.654 -600.895  41.3967
      10      -10       10  -27.608  -12.785  310.171 -580.621 -17.3373
      10      -10       10 -26.3858 -6.65816   309.42 -568.236  33.5214
      10      -10       10 -28.0611 -15.1387   302.39 -522.821 -47.2152
       10       -10        10  -26.6832 -0.334721   309.458  -528.884   27.3547
     -10 -5.27757       10 -20.4439 -47.6715  394.192 -577.357 -124.952
-5.86375       10       10 -16.2817 -22.2304  409.691   -642.9  14.0075
     -10      -10       10 -46.0246 -36.4512  145.035
