 6.81335 -1.47055       10       10      -10       10 -234.309  127.073
     -10      -10       10 -50.4192  -50.499  219.029 -217.912 -29.5883
-19.4906 -23.5396  56.7339 -48.2153  3.34714  241.003 -583.205  9.40273
     -10      -10       10 -49.9886 -27.1586  318.337 -540.881 -22.3329
 1.24949      -10       10 -53.8642 -16.3456  307.833 -554.228  15.9195
 -3.2772      -10       10 -44.8123 -18.8212  306.568 -562.075 0.246799
     -10      -10       10 -33.4838 -16.2679  308.447 -583.691  9.34771
     -10      -10       10 -26.9517 -15.6212  305.759 -603.445  26.0398
     -10  8.37362       10 -20.8434 -32.7829  305.904 -630.078  2.42582
     -10      -10       10  -9.7319 -8.91861  286.805  -636.28  52.8828
      10      -10       10 -20.9252 -3.25524  265.451   -624.5 -47.5699
      10      -10       10 -25.0027 -8.77204  288.695 -636.917  64.6196
      10      -10       10 -30.8412 -16.3722  310.407 -632.327 -17.6443
 33.7376 -33.7376  33.7376 -60.9148  10.5785  283.996 -633.154  57.2642
 65.5803 -65.5803  65.5803 -100.599  37.0842  252.138 -643.963 -51.2769
 90.5622 -90.5622  90.5622 -134.807  72.7206  226.352 -638.652  52.9579
 93.9413 -93.9413  93.9413 -138.962  63.5111  207.541 -582.002 -125.089
 69.5372 -69.5372  69.5372 -122.966  58.7164  243.728 -499.037  55.3147
-22.8472  87.8924  87.8924 -50.5628  -163.53  423.115 -787.314 -300.071
-84.3097  183.148  183.148 -20.9699 -209.091  457.574 -1108.57  18.7107
      10      -10       10 -86.3995 -31.8737  165.342
