  -23.669   -23.669    23.669   -35.756 -0.871586    426.25  -825.558   95.1347
 -12.398  -12.398   12.398 -37.7001 -51.3693  436.996 -836.832   1.2609
-10.3296 -43.2072  43.2072 -17.4913  21.0743  272.216  -710.18  65.6877
-6.33586      -10       10 -19.1736  -18.145  311.594 -616.165 -4.28964
     -10      -10       10 -12.0267 -10.2073  309.767 -609.185  30.0586
0.479033       10       10 -20.6411 -32.5801  308.308 -598.255  7.60102
 1.18124       10       10 -18.0752 -32.2286  309.015 -600.057  13.6628
-3.45324       10       10 -10.9132 -33.4917  308.798 -595.865  22.7819
-8.69012       10       10 -3.73412 -35.2059  308.998 -589.301 -7.69711
-9.61421  11.7335  11.7335 -0.71251 -38.0314  287.232 -549.318  28.2875
 -4.4443 -17.2409  38.6562 -8.42962 -5.60875  235.906 -537.281 -87.6952
 12.0456  21.7167  21.7167 -18.1421 -49.3874  279.099 -572.814  37.1741
 46.3639 -1.55612  46.3639 -52.8773 -26.9354  273.619 -650.139 -15.0993
 58.2857  9.55522  58.2857 -61.9093 -35.3684  262.442 -682.738  47.9129
 64.5005  25.4846  64.5005 -67.2243 -53.7817  257.712 -690.459 -7.03572
 62.2516  37.0772  62.2516 -59.0067 -59.4419   257.41 -699.215  55.3304
 59.5251   37.021  59.5251 -57.1619 -65.1878  261.816  -673.33 -19.9208
 25.2194 -25.2194  25.2194 -3.88374  15.5997  302.989 -687.551  70.7899
 -25.752   -85.69    85.69  21.9265  55.2551  129.556 -503.277 -49.6736
 -46.409 -57.5873  57.5873  54.8453  56.3726  56.3726 -347.675   17.219
     -10 -8.86106       10 -65.1735 -34.5563   186.12
