-15.0629  35.3971  35.3971   36.897  -36.897   36.897 -353.217  152.703
-44.3579  83.5559  83.5559  39.5792 -142.833  142.833 -571.507  55.6776
 88.9532  38.6306  88.9532 -81.5074 -54.6033  216.612  -795.91    68.96
 95.0826  95.0826  95.0826 -83.5372 -136.896  210.643 -808.312  43.3183
 55.2874  55.2874  55.2874 -33.5477 -86.0986  266.507 -778.027  63.8816
 25.2587  25.2587  25.2587  2.34038 -57.0416  292.939 -711.497  44.6249
      10       10       10  20.7857 -38.2711  311.411 -680.716  36.7618
 8.82205       10       10  22.2189 -36.9285   309.03 -662.198   43.435
      10       10       10  21.0654 -35.8229  308.959 -646.029  2.79011
      10      -10       10  20.0595 -12.0664  294.794 -603.829  40.7497
      10      -10       10  18.4167 -6.71441  291.106 -575.695 -91.1042
  19.4633  -19.4633   19.4633   10.3395 -0.599034   286.086  -594.881   42.6647
 33.0684 -33.0684  33.0684 -2.62924  8.17207  285.189 -627.911 -37.2787
 50.5988 -50.5988  50.5988 -21.5385  28.8693  268.813 -645.694  46.6051
 67.6416 -67.6416  67.6416 -39.6402  39.0399  250.164 -655.629 -59.0365
  89.286  -89.286   89.286 -65.4906  67.8218  230.319 -665.572  57.7904
 109.781 -109.781  109.781 -85.8388  73.7617    209.8 -686.565 -111.759
 159.903 -62.1884  159.903 -150.705  41.4772  150.705 -694.507  86.7435
 177.111  58.1429  177.111 -143.887 -132.921  315.612 -989.921 -232.466
 185.256  185.256  185.256  -149.64 -207.225  377.951 -1063.09  45.6567
 24.6435  74.3716  74.3716 -110.202 -110.202  110.202
