-26.8875 -26.8875  26.8875 -15.5229  5.64135  395.619 -817.443  114.896
-23.0542 -23.0542  23.0542 -17.2157 -40.4607  421.136 -840.237   13.863
  -17.7176    -37.117     37.117 -0.0860992    16.3317    288.952    -715.67    65.3421
-5.48666      -10       10 -9.00454 -17.7282  309.406 -620.408  3.09376
0.0160453   1.28602        10  -10.9427  -20.5927   308.384  -615.131   31.5868
 1.00282  6.78511       10 -9.86845 -28.5298  308.006 -603.897  10.8775
  1.5215       10       10 -6.94529 -31.3724  309.965 -606.574  14.0916
 1.98372  9.08423       10 -4.09511 -31.8946  309.698 -604.608  24.4312
 2.20405       10       10 -1.30787  -34.416  309.731 -602.047 -6.00007
  4.56952    4.6944   11.2996 -0.740118   -30.101   285.295  -561.827   31.3627
 10.2737 -2.91847  18.2208 -4.13706 -19.6967  251.626 -528.445 -84.6109
  16.729 0.208045   16.729  -7.0953 -26.7207  279.288 -571.325  38.5442
 19.2479  9.19813  19.2479 -6.11413 -36.4851  299.819 -616.199 -13.5651
 23.8195  9.15621  23.8195 -6.85854 -34.0628  296.855 -632.135  44.5974
 32.5199  15.4855  32.5199 -14.8473 -42.5737  291.186 -642.165 -8.08989
 33.3483   18.217  33.3483 -10.7248 -39.4446  288.471 -650.194  45.7741
 35.3519  15.5902  35.3519 -13.8551 -43.1616  285.537  -626.61 -24.9912
 21.9747 -9.08254  21.9747  11.9386 -1.24573  294.001 -638.286  52.4037
-0.456659  -47.7938   49.7117   14.0948   11.5074   196.328  -481.294  -64.3244
-4.28521  -52.338   52.338  15.9487  48.0985  99.0105 -352.339 -9.65051
-8.14512  1.64449       10 -71.4828 -44.0972  199.945
