-13.3201 -13.3201  13.3201  22.6854  2.43654  22.6854 -289.993  120.938
-38.5273 -38.5273  38.5273 -58.6432 -13.5497  300.589 -494.618 -24.0303
-91.5581 -35.5854  91.5581  18.2922  17.7756  182.115 -685.337  23.3607
     -10      -10       10 -59.7519 -20.3355  324.921   -583.9 -18.5769
     -10      -10       10 -50.6222 -13.2072  304.135 -568.761  22.7046
     -10      -10       10 -48.2854 -15.3966  304.911 -567.317 0.623737
     -10      -10       10 -44.2914 -13.7896  306.296 -582.825  11.5508
     -10  1.67257       10 -39.9537 -26.1807  305.126 -593.331  21.6848
     -10   6.5939       10 -35.5242 -31.4811  305.954 -609.488 -1.24396
     -10      -10       10 -25.6291 -14.1006  284.246 -596.426  39.9033
      10      -10       10 -34.5781 -10.2126  254.643 -573.081 -61.5544
     -10      -10       10  -21.142 -13.0721  285.985 -596.862  46.9446
     -10      -10       10 -25.3681 -13.7831  307.816 -609.577 -11.0327
 16.6779 -16.6779  16.6779 -52.8598  -3.6804  300.117 -603.288  41.9991
 15.7163 -33.7969  33.7969 -55.2211  10.8276  282.641 -608.003 -20.3838
 18.8344 -38.6474  38.6474 -59.8773  21.3704  280.482 -602.286  36.2317
 30.0669 -30.0669  30.0669 -69.5513  1.71825  278.032 -543.776 -52.0475
      10      -10       10 -48.8302 -6.28314  310.566 -515.633  35.4263
-35.2914  35.2914  35.2914 -31.7228 -103.499  420.789  -691.31 -137.283
 -54.546  96.8404  96.8404 -33.6997 -119.134  440.728   -897.9 -4.72285
 33.0375 -33.0375  33.0375 -99.6971 -9.90906  99.6971
