      10       10       10  7.33157 -18.0289  18.0289 -272.905   122.77
 0.56792       10       10 -59.6669 -68.3647  266.228 -334.843 -4.16802
 49.4932 -5.23089  49.4932 -100.876 -13.2222  243.525 -605.145  7.72787
      10      -10       10 -54.8833 -23.4954  313.361  -571.53 -5.37847
 3.39469       10       10 -42.5531 -35.1435   309.47 -589.882  18.1166
-3.44446      -10       10 -31.0665 -16.6153  308.813 -597.069  12.4636
-6.22779       10       10 -24.4648 -35.3976  310.446 -611.638  12.0643
-9.35033 0.896857       10 -15.6311 -25.5364  307.851 -624.591  32.8197
     -10      -10       10 -9.92771 -14.0657  308.861 -641.264 0.900314
      10   5.8957       10 -21.7536 -27.3021  291.556 -638.778  55.2158
 9.24124      -10       10 -15.8106 -6.28639  281.448  -631.81 -64.0409
      10      -10       10 -17.5475 -10.6002  293.771 -634.457  66.3594
      10      -10       10 -21.6635 -15.8189  311.036 -627.042 -23.2633
 30.3271 -30.3271  30.3271 -46.7456  9.04262  289.157 -630.782  60.0978
   56.25   -56.25    56.25 -79.6297  29.4393  262.875 -631.153 -57.2748
 74.9488 -74.9488  74.9488 -105.136  58.6613  244.979 -624.685  57.3241
 77.0125 -77.0125  77.0125 -109.772  47.2302  236.462  -575.63 -136.234
 60.6074 -60.6074  60.6074 -100.186  49.8966  246.473 -474.686  61.8317
 56.6355  56.6355  56.6355 -105.823 -127.283  424.739 -687.926 -314.914
-3.54753  137.368  137.368 -63.9786 -157.649  440.873 -955.377  59.2933
      10       10       10 -80.2322 -49.5493  167.101
