-17.8175  17.8175  17.8175  37.8926 -21.4775  37.8926 -283.758  134.688
-78.0099  78.0099  78.0099  53.8016 -133.943  133.943 -484.502  16.5706
-42.0721  18.0041  71.0565  29.0374 -32.7623   241.31  -743.76  53.8146
 -16.316   16.316   16.316  15.7774  -50.564  308.281 -673.314  20.7009
      10       10       10 -6.71644  -35.173  313.551 -662.286  45.6457
      10       10       10 -4.96288 -38.9531  308.878 -643.979  26.3917
      10       10       10 -2.73957 -37.1621  310.591 -644.012  25.4679
        10         10         10 -0.0434856   -36.9638    309.451   -641.206    34.0988
      10       10       10  2.00817 -36.1306   309.17 -636.831  2.39529
      10      -10       10  4.84348 -12.0007  289.208 -602.726  41.2835
      10      -10       10  4.25552 -6.99166  276.625 -565.698 -69.4501
      10      -10       10  7.40666 -10.0376  289.864 -590.449  50.7582
 15.6037 -15.6037  15.6037   1.8142 -9.61279  304.829 -619.439 -31.8612
 37.2871 -37.2871  37.2871 -23.8015  16.0219  282.956 -631.911  55.0813
 58.7451 -58.7451  58.7451 -48.4688  30.7111  260.092 -640.315 -62.5344
 80.8136 -80.8136  80.8136 -77.3147  62.0844  234.415 -632.858  63.3707
  90.918  -90.918   90.918 -88.6865  56.6753  213.633  -608.38 -127.016
 85.9498 -85.9498  85.9498 -88.2511  68.9092  241.982 -590.519  88.3866
 91.5095  50.6275  91.5095 -78.9384 -125.932  422.364 -880.762 -255.461
 33.3158  144.657  144.657 -33.1055 -163.169  442.557 -1012.45  39.5243
 51.9952  51.9952  51.9952 -142.579 -85.0821  142.579
