-32.3094   42.236   42.236  44.9509 -49.2349  49.2349 -353.052  126.545
-76.7329  76.7329  76.7329  59.9654 -134.619  146.112 -483.571  16.8737
-23.8993  3.30916  55.2531  25.0767 -18.0596  259.576 -709.374  49.2318
-14.7321  14.7321  14.7321  25.8031 -48.0563  310.392 -661.401   13.959
-2.38155       10       10  17.0226 -35.0377  313.886 -657.073  43.2856
 1.56179       10       10  14.6745 -38.0312  309.942 -644.212  22.6637
  4.2183       10       10  14.0373   -36.43  310.843 -644.926  25.0508
      10       10       10  10.4487 -36.1219  308.934 -641.853  32.4349
      10 -0.53981       10   12.582 -24.7314  307.981 -639.599  2.70977
      10      -10       10  14.4027 -12.2831  288.085 -607.251  39.9633
      10      -10       10  14.4122 -7.70725  272.116 -573.154 -68.3876
 10.1776 -10.1776  10.1776  16.4613  -10.581  289.322 -599.669  46.0852
 16.8369 -16.8369  16.8369  9.51711 -7.38841  301.999 -627.403 -25.7196
 36.3744 -36.3744  36.3744 -13.6798  14.9065  281.268 -637.395  47.0841
 54.9492 -54.9492  54.9492 -35.7518   27.924   262.37 -642.642 -47.1916
 72.3692 -72.3692  72.3692 -58.1473  52.7556  242.994 -639.372  50.5719
  80.525  -80.525   80.525  -69.009  47.3239  225.775 -608.848 -98.8821
 71.6781 -71.6781  71.6781 -61.1911  52.9714  257.071 -599.053     66.4
 47.7465  29.8159  60.5751  -20.553 -101.608  453.987 -844.705 -214.502
  16.5742   104.905   104.905 0.0707948  -123.601   433.144  -909.888   20.7835
 37.7992  37.7992  37.7992 -115.994 -74.1502  164.044
