     -10      -10       10 -4.85214 -3.93598  134.192 -446.728   123.48
     -10      -10       10 -72.2739 -43.8428  380.128 -521.413 -31.0801
-6.96853  -14.442   64.051 -49.3668 -4.51158  222.063 -652.559  22.9335
     -10      -10       10 -39.1391 -18.4572  320.924 -595.865 -18.4556
     -10      -10       10  -31.202 -10.7938  308.005 -595.486  22.8295
     -10 -5.25695       10 -26.8492 -17.1884  306.859 -598.241  5.17966
     -10       10       10  -22.501 -31.6819  308.456 -611.342  14.1142
 -8.4181       10       10 -19.0515 -32.2021  307.406  -621.29  26.2311
  -5.40741         10         10   -18.0926   -33.5652    309.566   -631.334 -0.0200369
0.727697      -10       10 -16.1855 -15.5729  286.602 -609.642  42.8672
 5.98223  8.87323       10 -14.1578 -32.6034  258.355 -577.763 -69.5568
      10 -2.98551       10  -20.469 -22.7351  287.583  -602.72  48.6874
      10      -10       10 -22.1776 -14.3208  311.261 -617.927 -13.0572
      10      -10       10 -20.6115 -10.7373  310.188 -603.511  43.1041
      10      -10       10 -20.4178 -12.7971    310.4 -582.302 -20.3475
      10      -10       10 -18.5906 -6.74228  308.992 -570.053   36.699
      -10       -10        10 -0.303121  -14.9963    304.82   -528.49  -52.8296
      -10       -10        10   1.21604 -0.320944   311.189  -529.466   31.7874
     -10      -10       10 -9.77249 -41.3928  385.142 -559.905 -139.366
      -10        10        10 -0.947668   -22.311   393.648  -609.902   18.7464
      10      -10       10 -62.6114 -35.4974   140.92
