-130.224 -130.224  130.224   111.38  108.087  408.944 -1157.36  116.788
-106.703 -106.703  106.703  109.246  43.9213  346.073 -1084.53  21.4633
-52.4849 -52.4849  52.4849  68.8077  30.8621   283.06 -790.058  91.0392
 18.9284 -18.9284  18.9284 -1.31161  -6.2353  292.691  -651.86 -1.90705
-6.30912      -10       10  25.0671 -11.6403  308.992 -624.702  34.3356
      10      -10       10  9.68591 -13.1083  307.964 -609.705  4.34205
      10  9.49202       10  12.0769 -32.5027  321.103 -625.647  9.89548
      10       10       10  13.7143 -34.9745  309.079 -601.605  18.5257
 12.1363  12.1363  12.1363  11.7532 -38.9709  299.663 -581.377 -12.7277
 12.4685  11.6244  12.4685   11.029 -38.7581  289.789 -549.819  23.9276
 38.6539  -15.102  38.6539 -20.0877 -7.10444  245.318 -542.516 -99.6712
 20.1692  20.1692  20.1692  9.48099 -47.9807  282.887 -578.508  36.0975
 35.2142  35.2142  35.2142 -1.02105 -65.3129   280.01 -647.828 -13.8873
 41.8296  41.8296  41.8296 -1.74674 -69.7703  278.084 -692.884  54.9367
 49.0515  49.0515  49.0515 -7.62901 -79.1477  272.104 -708.177 -1.14182
 47.9614  47.9614  47.9614 -1.57959 -73.6291  256.565 -708.497   67.992
 53.8775  42.1018  53.8775 -6.04903 -71.3286  281.618 -744.323 -9.95303
 31.2424  31.2424  31.2424  33.8363 -44.5473  290.092 -770.963  81.0743
-2.34962 -100.968  100.968  20.9732  71.6439  71.6439 -521.495 -22.4168
 2.12327 -19.3366  19.3366    19.04    19.04    19.04 -220.298  6.74083
 -31.018 -10.8701   31.018 -40.2093 -23.1626  185.503
