 4.72092      -10       10       10  0.38833       10 -246.737  126.738
-21.6012 -21.6012  21.6012 -40.9364 -31.4789  205.258 -278.157 -11.9567
-60.5264 -20.3422  60.5264 -9.08662  4.73689  222.438 -606.085  13.3175
     -10      -10       10  -55.178 -26.6631  317.407 -560.696 -15.7335
     -10      -10       10 -49.2545 -16.6054  307.798 -564.594  18.8111
      10      -10       10 -64.6629 -20.1252   304.17 -564.265  2.67458
     -10      -10       10 -41.7413 -17.9102  307.665 -579.388  8.80072
     -10      -10       10 -36.2437 -17.6715  305.373  -592.92    23.65
     -10      -10       10 -30.8785 -16.2628  306.299 -614.741 -1.96777
     -10      -10       10 -20.2952 -12.4197  289.222 -621.283  49.9934
     -10      -10       10 -15.4425 -7.04706  282.795 -620.887 -57.0669
     -10      -10       10 -15.5155  -10.414  291.349 -623.589  63.9779
     -10      -10       10 -20.1743 -15.4865  308.012 -617.905 -24.2122
 22.0105 -22.0105  22.0105 -55.6272 0.682173  295.982 -614.044  63.2489
 54.1294 -54.1294  54.1294 -94.4682   26.662  262.425 -629.472 -56.5956
 84.0777 -84.0777  84.0777 -134.105  65.7123  233.338  -637.47  67.9484
 93.8033 -93.8033  93.8033  -143.57  60.5277  209.824  -602.17 -126.046
 70.6147 -70.6147  70.6147 -128.101  54.2679  249.514   -534.8  88.0284
-100.115  100.115  100.115  19.1304  -182.32   399.29 -818.053 -278.282
-147.577  203.529  203.529  26.3812 -231.315  421.024  -1126.2  51.8044
      10      -10       10 -77.3244 -27.2921  147.434
