-169.332 -169.332  169.332  147.284  150.227  418.051 -1323.86  139.881
-142.076 -142.076  142.076  144.745  84.9487  318.919 -1176.55   58.463
  -59.69   -59.69    59.69  81.9743  43.8332  271.342 -826.003  107.835
      10      -10       10  12.0236 -14.0124  309.684 -656.397  6.79442
      10      -10       10  12.1283 -8.12686  308.285 -628.367  35.7943
      10      -10       10  12.2663 -12.7333  307.658 -606.729  3.38786
      10      -10       10  14.7255 -13.9778  309.678 -602.554  9.23712
 13.4998  13.4998  13.4998  12.2541  -39.177  306.106 -598.475  15.9359
      10       10       10  18.5995 -36.8026  308.639 -583.555 -15.1774
      10       10       10  17.2951 -35.2918  285.585 -526.213  20.1955
      10       10       10  17.3869 -30.2209  258.652 -476.451 -101.941
      10       10       10  26.1607 -36.3981  282.683 -541.156  31.7417
 11.3007  11.3007  11.3007  35.6016 -41.4679  305.054 -618.725 -10.1815
 26.5914  26.5914  26.5914  25.5552 -55.3597  290.805 -675.921  53.5259
 48.6904  48.6904  48.6904  3.57262 -80.0105  271.849 -720.629  9.76137
  63.943   63.943   63.943 -6.95435 -89.1528  251.275 -770.504  63.3152
 74.9494  74.9494  74.9494 -21.2898 -106.198  240.463  -761.96  5.86709
 45.8125  45.8125  45.8125   30.923 -59.6396  281.622 -823.357   68.077
 5.74398 -101.212  101.212  18.3631  68.6108  68.6108 -518.146 -8.83449
  7.7931      -10       10  15.8773  15.8773  15.8773  -201.94 -29.8396
-41.1313 -12.4861  41.1313 -33.7527 -7.52534  170.941
