 13.4712  13.4712  13.4712 -17.2484 -22.4877  277.487 -643.171  111.309
  27.063   27.063   27.063 -50.1035 -93.2553  293.985 -591.732  11.1608
 36.3173 -18.8445  36.3173 -47.3288  2.30823  279.717 -661.754  38.8118
 10.1673  10.1673  10.1673  -15.547 -39.9758  312.511 -622.009  7.01531
      10       10       10 -11.1048 -29.7067  311.633 -627.858  27.8781
      10       10       10 -8.59086 -32.6092  312.491 -626.575  19.0816
      10       10       10 -4.64098 -31.3125  312.964 -634.511  16.6365
       10        10        10 -0.652067  -32.2755   310.884  -638.401   35.3165
      10       10       10  3.33716 -34.1946  311.119 -646.793  1.36661
      10  3.56035       10  7.47437 -28.6903  304.528 -644.085  49.2074
      10      -10       10  10.6686 -12.1451  284.026 -613.178 -75.6402
      10      -10       10  11.2418 -14.3346  303.636  -634.09  54.7123
      10      -10       10   10.554 -14.8025  314.629 -632.351 -18.3133
 12.6628 -12.6628  12.6628  7.03258 -7.28527  303.574 -605.808  47.6738
 23.6908 -23.6908  23.6908 -7.67777  0.85999  304.914 -611.398 -38.2633
 40.4452 -40.4452  40.4452 -28.9169  25.5914  274.973 -588.941  37.8909
 41.3565 -41.3565  41.3565 -33.9471  16.0454  290.627 -571.099 -93.2558
 37.7017 -37.7017  37.7017 -34.6906   30.142   277.61 -498.594  23.6668
  17.043  -17.043   17.043  -20.564 -40.1651  327.098 -422.411 -187.743
      10       10       10 -2.80603 -24.6595  341.982   -467.5  52.0814
 15.3658  15.3658  15.3658 -93.6919 -55.2454  193.075
