     -10      -10       10 -13.5876 -4.00253  142.167 -414.959  107.376
-18.6131 -18.6131  18.6131 -77.5763 -36.6847  373.126 -545.979 -33.4646
 -11.536 -9.63459   69.466 -54.2828 -9.65727  215.856 -671.551  28.5269
     -10      -10       10 -50.0611 -18.6691  319.239 -590.441 -19.1306
     -10      -10       10 -42.4987 -10.7068  305.479 -584.853  24.6295
     -10      -10       10 -39.4385 -12.1432  305.606 -583.908  2.62339
     -10 -3.88502       10 -35.6471 -17.2205  307.025 -595.268  13.4272
     -10  3.20754       10 -31.4887 -25.5348  306.104 -602.613  23.1727
     -10       10       10 -27.8569 -34.1063  307.792 -613.448 -1.36557
     -10  8.79961       10 -20.1629  -35.658  285.817 -589.816  38.3277
     -10 0.212874       10  -11.427 -24.7396  257.019 -557.704 -69.1223
     -10 -3.37404       10 -15.7664 -22.7185  287.094 -583.582  43.4833
      10      -10       10 -37.8573  -13.981  309.187 -603.316 -13.1327
      10      -10       10 -36.3959 -10.4748  308.409 -591.899  40.0538
      10      -10       10 -35.6178 -12.4824   308.69 -578.242 -15.9479
      10      -10       10 -33.7936 -7.05764  309.228 -572.993  37.1667
      10      -10       10 -34.0562 -15.4983  303.307 -539.159 -37.8557
      10      -10       10 -31.6777 -1.21009  311.373 -554.387  38.8435
-5.02328  8.08416       10 -31.0707 -60.8651  377.765 -580.123 -94.5845
-2.32003       10       10 -27.7695 -23.1523  392.401 -629.741  17.1475
     -10      -10       10 -43.6865 -37.3563  131.996
