-11.7945  12.2664  12.2664  11.9839 -23.1436  165.831 -443.695  115.983
-22.4305  22.4305  22.4305 -5.45838 -81.0495  294.317 -585.346  21.8781
-11.7869 -26.2641  35.4446 -3.40645  9.58172  289.881 -703.121  51.7478
-5.22319  12.4234  12.4234 -6.14621  -40.802  308.853 -636.853  9.78222
0.151601  10.0921  10.0921 -7.34599 -29.9481  310.396  -637.07  36.5648
 1.39124       10       10 -6.78915 -32.4609  309.341 -627.451  18.6434
 1.80303       10       10  -4.7505 -31.4631  310.913 -629.036  19.9004
  2.2097       10       10 -2.67094 -32.6539  309.831 -625.943  30.0539
  2.46989        10        10 -0.878379  -34.5078   309.851  -622.867  -1.71101
 4.22797      -10       10 0.477358 -16.6694  290.154 -588.048  37.3152
 4.87614      -10       10 0.982233 -14.0396  276.859 -557.722 -78.2505
 7.18459      -10       10 0.826948 -16.0242  291.291 -581.822  43.0027
 11.8265 -11.8265  11.8265 -3.13339 -12.9288  308.155 -607.752 -21.6519
 11.9054 -11.9054  11.9054 -1.26485 -8.27598  307.412 -603.621  44.5536
 18.6219 -18.6219  18.6219 -8.78687 -4.13829  300.841 -598.756 -29.2809
  23.264  -23.264   23.264 -12.4936  7.50102  295.871 -599.386  46.4739
 26.4773 -26.4773  26.4773 -17.6284  0.65439  285.845 -567.679  -62.106
 14.6549 -14.6549  14.6549 -1.20917  3.88779  308.612 -568.668   59.437
      10       10       10 0.910095 -65.3659  405.034 -649.709 -142.849
 14.4582  38.7267  38.7267 -10.6983 -54.2965  358.252  -636.26  17.4927
 11.2628  11.2628  11.2628 -89.9875 -56.8221  200.021
