-37.3675  48.9929  48.9929  51.3479 -53.2078  53.2078 -424.302  138.553
-93.9612  93.9612  93.9612  68.9236 -153.577  153.577 -576.025  26.0105
-31.6316  12.2493  67.8745   26.574 -27.5889  258.447 -772.802  56.4338
-14.2306  33.2971  33.2971  16.6235 -66.8413  288.867 -695.257  19.9385
 -2.8431  14.6882  14.6882  12.7978 -38.8455  306.021  -671.94  47.5171
      10       10       10  2.12217 -37.2695  309.545 -651.091  26.1817
      10       10       10   4.5017 -35.3005  311.393 -651.288  27.2522
 7.73081       10       10  9.27431 -35.1404  310.553  -647.55  34.6738
      10       10       10  9.40775 -34.6968  309.035 -642.617  3.62554
 9.40931      -10       10  12.7252 -11.9468  286.965 -606.083  41.4412
      10      -10       10  13.3533 -7.33125  264.784 -565.064 -72.2301
      10      -10       10  14.8811 -10.8461  286.615 -591.354  45.4985
 13.4367 -13.4367  13.4367  11.8481  -11.155  305.334 -616.824 -23.8922
 31.9975 -31.9975  31.9975  -9.4147  10.6142  286.245 -626.647  42.6972
 49.3017 -49.3017  49.3017 -30.0168  22.9927  270.274 -629.338 -43.4152
 63.9851 -63.9851  63.9851  -47.934  45.3694  254.814 -626.283  39.0825
 72.1107 -72.1107  72.1107  -59.488   40.467  234.822 -587.079 -94.3774
 61.8197 -61.8197  61.8197 -49.7987  44.7948  253.809 -554.002  47.9558
  32.027 -7.61802   32.027   1.1806 -63.3791  464.906 -768.272 -203.491
 23.4937  68.1957  68.1957  6.47425 -87.2757    468.7 -855.749  15.7582
 48.7292  48.7292  48.7292  -137.46 -85.7146  155.392
