 10.4951  10.4951  10.4951  13.5711 -13.5711  13.5711 -234.746  125.067
-74.9478  74.9478  74.9478  38.3538 -132.781  132.781  -439.45  18.1449
-35.7262 -26.5354  35.7262  11.3814  12.5601  302.214 -715.563  34.4025
     -10       10       10 -6.15146 -43.7705  310.163 -627.557  18.1123
     -10       10       10 -1.99413 -34.4803  309.726 -638.599  34.5843
      -10        10        10 -0.796273  -38.0828    311.45  -630.121    24.398
-7.79109       10       10 0.132725 -36.3671  311.367 -633.014  20.7196
-4.70862       10       10 0.138012 -36.0584  306.447 -625.388  35.6846
 -2.40981        10        10   0.69284  -35.5234    307.19  -628.683 0.0982419
 2.47165      -10       10  0.40115 -11.3429  289.185 -604.937  46.9587
      10      -10       10 -6.49329 -6.22589  282.016 -583.276 -72.9955
      10      -10       10 -4.58728 -10.4339  293.789 -601.184  56.3828
 11.2881 -11.2881  11.2881  -7.4322 -15.1615  312.246 -615.077 -33.7331
 40.0608 -40.0608  40.0608 -41.1398  17.7478  278.523 -631.465  58.3509
 64.9112 -64.9112  64.9112 -70.4193  36.0892  251.972  -641.22  -63.572
 87.6451 -87.6451  87.6451 -100.265  69.4711  231.457 -645.136  69.0251
 97.1714 -97.1714  97.1714 -110.038  63.8673  211.999 -623.634 -130.548
 87.3039 -87.3039  87.3039 -106.462  72.3817  229.533 -568.938  96.7409
 17.6598  90.0861  90.0861  -32.486 -165.213  413.213 -845.441 -279.882
-30.1019  150.105  150.105 -1.18822 -171.387  461.336 -1046.69  50.2467
      10       10       10 -97.3054 -47.1175  211.601
