-78.4263 -78.4263  78.4263  9.00614  55.9866  444.611 -1063.29  107.262
-64.2132 -64.2132  64.2132  20.9767  8.00394  401.564 -1050.35  39.9824
-40.9442 -40.9442  40.9442  29.7899  23.5981  276.499  -797.14  99.6177
     -10      -10       10 -5.42419 -15.3952   314.47 -659.254  11.0334
     -10      -10       10 -3.91003 -9.20501  308.836     -626  36.9898
 8.16126      -10       10  -21.629 -13.0705  307.269 -601.311   10.545
 11.9139  15.9023  15.9023 -25.1831 -40.1712  302.155 -599.104  10.2548
 18.3179  18.3179  18.3179 -30.1938  -44.329  301.329 -595.227   18.724
 -4.8113  25.5212  25.5212 -7.97187 -52.5021  294.339 -586.804 -15.9381
 -25.1803  -25.1803   25.1803     15.24 -0.285209   275.687  -541.392   20.7335
-7.02513 -0.80252  78.5551 -12.4428 -19.2271  198.179  -561.39 -104.247
 23.0593 -2.38301  89.0699 -37.6328 -24.3022  205.994 -636.397  31.1843
 84.3226  5.56342  84.3226  -90.461 -35.9897  236.782  -703.21 -16.5522
  94.792  21.4563   94.792 -95.4272 -50.7459   227.91 -749.468  53.8273
  105.962   47.7718   105.962  -105.105  -79.7926   217.554  -772.731 -0.535922
 108.988  63.2872  108.988 -100.483 -88.8698  207.283 -799.628  67.7185
 114.224   57.842  114.224 -107.269 -88.4187  205.653 -791.246 -2.88316
 60.8851 -60.8851  60.8851 -22.6109  50.4751  262.854 -825.394  97.4069
-35.7041 -97.4963  97.4963  47.9385  69.5666  69.5666 -546.833  10.0796
-6.60773 -26.8532  26.8532   33.203   33.203   33.203 -306.606  12.2849
      10      -10       10 -81.3618 -16.8377  184.548
