-99.6566  99.6566  99.6566  100.835 -107.527  107.527  -669.28  97.1898
-114.805  114.805  114.805  94.3065 -180.945  180.945 -726.042  55.1445
-89.0077  19.5446  89.0077  90.7095 -39.3102  226.141 -811.233  58.9263
-11.1044  11.1044  11.1044  23.2599 -41.7688  313.352 -675.844  34.3926
      10       10       10  4.70767 -31.6159  310.465 -665.546  41.8043
      10       10       10  4.57942 -34.7599  309.386 -646.094  27.9386
      10       10       10  6.63679 -33.3728  310.673 -645.046  24.3882
     -10       10       10  28.0624 -33.9193  308.952 -635.347  30.3409
      10       10       10  9.94127   -33.93  308.083 -630.249  4.73337
      10      -10       10  10.8486 -12.9136  281.792 -578.724  29.7982
 12.7387 -12.7387  12.7387  7.61964 -6.31686  225.057 -488.583 -63.7111
 13.8091 -13.8091  13.8091  8.76589 -8.13749  276.036 -567.848  30.2183
 16.6059 -16.6059  16.6059  7.94097 -6.90599  302.248 -612.247 -17.0492
-24.8738 -24.8738  24.8738  49.2715  3.77931  291.693 -611.956  32.5151
  33.698  -33.698   33.698 -9.79772  9.42897  287.022 -617.609 -30.9536
-49.0785 -49.0785  49.0785  69.9085   30.752  266.389 -612.181  31.8394
-53.4604 -53.4604  53.4604  73.2974  23.8778  268.487 -604.437 -66.7499
 45.0552 -45.0552  45.0552 -23.1413  30.0808   262.62  -565.87   34.384
  26.427  -26.427   26.427  5.91632 -42.2296  416.742 -701.597  -121.92
     -10       10       10  54.3461  -27.568  515.467 -800.537 -40.8594
-70.9094  70.9094  70.9094 -21.0933 -114.346  114.346
