-76.1749 -128.792  128.792 -129.022  73.0757  129.022 -624.913 -9.99863
 -74.862 -15.5615  319.748      -10      -10       10 -1798.92  170.551
-170.146  15.6826  170.146 -67.3515 -67.3515  67.3515 -393.499  7.56329
-93.7934    -15.9  301.305      -10      -10       10  -1441.8  -13.322
-202.788 -93.4982  242.216      -10      -10       10 -854.907  46.6345
-127.689 -31.2871  283.462      -10      -10       10 -1164.08  -55.196
-188.315 -89.9565  250.359      -10      -10       10 -885.324  19.2698
-133.173 -41.2752  280.662      -10      -10       10 -1082.35 -24.4519
-162.931 -56.6564  264.738      -10      -10       10 -916.114  15.9237
-120.857  17.2772  286.698      -10      -10       10 -978.266  29.2075
-127.067  37.3727  285.034      -10      -10       10 -896.643 -9.89328
-116.577  3.64094  289.715      -10      -10       10 -994.617  44.6771
-137.795 -68.9623  277.995      -10      -10       10 -998.572   28.593
 -139.82 -92.8589   277.08      -10      -10       10 -1015.78 -29.0253
 -156.093   -125.99   267.939       -10        10        10  -941.829 -0.994548
 -157.56 -103.404  267.612      -10       10       10 -879.092 -131.942
-170.692 -53.1109  272.324       10      -10       10 -844.835  51.8374
-149.394   29.355  280.643       10       10       10 -753.794 -137.236
-123.709  45.2814  298.677       10       10       10 -856.889  491.169
      -10       -10        10 -0.208282        10        10  -33.5142  -342.849
-147.399 -30.0789  147.399 -50.2186 -50.2186  50.2186
