  132.29  47.4685   132.29 -161.308 -71.5451  192.317 -719.889 -92.3479
 156.291  -27.275  156.291 -168.539 -26.9797  168.539 -857.579  208.671
 82.0003 -82.0003  82.0003 -68.6728  56.6043  241.848  -801.72 -42.9107
 146.328  146.328  146.328 -152.435 -177.932  177.932 -845.039  101.899
 159.609  9.63134  159.609 -164.804 -29.7475  164.804 -853.447 -22.4358
 158.296  13.3143  158.296 -166.088 -31.3762  166.088 -820.856  51.8362
 159.318 -159.318  159.318 -164.988  139.832  164.988 -804.289 -17.8729
 157.985  17.3562  157.985 -166.297 -37.8322  166.297 -789.591  34.4801
 34.1021  6.01976  34.1021 -13.3265 -31.7002  289.129  -649.47 -19.6096
      10       10       10   13.479 -42.6542  312.938 -596.069  35.6335
 13.3014 -13.3014  13.3014  10.9688 -17.3738   310.24 -595.515 -107.562
      10      -10       10  18.5691 -24.6302  312.866 -598.801  23.6089
      10       10       10  26.4634 -36.6964   312.62 -634.127  14.0912
  164.27  5.88732   164.27 -159.524 -31.8597  159.524 -798.771 -10.8986
      10      -10       10  35.3736 -9.79297  312.176 -658.744  73.3445
-11.9955  11.9955  11.9955  57.8027 -29.8778  310.195 -655.051 -50.9458
     -10      -10       10  61.6258 -3.20286  311.906 -669.001  158.004
-36.9354  36.9354  36.9354  88.1972 -36.9045  285.066 -722.169 -149.154
-46.7181  46.7181  46.7181  90.6462 -61.2448  273.094 -682.747  297.504
-20.7418 -20.7418  20.7418  32.3663  16.7165   41.321  -169.53 -407.501
 59.3367  -39.513  59.3367 -137.134 -21.8393  137.134
