 120.508  52.1816  139.049 -181.003 -78.4238  181.003 -678.958 -95.8495
 142.007  7.35645  142.007 -180.064 -62.4729  180.064  -819.54   165.32
 85.5551 -85.5551  85.5551 -107.018  59.5593  237.708 -759.332 -47.8913
 57.8464  25.9007  57.8464 -76.8866 -51.3627  265.438 -701.861  87.0853
  142.21   11.923   142.21 -179.918 -33.6595  179.918 -793.348 -27.2106
  142.96 -6.46792   142.96  -179.16 -11.8856   179.16 -794.049  45.7132
 141.829 -15.9593  141.829 -180.179 -4.42077  180.179 -769.751 -18.2225
 43.1378 -14.5682  43.1378 -60.4002 -5.20874  280.168 -643.943   38.504
 17.8946 -17.8946  17.8946 -32.0818  -7.8321  305.653  -593.56 -20.5355
      10       10       10 -24.4201 -42.2702  313.401 -569.991  30.8164
 17.8849 -17.8849  17.8849 -33.3118 -12.3192  306.025 -576.998 -107.981
 16.3142 -16.3142  16.3142 -28.4656 -17.6226  307.331 -584.834  20.6976
 34.6897 -7.23754  34.6897 -43.9251 -19.5755   289.16 -641.845  11.9791
 145.272   3.4816  145.272 -177.099 -29.0766  177.099  -772.48 -7.84347
   12.45   -12.45    12.45 -9.00883 -7.38463  312.186 -649.505  75.3451
-14.8633  14.8633  14.8633  19.7519 -32.6736  309.904 -660.207 -39.5271
-25.4875  25.4875  25.4875  32.6773 -39.1968  299.405 -693.739   165.28
-34.5844  34.5844  34.5844  47.0419 -33.5818   290.69  -742.99 -122.402
-48.6519  48.6519  48.6519  51.1358 -63.5385  273.964 -706.813  317.627
-17.4156 -17.4156  17.4156  25.7115  15.7878  33.3611 -171.505 -372.172
 53.6365 -52.9207  53.6365 -140.814 -9.01164  140.814
