 112.605  36.9578  112.605 -72.7737 -60.8546  210.446 -669.724 -145.404
 184.481 -6.56791  184.481 -137.831 -48.6586  137.831 -869.396  212.608
 86.4577 -86.4577  86.4577 -10.5039  56.8756  228.553 -800.337 -63.6708
 25.2905  25.2905  25.2905  58.6994 -48.4487  287.589 -705.275  105.394
 186.234   18.312  186.234   -134.6 -39.8372    134.6 -879.472 -33.8246
 187.414 -5.08618  187.414 -132.494 -13.8354  132.494 -892.257  50.9897
  186.16 -11.8862   186.16 -134.573 -10.6243  134.573 -862.342 -18.1829
      10      -10       10  77.4184 -10.7565  301.887 -660.633  44.3402
      10      -10       10  73.9639 -16.9135  302.787 -634.136 -19.3603
      10       10       10  71.7897 -41.0064  303.144 -617.373  29.9133
      10      -10       10  71.2098 -19.7872  303.966 -606.741 -113.199
      10      -10       10  74.9789 -23.1076  302.515 -623.083  17.4686
      10       10       10  79.8834  -36.398  301.318 -649.816  13.1686
      10       10       10  83.9118 -33.7318  300.351 -669.231 -3.10774
      10      -10       10  88.0332 -10.7122  299.301 -687.436   75.556
 7.89307  12.8394  12.8394  93.3426 -30.9758  295.675 -711.238 -46.5665
 -20.193   20.193   20.193  123.355 -34.4285  287.792 -736.573  162.323
 12.8089  26.8909  26.8909  94.9179 -30.7402  280.078 -779.869 -136.706
  20.591  26.4744  26.4744  81.6827 -44.3683  278.848 -735.275  310.978
 -18.555  -18.555   18.555  50.9489   10.935  52.6522 -253.393 -386.481
 80.4427 -48.2002  80.4427  -126.14 -16.9413   126.14
