 6.86627  65.9745   131.02 -30.4235 -89.7799  195.733  -757.19 -81.8609
      10    1.672       10  12.9099 -57.2863  313.754 -694.487   268.52
  72.819  13.7423   72.819 -59.0593 -41.6647  251.488 -771.485 -52.1653
 20.0883  20.0883  20.0883  6.83045 -44.6161  302.796 -695.966  120.166
 161.857  14.0004  161.857 -163.939 -36.0587  163.939 -842.619 -26.6777
 162.619  4.83423  162.619 -162.748 -24.4708  162.748 -831.396  59.5514
       10 -0.923433        10   23.6703  -19.4545   312.106  -646.546  -7.53915
      10 -6.55277       10  23.4118  -14.553  312.025 -626.056  48.6178
      10      -10       10  25.4711 -16.3826  311.888 -618.308 -19.2435
      10       10       10  25.4392 -42.2481  311.646 -601.151  35.5414
      10      -10       10  27.9397  -20.257  312.125 -595.996 -113.261
      10      -10       10  33.2591 -23.7816  311.048  -605.26  21.6703
      10      -10       10  39.8045 -17.3945  310.397  -623.33  12.5309
      10  5.82335       10  44.8071 -30.0151  309.923 -634.097 -5.83037
      10      -10       10  50.2602 -10.6597   309.32 -644.082  70.4207
     -10       10       10  75.0607 -27.2168  308.898 -653.693 -58.6542
-13.8456  13.8456  13.8456  82.5757 -26.6173    304.6 -663.497  150.496
 5.43972   30.442   30.442  65.9521 -29.1168  287.872  -700.43 -164.156
 7.69936  45.0278  45.0278  56.0332 -58.4001  270.943 -662.583   277.02
 -24.417  -24.417   24.417  36.4795  19.9242  47.8218 -157.175 -433.198
 58.9834  58.9834  58.9834 -140.277  -122.87  140.277
