 5.43904  84.5281  108.115  40.6122 -120.738  216.985 -787.006 -115.207
      10       10       10  71.1014 -72.1116  307.806 -718.096  414.839
 39.6513 -7.47506  39.6513  46.7711 -15.4017  274.287 -759.141 -135.576
      10       10       10  89.0491 -36.2485  298.971 -732.351  183.238
 192.984  70.3574  192.984 -128.556 -94.6001  128.556  -885.87  -57.627
 193.952  43.1406  193.952 -125.619 -64.4189  125.619 -875.638  89.0287
      10      -10       10  100.828 -16.3974  294.329 -709.257 -16.7289
      10      -10       10  100.702 -14.0423  294.266 -688.328  58.0124
      10      -10       10  104.326 -19.9484  293.037 -681.005 -19.9535
      10       10       10  104.006 -41.8682  292.781 -659.428  35.8807
      10      -10       10  106.279 -21.0099  292.705 -645.082 -120.604
      10      -10       10  115.741 -22.4839    288.8 -661.303  22.9111
      10       10       10   125.01 -35.2829  285.438 -680.617  6.21279
      10       10       10  132.287 -32.8959  282.799 -690.478  4.38155
      10      -10       10  139.472  -10.783  280.165 -699.239  54.1085
      10       10       10  145.602 -31.5881  277.948 -706.986 -41.3382
      10      -10       10  152.828 -9.31805  275.179 -717.966  124.155
      10       10       10  158.269 -29.1948  273.263 -723.853 -142.479
      10      -10       10  161.629 -22.2465  266.397 -720.019  241.828
-25.0343 -25.0343  25.0343  72.0478  4.70211  75.3043 -203.553 -496.288
 50.4047  50.4047  50.4047 -138.037  -114.65  138.037
