 80.1487  70.9275  143.654 -170.365 -99.3202  170.365 -768.047 -25.7286
 127.777  8.03814  127.777 -190.763 -60.4298  190.763  -849.16  154.168
 70.6343 -70.6343  70.6343 -116.805  45.0605  250.004 -763.039 -5.49119
 130.445 -22.0913  130.445 -188.644 -3.24924  188.644   -811.3  79.6683
 130.157  130.157  130.157 -188.942 -157.864  188.942 -791.446 -3.23115
 130.501  130.501  130.501 -188.397 -154.302  188.397 -771.929  46.0613
 133.926 -133.926  133.926 -185.799  117.161  185.799 -764.464 0.516867
 72.2693 -72.2693  72.2693   -110.6  54.9076  249.288 -684.802  43.7361
 135.983 -32.6637  135.983 -184.401  6.40423  184.401 -752.773 -11.3536
 134.091  134.091  134.091 -185.456 -171.374  185.456 -728.123  29.5731
 137.469  -38.872  137.469 -183.454  7.29007  183.454 -728.856 -104.925
 39.9867 -39.9867  39.9867 -63.7134   5.7396   283.44 -618.768  20.6448
 32.5286 -32.5286  32.5286  -50.194  5.25956   291.71 -616.929  12.3614
 143.558 -143.558  143.558 -178.453  121.025  178.453 -729.541  -18.695
 146.157 -15.1908  146.157 -176.282 -5.81194  176.282 -746.832  68.7278
-21.8951  21.8951  21.8951  28.3133 -36.6761  305.765 -657.282 -65.2204
-152.129  152.129  152.129  129.746 -171.119  171.119 -764.145   155.58
  -49.08    49.08    49.08  60.4439 -40.6115  278.813 -696.516  -174.77
     -10      -10       10  20.7771 -1.14435  316.804 -588.882  309.146
-14.9945 -14.9945  14.9945  11.0618  13.9353  20.5719 -58.3413 -428.223
 39.2705 -23.2345  39.2705 -150.411 -39.1568  150.411
