 23.3967  101.199  130.139 -57.5598 -125.067  197.326  -804.97   -40.09
 30.0342  30.0342  30.0342  -16.638 -88.0763   295.66  -768.01  361.589
 60.9007 -5.22979  60.9007 -55.5951 -19.8732  264.768 -757.952 -68.0709
  33.735   33.735   33.735 -15.6722 -59.9709  290.314  -727.43  134.417
 158.837  46.1728  159.671 -167.203 -69.8604  167.203 -832.398 -16.5137
 161.004  20.0844  161.004 -165.117 -41.0487  165.117 -819.762  72.9943
 26.5727 -3.41887  26.5727   2.1395 -19.6422  296.101 -669.133 -3.78508
 16.2699 -6.99992  16.2699  16.9599 -13.7597   305.76  -642.19  50.0026
 11.0907 -9.29431  11.0907  27.0537 -20.7755  310.514 -627.005 -26.9007
      10       10       10  31.0591 -43.4675   310.95 -612.794  51.6403
 13.4923 -13.4923  13.4923  31.2624 -16.4002  307.937 -609.671   -125.1
      10      -10       10  42.7739 -23.6272   309.93 -612.136  27.2165
      10  5.29356       10  52.3646 -34.2065  308.859 -632.558  12.2266
 11.0942  5.64588  11.0942    58.14 -29.5304  307.062  -640.82 -4.45154
      10      -10       10  66.9119 -10.8761  307.249 -647.026  66.2976
      10       10       10  73.2284 -28.1322  306.634 -651.312 -59.3689
 12.0436  12.0436  12.0436  75.4999  -23.244  304.038 -646.437  138.956
  22.699   23.912   23.912  69.8478 -24.4786   291.68 -668.077 -168.755
 19.3178  52.2434  52.2434  60.1033 -61.6884  260.535 -615.703  225.599
-23.4988 -23.4988  23.4988  31.3472  17.4892  42.8747  -87.559 -464.906
 48.2839  48.2839  48.2839 -149.231 -108.663  149.231
