 9.90393  126.458  126.458 -29.1872 -151.265  202.045 -857.243 -12.7971
 25.2908  25.2908  25.2908 -12.1146 -84.6345  303.755 -746.655  461.974
 48.7105 -19.2212  48.7105 -36.9476 -1.04588  278.402 -742.742 -100.791
      10       10       10  21.2315 -36.4849  313.595 -709.626  185.682
 164.688  105.522  164.688 -164.129 -132.267  164.129 -844.081 -42.4334
 167.292  52.4035  167.292 -159.733 -76.1738  159.733 -834.905  91.0873
      10       10       10  38.2872 -35.6768  310.368 -678.058 -8.89314
      10      -10       10  41.6194 -13.9163  309.645  -659.41  65.2912
      10      -10       10  47.5514 -19.5891  308.747 -652.493 -18.0155
      10       10       10  50.4218 -43.2078  307.767 -634.335  45.4173
      10      -10       10   55.163 -20.8844  307.986 -622.083 -133.075
      10      -10       10  66.8668 -23.7948   305.35 -638.238  30.8571
      10       10       10  77.7445 -36.4091  303.501  -655.17  12.1815
      10       10       10  86.5494 -32.7791  302.037  -661.68 0.167602
      10      -10       10   94.399 -9.35087  300.647 -661.955  65.0942
      10       10       10  100.983  -26.664  299.633 -659.248 -65.1431
      10       10       10  107.082 -22.4117  298.464 -650.825  132.952
      10       10       10  112.977 -13.7847  297.369 -640.549 -189.841
 11.8471  11.8471  11.8471  111.989 -28.7424   290.11 -602.962  241.569
-32.8019 -32.8019  32.8019  44.1575  16.9832  63.2627 -55.4697 -518.255
  38.458   38.458   38.458 -152.347 -95.8328  152.347
