 87.6115  2.79721  87.6115  23.8298 -34.4646  217.821 -724.822 -142.773
 208.556 -57.8526  208.556 -103.779 -5.95925  103.779 -877.647  332.735
 53.2574 -53.2574  53.2574  92.4578   26.793  236.653 -777.311 -118.645
 135.853  135.853  135.853 -6.26205 -161.818  161.818 -846.254  150.094
 211.213  19.2247  211.213 -92.1312 -40.2819  92.1312 -905.337 -50.9456
 211.026   28.283  211.026 -92.1053 -48.8159  92.1053 -892.943  71.2649
 212.487 -113.686  212.487 -87.4395  87.4395  87.4395 -900.146  -17.521
      10       10       10  146.655  -33.292  273.421 -694.943  48.3663
      10       10       10  147.611  -37.875  273.041  -687.77 -17.6214
      10       10       10  146.066 -41.4119  273.498 -668.202   31.403
      10      -10       10  146.339 -20.0469  274.176 -655.107 -116.977
      10       10       10  151.978 -40.9439  270.713 -673.069  18.7438
      10       10       10  158.518 -35.3717  267.324  -695.23  9.29962
      10       10       10  163.011 -33.0074  265.003 -707.625 0.451648
      10      -10       10  167.688  -10.728  262.563 -720.236   61.191
     -10       10       10  191.618 -31.2668  260.475 -733.199 -45.8612
     -10      -10       10  196.967 -8.81325  257.572 -752.439    137.4
     -10       10       10  201.233 -29.0814   255.32  -770.32 -141.944
     -10       10       10  203.238 -38.1779  249.051 -780.796  272.982
 -13.1083  -17.9063   17.9063   73.7294 -0.978764   73.7294  -251.598  -459.869
 82.2957  3.47361  82.2957 -125.888 -71.5474  125.888
