 85.3294  92.7242  143.507 -172.317 -116.812  172.317 -844.235  8.92332
 130.069  23.0591  130.069 -189.931 -76.1997  189.931 -910.428  183.676
   69.76   -69.76    69.76 -110.786  43.2538  251.911 -802.655  6.53628
 87.1477  87.1477  87.1477 -134.347 -114.463  233.658 -777.373  87.9521
 134.557  30.8149  134.557 -185.954  -54.269  185.954  -819.68  5.78446
 136.063  11.2109  136.063 -184.597 -31.7191  184.597  -798.61  54.5658
  138.14 -1.83493   138.14 -182.922 -19.5005  182.922 -787.171  5.17382
 131.365 -13.0936  131.365 -171.314 -8.36602  190.056 -764.195  44.4752
 117.462 -21.3369  117.462 -150.345   -5.891  204.716 -739.277 -8.82525
 62.5856  62.5856  62.5856 -83.8923 -97.4472  260.405 -662.314  37.2084
 120.886 -43.7939  120.886 -148.877  12.3125  202.258 -714.311 -114.127
 138.873 -39.4364  138.873 -163.393  4.37378  184.041 -738.687  23.5622
 141.282 -25.6506  141.282 -159.619 -3.06181  182.186  -747.17   14.169
 131.252 -26.5313  131.252 -142.559  1.28216  192.919 -733.709 -14.3111
 78.1146 -78.1146  78.1146 -72.2149  56.7236  247.597 -679.253  70.1848
-10.4366  55.8329  55.8329  25.1046 -70.8451  270.931 -660.721 -83.2425
-106.657 -10.0071  106.657  116.973 0.621345  219.452 -702.979  150.648
-46.7062  74.4682  74.4682  71.4592 -60.9857  252.905   -686.3 -211.538
-17.8242  81.8498  81.8498  34.5469 -85.1274  244.119 -626.775   299.11
 -10.975 -6.65924   10.975  3.58075       10       10 -1.58628   -471.8
 39.7657  -13.535  39.7657 -149.878 -50.0165  149.878
