 131.958  49.5492  131.958  -161.37 -73.6074  192.574 -733.862  -81.633
 155.966 -21.7335  155.966  -168.98 -32.5856   168.98 -860.811  219.788
  79.078  -79.078   79.078 -65.6791  53.8208  244.783 -799.145 -40.1876
 146.261  146.261  146.261 -152.375 -178.003  178.003 -844.372   105.11
 159.793   15.112  159.793 -164.615 -35.2975  164.615 -851.761 -20.7003
 158.868  16.2445  158.868 -165.451 -34.1242  165.451 -821.809  53.5268
 159.929 -159.929  159.929 -164.331  140.045  164.331 -801.996 -14.5599
 160.142  14.1138  160.142 -164.027 -33.7407  164.027 -805.366  35.5044
 160.267 -1.51848  160.267 -163.886 -25.6936  163.886 -788.107 -21.4387
 15.9741  15.9741  15.9741  13.9845 -47.2046  306.759  -631.82  35.6452
 160.972 -42.6321  160.972 -163.593  10.0279  163.593 -759.993 -109.037
      10       10       10  26.0089 -43.6673   312.58 -622.077  24.6681
      10       10       10  31.5538 -36.9107  312.419 -638.605  17.8006
 166.651 -2.09161  166.651 -156.938 -23.7073  156.938  -799.67 -10.9713
      10      -10       10  40.1157 -9.77405  311.988 -655.248  72.4216
     -10       10       10  61.1501 -27.9071  311.984 -647.311 -54.8958
     -10      -10       10  66.2406 -3.35248  311.717 -658.267  153.779
-34.2888  34.2888  34.2888  90.7058 -34.3379  287.513 -703.269 -157.553
-44.9472  44.9472  44.9472  94.3756 -59.6318  274.466  -665.02  286.638
 -21.382  -21.382   21.382  31.6626  16.3505  41.6174 -153.341 -418.065
 57.5046 -33.7151  57.5046 -138.338 -27.8675  138.338
