  15.0768   109.087   160.226  -140.049  -140.049   140.049  -834.171 -0.814158
-85.8858 -33.7611  293.694 -15.0634 -15.0634  15.0634 -1318.92  178.583
-9.11549 -93.9202  185.665 -96.1991  76.7324  121.905 -896.286 -9.50691
-43.6281  21.3393   262.79 -48.1092 -48.1092  48.1092 -1090.79  85.6772
-47.4873  19.5531  264.099 -46.3141 -46.3141  46.3141 -1020.94  18.3606
-42.6357  22.9593   264.16 -47.1366 -47.1366  47.1366 -986.433  55.0301
-42.9462   16.874  267.896 -44.1537 -44.1537  44.1537 -964.187  13.6873
-48.1661  10.3979  277.715 -35.1841 -35.1841  35.1841 -958.525  45.0744
 -53.2239  -1.97694   287.817  -26.1689  -26.1689   26.1689  -960.684 -0.134776
-51.5922 -6.84746  291.188 -23.5937 -23.5937  23.5937 -950.747  40.9016
-55.9427 -9.63176  298.629 -17.3554 -17.3554  17.3554 -938.657 -105.384
-57.6899 -42.4308  306.917      -10       10       10 -947.676  27.5734
-48.0349 -18.0702  302.712 -15.2493 -15.2493  15.2493 -928.412  20.9775
-49.8796 -40.5796  308.943      -10       10       10 -920.712 -24.5341
-47.3416 -37.4236  309.319      -10       10       10 -897.653   67.768
-43.1103    -27.9  310.717      -10       10       10 -881.061 -127.666
-61.1287 -16.3079  310.455       10       10       10  -847.09  156.145
-54.8609  40.1909  312.974       10      -10       10 -825.994 -337.807
-66.1805  12.6226  312.326       10      -10       10 -754.683  380.318
     -10 -7.04224       10  4.33119       10       10 -13.3349 -460.705
 -151.21 -58.3553  157.646      -10      -10       10
