 95.5264   63.824  142.755 -174.122  -89.972  174.122 -742.509 -59.0988
 134.152 -11.5272  134.152 -186.252 -41.7363  186.252  -856.21  170.428
 79.0908 -79.0908  79.0908 -111.808  53.0503  243.356  -796.85 -17.7058
 134.491  134.491  134.491 -185.724 -165.235  185.724 -817.971  84.9677
 137.503  15.1799  137.503 -183.445 -36.7059  183.445 -822.168 -9.23337
 136.365  13.3856  136.365 -184.241 -31.3904  184.241 -787.052    49.69
 137.307 -137.307  137.307 -183.522  120.922  183.522 -764.396 -9.42549
 137.637  6.94998  137.637 -183.169 -26.7578  183.169 -764.325  35.7394
 138.168 -9.98947  138.168 -182.764 -16.9406  182.764 -750.019 -19.0392
  34.414   34.414   34.414 -55.6709 -67.5498  288.734 -627.112  34.3374
 139.082 -54.2337  139.082  -182.42  22.2969   182.42 -721.984 -109.476
 14.1684  14.1684  14.1684  -26.295 -49.3147  309.997 -599.492   23.861
 14.1438  14.1438  14.1438 -20.7832  -42.078  310.609 -614.667  16.9731
 145.271 -23.0381  145.271 -176.927 -2.37562  176.927 -752.775 -11.4705
 30.4813 -30.4813  30.4813 -31.3674  10.7794  294.763 -647.521  72.2909
-21.2862  21.2862  21.2862  23.3384 -38.2508  304.332 -631.944 -59.2583
-12.3222 -12.3222  12.3222  21.8773 0.937931  313.983 -632.608  157.282
-47.9433  47.9433  47.9433  55.8944  -43.183  278.173  -690.24 -163.526
-63.4449  63.4449  63.4449  62.7225 -75.9504  260.578 -656.101  305.995
-17.0082 -17.0082  17.0082  19.4726  16.8157  28.8391 -113.325 -409.128
 45.8275 -34.9357  45.8275 -143.117 -27.2301  143.117
