 29.9737  45.6777  150.898 -151.464 -69.8479  151.464  -678.43 -40.3464
 117.646 -33.8711  117.646 -196.461 -14.7835  196.461 -854.594  122.572
 76.8314 -76.8314  76.8314 -146.639  48.1898  239.818  -763.45 -1.88262
 116.388  116.388  116.388 -197.124  -147.39  197.124 -782.225  63.8668
 119.685 -2.71483  119.685  -195.29 -20.1738   195.29  -786.59   3.3185
 119.679 -10.4529  119.679 -195.223 -9.36779  195.223 -762.182  45.4512
 120.519 -11.2484  120.519 -194.759 -9.72815  194.759 -750.314  1.50491
 122.163 -13.3683  122.163 -193.756 -7.70665  193.756 -748.662  38.1914
-29.3283 -12.1609  244.404 -65.5649 -14.0928  65.5649 -879.073 -17.4588
-28.9384 -18.3681  244.692 -65.2589 -14.3575  65.2589 -861.629  28.4358
 125.186 -28.8133  125.186 -192.308 -1.43563  192.308 -726.151 -102.633
 126.099 -23.7971  126.099 -191.379 -11.4161  191.379 -720.386  23.0626
 129.938 -22.4188  129.938 -189.128 -5.47281  189.128 -743.885  16.1749
-31.2936 -25.0824  261.571 -51.4905 0.191793  51.4905 -882.879 -13.4172
-63.9127 -26.5065  293.461 -19.3411   6.7264  19.3411 -928.044  65.3239
-106.193 -26.0099  286.526  27.5562  10.7303  27.5562 -918.837 -72.0893
-188.374 -7.59439  188.374  131.124 -3.36044  131.124 -807.593  151.603
 -118.582   10.5641   263.417   54.2536 -0.182585   54.2536  -909.507  -183.301
-131.116  52.8495  251.641  65.4307 -65.4307  65.4307 -863.659    314.7
     -10      -10       10  12.5722  17.0977  17.0977 -78.7356 -363.127
 37.7313 -33.0165  37.7313 -147.051 -33.7411  147.051
