     -10      -10       10 -69.9155 -14.5904  389.564 -677.061  81.0788
     -10      -10       10 -84.5909 -52.8131   459.17  -733.58 -54.3991
-7.93753 -16.4966  64.5247 -47.5061 -4.67926  223.567 -689.203  49.2731
     -10      -10       10 -41.9186 -19.9294  319.962 -596.783 -25.2766
     -10      -10       10 -35.2779 -10.9518  307.561  -584.24  26.6533
     -10 -8.70167       10 -32.2802 -13.6392  306.928 -579.872 -1.51662
     -10  0.39583       10 -28.5431 -21.7308  307.363 -586.182  12.3529
     -10  3.73311       10 -24.9537 -26.3141  306.754 -588.977  20.0049
     -10  7.09517       10 -21.8579 -31.1619  307.908     -593 -5.46671
-9.44722  6.36883       10 -16.5362 -32.1878  285.341 -559.878  32.7498
 -5.4023  4.81626  10.7838 -11.8454 -28.1501  251.858  -528.65 -79.0244
-6.91621  11.6396  14.5368  -14.029 -39.1841  282.102 -573.395   40.278
-7.17709  18.7462  18.7462 -14.0289 -46.8478  302.139 -618.028 -9.90789
-5.04325  24.3693  24.3693 -13.7586 -50.3467  295.322 -627.334  43.2256
-4.42246  30.8597  30.8597  -14.193 -58.7798   289.05 -627.949 -4.54299
-4.63575  29.2412  29.2412 -9.33832 -51.2843   290.12  -632.09  42.3556
-12.5735  22.2369  29.7151 -1.97815 -49.9791  289.164 -610.121  -14.794
-22.2298 -22.2298  22.2298  19.5239  13.0324  303.966 -655.405  48.6775
-66.6215 -91.0645  91.0645   45.048  59.1691  149.335 -543.507 -31.0201
 -72.792 -79.4296  79.4296   71.839  78.7724  78.7724 -477.447  33.3621
     -10      -10       10 -45.9721 -36.7041  139.244
