-34.8824 -34.8824  34.8824 -20.1078  11.8342  401.301 -845.038  106.048
-23.7616 -23.7616  23.7616 -23.9237 -37.7058  417.669 -846.218  9.59025
-16.6725 -41.4029  41.4029 -7.43839  19.9781   275.68 -716.755  67.4887
-9.62413 -6.11434       10 -11.7321 -21.2821  311.153 -624.373  1.15598
-3.02987       10       10 -14.9812 -30.0719  309.881 -617.724  32.2171
-0.0745829         10         10   -15.6398   -32.2142    308.617       -606     11.398
0.761187       10       10 -13.2258 -31.7866  309.277 -605.566  14.9081
-0.391412        10        10  -9.36256  -33.0596   308.738  -600.119   24.8308
-2.00239       10       10 -5.36094 -34.5142  309.897 -596.565 -7.43288
 -3.28011 -0.887356   23.2705  -3.85675  -24.7318   272.955  -567.189    29.533
-3.79097 -6.32874  35.0148 -2.38322 -15.8806  237.464 -540.895 -88.8349
-0.97403 -1.89409  37.0137 -2.31768 -24.9352  260.221 -591.168  37.0397
 2.78682  5.51887  38.5703  -2.2254 -33.2821  283.004 -642.136 -15.6945
 6.66533  11.4167  42.3502 -1.70142 -36.8154  279.023 -658.626  46.2664
 7.92785  21.0648  47.6937 -1.56883 -48.7886  274.435 -662.815 -7.69887
 10.1314  27.2755   44.663  2.53646 -49.0035  275.096 -669.964  52.2931
  5.6334  28.8077  48.5746  5.50478 -56.2531  272.211 -652.862 -20.6376
 6.65239  2.96282  24.7636  20.3576 -12.8049  302.569 -675.492  63.1772
-14.6347 -60.5448  60.5448  20.4719  27.9869  177.179 -494.734 -57.1718
-22.2335   -60.04    60.04   30.368   59.076   59.076 -339.055   3.1242
     -10 -5.68548       10 -65.4837 -36.4963  189.141
