-84.0562 -84.0562  84.0562  37.3492  62.0025  429.869 -1060.48  118.858
-70.1066 -70.1066  70.1066   43.638  10.3156  382.504 -997.606  32.4572
-34.8216 -34.8216  34.8216  32.8251  14.4561  289.643 -748.503  84.9788
     -10      -10       10  7.44218 -15.7272  308.497 -636.301  6.59362
 0.362754       -10        10 -0.698172  -9.13665   310.372  -626.825   34.9817
 5.98056       10       10 -5.23808 -32.4684  309.047  -609.52  10.5492
 8.98327       10       10 -5.24611 -33.0087  309.905 -607.089  13.6845
  8.4037  10.6487  10.6487 -2.49817 -35.1051  309.384 -600.514   22.367
 6.92193  11.2288  11.2288  1.09743 -36.8002  309.178 -594.106 -10.6098
 4.70914  1.38641  24.9425  1.64638 -26.6199  271.835 -559.717  25.0861
 3.51159 -4.93325  39.6484  2.03389 -16.0135  232.225 -534.291 -94.8042
 6.18354 -2.16726   42.601  4.38947 -24.2075  252.969 -591.039  33.4915
 10.4745  6.89486  44.6483  6.67439 -35.6645   275.03  -652.82  -14.584
 13.8356  17.1426   48.666   9.0197 -44.2686  271.856  -680.57   47.814
  15.9694   33.2621   55.2429   8.91288  -62.9725   266.775  -693.364 -0.897334
19.4435  44.867 52.2527 12.9563 -68.684  266.28 -709.31  56.458
 16.5289  49.3857  57.8802   14.172 -78.9793  262.715 -696.208  -7.7862
 18.3913  10.8555  30.3236  32.1401 -21.8484   296.32 -732.915  66.3999
-14.0714 -77.1292  77.1292  30.8938  45.5792  125.174 -495.355  -31.483
-17.6704 -33.5241  33.5241  36.2354  36.2354  36.2354  -261.92 -12.9656
     -10  5.09624       10 -62.2782 -40.7494  198.197
