     -10      -10       10 -61.8836 -13.4357  368.162 -643.804  81.0062
     -10      -10       10 -79.4951  -51.997  445.959 -695.053 -60.7803
-8.45023  -17.424  63.4774 -46.0897  -3.7051   225.17 -674.594  44.1975
     -10      -10       10  -40.299 -19.5821  319.596 -589.389 -27.8962
     -10      -10       10  -33.704 -10.5669  307.855 -582.745  24.9871
     -10      -10       10 -30.4772 -11.8058  306.844 -581.798 -1.68903
     -10  -2.0145       10 -26.6397 -18.7823  308.003 -593.497  12.9502
     -10       10       10 -23.0353  -32.341  306.889 -598.495  21.2545
     -10  7.13122       10 -19.8888 -31.0451  308.629 -605.897 -3.60427
     -10       10       10 -14.1705 -36.4917   286.19 -574.987  35.5823
-4.19781       10       10  -12.148  -34.183  255.556 -542.096  -76.465
-1.74334       10       10 -17.5367 -37.8995   287.74 -576.645  42.7974
 1.26476   14.219   14.219 -21.8448 -41.7118  307.302  -614.24 -11.2065
 4.08132  20.0302  20.0302 -23.0191 -45.0124  299.399 -619.161  42.9735
 3.92809  24.8621  24.8621 -23.1223 -51.5821  294.942 -613.909   -9.298
  3.3118  19.7382  19.7382 -18.0007 -40.8766  299.473 -608.828   41.504
-2.60372  13.1418  13.1418 -11.5319 -39.8719  306.532 -577.357 -22.4924
     -10      -10       10  5.23958 0.634207  315.833 -621.487  48.4475
-60.5188 -74.4672  74.4672  36.9557  42.1392  185.676 -534.687 -48.0865
 -70.181 -82.8973  82.8973  64.9031  81.0942  81.0942 -483.374  42.8856
     -10      -10       10 -44.8542 -37.9759  142.229
