-15.7502  19.1744  19.1744  16.3855 -28.9752  152.019 -453.247   124.03
-30.2762  30.2762  30.2762 0.511982  -88.964  277.675 -574.559  14.9938
-15.4509 -19.3599  40.3326 -1.13275  3.00489  283.619 -703.788  51.3087
-6.19932  11.4248  11.4248  -4.7993 -40.6645  312.653 -638.778  8.33762
-1.75604       10       10 -4.81965 -30.7783  311.709 -638.381   37.146
-0.146126   10.3344   10.3344  -4.30303  -33.8511   309.209  -628.404   18.2531
0.286011       10       10 -1.81461 -32.4438  311.633 -631.665  20.7837
0.668594       10       10 0.757515 -33.3946  310.272 -629.631  30.4275
  1.4991   9.5238       10  2.66433 -33.9395   310.05  -628.93 0.274048
 3.67297 -1.55279       10  4.22841 -23.1246  287.341 -593.028  38.6351
 5.55305 -9.07364       10  5.06898 -12.0394  265.004 -554.887 -74.5966
 6.70501 -10.3505  10.3505  4.85293  -13.617  287.025 -584.862  44.2861
  9.4281      -10       10  2.82937 -14.7847  310.153 -610.452 -19.8769
  14.918  -14.918   14.918 -2.11265 -5.71699  304.914 -608.766  43.8397
 22.6523 -25.4666  25.4666 -11.5599  1.63121  294.379 -605.655 -31.3967
 25.2598 -33.8202  33.8202 -14.5529  17.5476  283.947 -603.267  42.5335
 19.7664 -38.9643  38.9643 -11.7232  12.2616  270.808 -568.459 -69.5846
  11.9502  -28.7022   28.7022 -0.635352   17.8063   294.078  -566.318   49.7477
 2.93901  4.96111  15.8945  10.0247 -63.2653  416.405 -666.698 -157.895
-5.61463  49.1052  49.1052  12.5928 -63.9369  378.261 -687.204  9.60824
 16.3988  16.3988  16.3988 -97.0142 -59.0184  193.443
