-157.086 -157.086  157.086  146.098  135.703  415.095 -1269.23  131.917
-135.771 -135.771  135.771  145.125  74.9745  322.998 -1149.91  43.8982
-59.8648 -59.8648  59.8648  85.4019  40.6557  269.515 -811.993  99.3644
     -10      -10       10  36.3267 -15.6642  309.591  -654.81  5.12849
      10      -10       10  16.9982 -8.96314  309.691 -633.953  34.9342
      10      -10       10  17.4643 -12.8528  306.866 -612.836  5.61162
 14.8807  14.8807  14.8807  13.4627 -38.3874  302.724 -613.733  9.77117
    12.2     12.2     12.2  18.9373 -37.6445  307.339 -606.318  16.4918
      10       10       10  22.8608 -36.6375   309.96 -591.255 -14.2872
 6.46202 -8.58644  16.6895  22.9633 -18.0898  279.739 -538.212  18.2674
      10       10       10  19.1183 -31.1439  274.058 -487.266 -96.0967
 10.8983  10.8983  10.8983  27.9227 -38.8575  283.991 -548.471  32.7766
 17.5479  17.5479  17.5479  30.7652 -48.0522  299.103 -630.844 -13.1876
 31.9485  31.9485  31.9485  21.3452 -60.5006  285.682 -685.253  55.9067
 50.4466  50.4466  50.4466   3.2621  -81.369  269.012 -723.231  1.59451
 63.2029  63.2029  63.2029 -5.83101 -87.8543  249.632  -760.07  68.4052
 71.1881  71.1881  71.1881 -15.4979 -101.578  245.244 -758.755 -6.28934
 41.7815  41.7815  41.7815  35.5359 -54.2932  285.481 -809.503  79.3816
 1.25316 -97.9449  97.9449  23.1796  67.1428  67.1428 -507.709  -23.557
 8.63634      -10       10  12.8015  12.8015  12.8015 -185.562 -12.5985
-41.9732 -12.5993  41.9732 -30.6402 -14.8039  169.592
