-2.35975  12.6161  12.6161  5.53562 -23.8902  132.479 -387.212  106.896
 -17.599   17.599   17.599 -14.5667 -76.5727  295.604 -545.662  14.5905
-10.1579 -26.8198  35.0559 -9.84688  10.3684   294.46 -695.345   47.616
-8.47635       10       10 -7.01492 -39.3524  311.262 -621.042  8.22884
-4.37813       10       10 -7.22631 -30.8097  308.982 -626.127  34.6837
-3.34721       10       10 -7.14594 -33.5539  308.345 -616.269  16.9095
-2.26269  9.02781       10 -6.13399 -31.4087   310.96 -620.721  17.8137
-1.52549  3.21608       10 -4.61846 -26.2781  310.591  -619.53  28.5688
  -0.31104 -0.0344424         10   -3.38592    -24.118    310.798   -621.178   -2.31538
 1.68045      -10       10 -1.37091 -14.9084  287.555 -585.938   37.206
  4.42956       -10        10 -0.529874  -11.6778   262.437  -548.128  -73.8632
 5.86012      -10       10 -2.54276 -14.0384  286.891 -578.667  42.0111
 9.17785 -10.2385  10.2385 -6.27962 -13.7817    309.4 -606.058 -18.2797
 10.7709 -17.7326  17.7326 -8.27707 -2.29874  302.066 -609.039  41.0644
 11.7727 -27.6083  27.6083 -10.9301  4.75931  293.628 -610.624 -24.6656
 12.2669 -32.9258  32.9258 -11.2728  16.5744  288.688 -611.682  39.3711
 8.40685 -35.0658  35.0658 -8.97363  7.73813   274.55 -571.302 -54.6747
 5.75547 -12.1594  12.1594 -1.30937 -1.46148  307.522 -552.766   49.093
-3.04749  10.5128  10.5128  3.06423 -72.9655  426.565 -684.633 -131.624
-11.7047  54.6719  54.6719 0.521196  -73.038  397.827  -738.98  7.54419
 8.10737       10       10 -90.6715 -55.6761  204.251
