-42.4753  52.9915  52.9915  53.8557 -60.6562  60.6562 -409.125  123.617
-77.2151  77.2151  77.2151  61.3363 -136.114  180.361 -545.577  16.9324
-24.5708 -3.46947  50.1708  29.7998 -11.1402  274.348 -720.372  50.2217
-11.7222  11.7222  11.7222   25.871 -43.7561  310.148 -652.063  15.4445
     -10       10       10   27.379 -33.5584  310.614 -653.274  42.2086
-5.53345       10       10  24.1882 -36.7292  309.617  -644.21  22.7654
0.221459       10       10  20.4529 -35.0753  311.646  -646.81  23.8832
 5.78487       10       10  16.9335 -35.1834  310.032 -643.472  32.4605
      10  6.91515       10  14.7338  -31.909  308.341 -640.069  2.04824
      10      -10       10  16.3963 -13.3789  287.436 -605.222  39.0496
      10      -10       10  16.4767 -9.04495  269.114 -568.797 -69.7569
      10      -10       10   18.538 -11.8457    287.2 -594.779  43.7357
 11.1124 -11.1124  11.1124  18.3168 -13.0164  306.867 -618.653 -22.8388
 29.6943 -29.6943  29.6943 -3.53731  8.96139  287.407 -629.232   43.181
  46.838  -46.838   46.838 -24.0162   21.665  271.698 -635.567  -39.855
 46.6535 -64.0892  64.0892 -28.0281  45.6718  254.462 -638.433  42.8293
 40.3091  -74.287   74.287 -25.5684   42.991  233.529 -606.011 -86.4591
 28.7254 -64.5476  64.5476 -14.2448  46.1264  255.592 -584.853  54.8514
 21.9527  3.17029  34.2389   11.366 -74.2487  454.972 -777.017 -183.878
 5.07613    80.85    80.85   18.603 -100.601  435.116 -852.104  20.9452
  33.036   33.036   33.036 -110.275 -72.8236  177.079
