-14.7516  14.7516  14.7516  22.6921 -25.5925  74.5513 -309.515  115.244
-19.6228  19.6228  19.6228 -16.2896 -75.5692  246.237 -446.901  8.75841
 -13.561  -23.429  35.7491 -14.6583  8.21128  280.661 -662.702  40.0738
-9.24878  7.85986       10 -14.7617 -38.0591  314.976 -616.657  3.57479
-6.89446  5.71914       10 -12.9182 -27.9443  312.378 -622.575  32.2326
-6.20037   3.5341       10 -11.2531 -29.0225  310.029 -614.052  15.0533
-5.23487   3.7557       10 -9.11364 -27.7842  310.689 -619.687   18.655
-4.10118       10       10  -7.0785 -34.7229  308.661 -620.081  29.0656
-2.51988  1.77657       10 -5.35161 -26.1036  308.466 -624.393 0.756957
-0.0149789        -10         10   -3.02539   -13.1666    289.239   -598.521    40.4516
 4.37396      -10       10 -4.69927 -8.76432  271.771 -567.778 -66.4497
 6.98521      -10       10 -6.89832  -12.191  290.686 -593.947  48.3304
  9.0472 -12.3907  12.3907 -10.5232 -12.2172  308.623 -615.886  -21.364
 18.9195 -27.7543  27.7543 -22.9714  6.79749  291.268 -620.457  48.0922
 26.0156 -44.4356  44.4356 -33.3973  19.1437  273.927 -622.589 -40.1662
 27.8418 -58.8371  58.8371 -38.5731  41.4918  257.224 -620.219  50.3036
  19.703 -63.6649  63.6649  -32.481  33.7821  244.391 -585.596 -89.3426
 4.37141 -49.6415  49.6415 -18.1379  35.4362  279.628 -573.969  63.0435
-14.6049  49.8972  51.2725 -3.94327 -117.668   425.83 -764.287 -207.782
-35.0108  102.607  102.607  3.29432 -121.175  404.586 -853.649  25.8217
 5.58595       10       10 -88.2344 -50.0379  196.548
