-88.0169 -88.0169  88.0169  15.1238  68.1223  414.385 -1057.45  106.561
-64.1809 -64.1809  64.1809   13.234  9.83837  406.442 -1036.93  34.8251
-43.0244 -43.0244  43.0244  26.0743  25.6572  272.956 -781.585  85.8583
     -10      -10       10 -8.60312 -15.0093  308.505 -640.078  9.56366
-0.709808       -10        10  -15.6342  -9.53128   308.916  -625.039   33.2781
 4.31812       10       10 -20.4037 -33.3703  309.824 -604.188  10.6817
 4.44696  3.60518  13.2851   -18.01 -27.5929  306.803 -605.207  12.5638
-6.10235  10.6567  21.6819 -6.96752 -36.0918  296.496 -604.468  21.9432
-21.8163  21.8163  21.8163  10.6167 -48.2005  298.569 -597.954 -12.5593
-0.636156  -7.54514   49.9319  -13.5684  -17.5428   245.215  -582.586   23.3401
 20.1163 -1.62283  75.2883 -36.0237 -18.5109  192.799 -570.393 -100.803
  18.648  -16.843  76.7265 -29.5718 -9.19772  221.078 -638.004  31.7993
 18.2454  14.5427  99.6242 -28.2761 -43.6503  220.746 -725.084 -15.4486
 36.6987  24.3563  103.808 -39.3729 -52.2977  216.427  -762.28  47.4347
 17.3422  42.7894  120.418 -20.3237 -73.5397  201.596 -786.961  3.33231
 10.2694  52.3859  118.904 -4.20622 -77.1834  201.681 -817.252  58.2768
-1.63312   47.509  125.064  5.76867 -77.6934  200.185 -807.527  1.49346
-8.14663 -19.8056  89.3369  35.8379  9.78006  227.167 -824.115  76.1277
-47.2811 -103.625  103.625  54.3062  75.0256  75.0256 -539.819 -3.07785
-21.9661 -37.4894  37.4894  45.5517  45.5517  45.5517 -339.464  2.97476
     -10      -10       10 -60.8174 -18.4439  183.333
