-16.6881  28.0311  28.0311  32.9942 -32.9942  32.9942 -272.521   128.28
-68.7559  68.7559  68.7559  52.5048 -127.833  127.833 -402.219  5.51464
-22.9522  16.8299  63.9492  20.7576  -33.586  236.055 -673.309  44.8482
-13.2769  13.2769  13.2769  25.9656 -49.9088  312.032 -652.921  9.39434
-8.25574       10       10  24.0787 -37.9584  315.903 -653.646  43.4385
      10       10       10  8.32451 -40.6871  311.882 -645.067   21.645
      10       10       10  10.5867 -38.4819   311.98 -645.684  25.5438
      10       10       10  13.3946 -37.3736  309.681 -645.489  33.6045
 7.94775  1.10986       10  18.2527 -26.2699  307.275  -645.44  4.55722
      10      -10       10   18.391 -9.83587    286.4 -615.489  43.4507
      10      -10       10   20.148 -4.12854  265.007 -584.821 -62.6518
      10      -10       10  20.6273 -8.20069  287.042 -605.481  48.3938
   19.55   -19.55    19.55  10.1013 -5.10831  297.327 -633.017 -24.2404
 43.9337 -43.9337  43.9337 -19.5707  21.1783  272.208 -644.385  47.3841
 59.0237 -69.2587  69.2587 -39.3762  39.9638  245.513 -654.433  -50.682
 73.2731 -94.3749  94.3749 -61.6537  73.0777  218.086 -651.117  50.3764
 71.3964 -107.157  107.157 -62.3674  71.9152  195.761 -628.593 -111.084
 63.1313 -98.3326  106.714 -59.3286  79.3032  224.184 -621.063  66.8612
 61.9643  60.1633  112.633 -35.9656 -132.707   428.71  -946.43  -247.64
 24.4531  160.372  160.372 -8.78687 -178.816  434.336 -1054.23  1.62425
 47.1825  47.1825  47.1825  -127.43 -79.1649   142.71
