-129.242 -129.242  129.242  106.807   110.83  423.965 -1203.79  115.583
-115.195 -115.195  115.195  113.064   57.476  343.904 -1107.41  74.3462
 -53.844  -53.844   53.844  71.3153  37.2786  281.839 -814.592  86.1176
-13.8914 -13.8914  13.8914   30.746 -10.7916  310.033 -665.406  18.0999
      10      -10       10  8.44285 -8.92383   309.78 -633.257  30.5051
      10 -3.89719       10  8.45598 -19.0619  310.088 -612.343  10.2877
      10    9.712       10  10.5815 -33.2682  310.272 -604.987  9.91463
      10       10       10  12.5983 -34.9144  308.653 -593.627  17.5692
      10       10       10    14.11  -35.143  307.794 -579.747 -11.3439
 23.5636 -5.40007  23.5636 -3.58996 -17.5598  264.438 -527.984  13.7568
  43.117 -9.93823   43.117 -29.1675 -7.91944  180.165 -446.396 -92.9553
 40.4533 -3.42451  40.4533 -15.8623 -20.5627   245.05 -561.231   20.976
 41.9815  12.8568  41.9815  -7.2014 -41.1712  274.858 -647.296 -8.56893
 44.9854  28.0242  44.9854 -2.71709 -56.1341  271.044 -685.471   43.005
 45.3466  50.2527  52.3911 0.105627 -81.0808  267.887 -712.209  13.9071
  54.044   54.044   54.044 0.245434 -79.9856  263.631  -753.44  55.1744
 45.7134  62.2553  62.2553  6.69531 -94.9811  254.572  -745.37   20.361
 28.4312  28.4312  28.4312  48.7767 -43.6288  291.004 -800.192  68.0997
 3.54245 -66.7444  66.7444  38.0135  27.0895  152.634  -586.28  10.1033
-13.8768 -42.7687  42.7687  45.8977  47.8884  47.8884 -369.734 -45.8953
-33.6828 -8.08407  33.6828 -42.8682 -12.9318  181.208
