-17.0296 -17.0296  17.0296  -34.072 -1.15748  341.189 -709.884  88.3115
-14.8221 -14.8221  14.8221 -48.5466 -47.5495  397.579 -723.764  8.00387
-19.3776 -19.3336  47.3323 -20.4869 -1.87013  267.811 -703.406  49.0748
     -10  2.38222       10  -25.025 -30.9048  314.955 -615.833 0.100483
-8.43616       10       10 -21.4858 -29.6978  307.701 -607.309  26.8289
-6.67292  9.38055       10 -21.0281 -31.0527  307.859 -598.479  9.79423
-4.03709       10       10 -20.3757 -30.6681  308.901 -600.645  14.6695
-0.781115   6.65447        10  -20.1915  -28.4247   307.611  -599.016   22.8369
 4.40918  3.97715  10.3468 -22.5774 -27.1423  307.336 -597.855   -2.377
 11.5627 -5.90157  11.5627 -24.6321 -17.6058  277.334 -552.418  29.5642
 22.4342 -11.4006  22.4342 -28.7672 -9.14527  203.494 -477.911 -76.1066
 15.5036 -6.75975  18.7634 -24.2368 -17.5595  269.174 -561.208  34.6308
 11.7357 0.515588  20.3584 -19.8324 -25.9844  299.463 -612.964 -9.84365
 12.1423  1.20728  23.4799 -16.5046 -23.7909  295.442 -622.347  38.9781
 11.0086  6.16518  28.4412  -15.146 -31.0077  294.236 -623.239 -6.60812
 10.6016  6.94203   25.511 -8.99514 -25.3312  297.243 -630.433  40.0093
 3.51214  7.88566  29.5983 -4.18375 -34.1456  292.625 -606.002 -23.1637
 0.187574 -0.492864   13.8539   11.2774  -8.24558    310.78  -622.206    48.026
-16.7089 -27.2194  36.4299  14.2959 -15.6751  270.128 -546.069  -68.029
-19.1198 -21.0216  38.0937  25.6758  16.7037  237.769 -536.916 -22.2157
-4.76185       10       10 -71.2111  -55.585  181.038
