-14.3193  29.3903  29.3903  27.9449 -35.1668  35.1668 -326.887  130.992
-59.5793  59.5793  59.5793  24.1581 -116.428  171.799 -469.644  7.39002
-24.6366 -8.52285  48.5347 -0.74631 -6.92207  271.751 -704.309  46.6296
-12.7895  12.7895  12.7895 -3.76243 -45.5715  315.882  -652.49  9.40242
-8.35971       10       10 -3.06802 -34.3233  314.602 -648.663  41.6184
-5.24908       10       10 -3.21332 -37.4141  310.057 -635.302  21.5535
-2.86527       10       10 -2.38577 -35.7986  310.535 -637.077  24.7159
-0.941876        10        10 -0.802036  -35.5002   308.643  -635.907    34.373
0.615614  8.53685       10  1.03039  -32.971  308.455 -638.054  3.99127
 3.29476 -3.87594       10  3.19897 -16.9935  286.884 -607.932  44.7631
 5.39144      -10       10  4.43502 -5.91262  266.089 -573.683 -68.1511
   9.60848        -10         10 -0.0729508   -9.84204    289.633    -598.36    50.9407
 13.9991 -15.6531  15.6531 -6.37993 -9.15355  306.195  -621.56 -24.7307
   23.59 -35.4133  35.4133 -19.6897  13.7771  284.696 -626.358  47.8382
 31.1148 -54.6991  54.6991 -31.0348  27.2338  263.607 -625.245 -50.5794
 31.2593 -73.6169  73.6169 -36.3583  54.9918  239.999 -615.592  46.6366
 22.6822 -82.6925  82.6925 -30.5496  50.1495   219.33 -578.326  -110.76
  7.0322 -73.0067  73.0067 -17.5844  57.8202  252.339  -562.15  58.3672
-4.17463  39.9079  68.7203 0.562671 -111.736  444.186 -818.878 -247.367
-22.0951  108.188  108.188  12.4577 -126.023  449.382 -922.656  25.8839
 23.8799  23.8799  23.8799 -111.367 -59.0383  181.436
