-63.0802 -63.0802  63.0802  48.1615   43.522  373.077 -893.661   108.42
-50.4143 -50.4143  50.4143  42.2634 -14.9373  377.341 -874.402  5.57206
-26.7738 -31.5927  31.5927  34.6506  8.73111  297.655 -716.135  69.1123
-4.54205      -10       10  12.7986 -18.9747  308.354 -623.948  -1.8742
 5.58888  5.52813       10  5.27225 -25.6167  309.646 -623.428  32.2125
 8.09673  10.0234  10.0234  4.01898 -32.4473  309.149 -613.683  7.80103
 9.70886       10       10  5.29792  -31.752  310.377 -616.713  14.7049
  9.2124  10.3765  10.3765  7.84118 -33.5526  309.569 -613.826  22.2118
 8.89907       10       10  10.0574 -34.7788  309.732 -608.805  -6.1937
 9.68966  1.42252  10.4814  9.68585  -27.775  287.355 -565.431  28.3119
 11.5221 -7.20194  17.8697  7.36583 -16.2394   256.68 -533.579 -83.1023
 13.7149 -1.92369  19.5343  9.31195 -25.2646   276.54 -580.294  36.0115
  15.144  8.55503  20.6777  12.8157 -36.0001  297.784 -629.389 -13.4051
 18.9793  15.7139  25.1047  12.3607 -40.3734  292.925 -646.307  45.2286
 22.2484  24.8835  32.6912  9.37536 -51.4584  286.805 -654.812 -6.92193
 26.2207  29.9681  32.7337  9.97492 -50.5252   286.05 -667.234  49.3447
 21.4449  31.3498  36.9863  12.2673 -58.3799  281.231 -647.655 -21.1754
 17.3368  7.58418  17.5569  29.6292 -18.2295  302.944 -665.416  56.6165
-5.11361 -46.0025  46.0025  28.0554   8.5441  215.479 -511.737 -54.8507
-12.9789 -44.0264  44.0264  29.3525  37.9503  96.4498 -336.925 -3.33894
-6.20813    8.881       10 -61.0089 -56.0877  205.502
