-67.3941 -67.3941  67.3941  10.6572  45.4091  432.056 -993.034  104.831
-53.1352 -53.1352  53.1352  12.2835 -9.21883  421.932 -989.711  13.9361
-39.9112 -39.9112  39.9112  25.5007  18.2174  286.819 -746.872  77.6225
     -10      -10       10  -2.9279 -17.9463  307.937 -627.413  2.04317
-3.98551      -10       10 -6.83157 -10.3776  308.472 -615.549  32.6819
0.204361  3.58299       10 -10.1001 -26.9539  307.173 -598.602  7.90806
-0.524701        10        10  -6.79762  -33.4098   310.368  -600.741   12.7901
 1.12104  11.8193  11.8193 -6.96357 -36.4113   309.01 -595.548  20.7452
-2.45108  8.94164  19.9196 -2.57023 -34.2324  299.237 -599.067 -10.5849
0.221529 0.808389  37.9522 -7.17843 -25.9261  258.039 -573.335  24.7826
 2.13133 -1.69773  54.6771 -9.45522 -19.5774  216.678 -553.771 -94.1757
-1.90881  3.70662  59.6987 -2.42438 -30.2495  237.268 -613.527  32.8154
 4.29038  15.5084  66.1908 -4.26638 -44.6977   252.93 -677.491 -13.9862
 8.19617  27.6098  72.9248 -3.32139 -55.5547  246.817 -708.979  46.9424
  7.01543   43.5777   81.1968 -0.941864  -74.0626   242.517  -727.466   1.34617
 10.0229  51.4846  78.4823  3.64908  -76.115  243.023 -746.524  55.2868
 5.22123  44.9777  83.2954  6.65087 -74.9727  240.304 -734.159 -4.07535
 1.30547 -13.9103  57.4163  30.7895  2.79299  259.238 -760.148  71.5283
-35.5113 -104.331  104.331  40.6393  73.6221  73.6221 -522.945 -11.2777
-31.6905 -47.5253  47.5253  49.3261  49.3261  49.3261 -339.742  3.68296
     -10 -4.88125       10 -65.7379  -31.574  195.628
