-24.9568  55.9883  55.9883  33.9514 -64.7966  64.7966 -428.791  129.998
-62.1269  62.1269  62.1269  47.8399 -119.696  213.766  -574.55  20.9047
-17.3288 -2.98097  51.6937  20.1811 -11.6456  275.733  -735.86  53.8357
-5.93436  22.3214  22.3214  15.3556 -53.5273  299.575 -670.016   16.196
0.625481  10.0034  10.0034  14.8624 -32.4854  310.552 -657.231  43.4435
 2.83589       10       10   13.999 -35.6391  308.624 -644.985  23.1158
 6.33307       10       10    12.78 -34.1146  311.274 -647.842  24.3833
      10       10       10  11.3846 -34.4606  310.352 -644.725  31.7797
 9.59765       10       10   13.669 -34.9277   309.61  -639.96  1.65301
      10      -10       10  15.0763 -14.4373   288.49 -602.661  37.7027
      10      -10       10  14.1181 -10.5086  273.763 -563.039 -71.5424
      10      -10       10  17.8767  -13.088  287.461 -591.325  44.0808
 11.1752 -11.1752  11.1752  18.1854 -13.1747  306.714 -616.998 -23.8593
 22.9145 -22.9145  22.9145  5.31062  2.57245  294.403 -622.873  46.1973
 37.0172 -37.0172  37.0172 -11.4011  12.3895    281.9 -625.376 -41.0598
 34.8413 -50.8927  50.8927 -12.1509  33.3978  267.449 -624.908   46.665
 28.5651 -59.1495  59.1495 -9.75004  28.9127  248.504 -588.139 -88.2438
 21.1093 -48.0699  48.0699 -1.34995  31.6539  270.908 -566.908  59.2089
  11.714  -11.714   11.714  26.3511  -55.428  460.978 -720.262 -184.896
 8.02213       49       49  22.3047 -67.3277  428.179  -753.19  24.0508
 33.9831  33.9831  33.9831 -113.598 -74.0553  177.501
