5.36236      10      10      10     -10      10 -138.67 148.433
-48.6038  48.6038  48.6038  36.2119 -111.599  111.599 -286.219 -23.6619
-40.3464  28.5714  70.6294  30.8295 -47.4205  233.214 -637.839  36.0612
 -39.097   39.097   39.097  50.8519 -82.5629  284.515 -683.637  4.73771
-11.8235  11.8235  11.8235  31.4232 -43.4411   314.72 -656.999  46.9397
      10       10       10  13.6773 -42.8169  310.827 -648.845  24.1699
      10       10       10  15.8847 -39.5937  311.494 -649.112  26.7846
      10       10       10  19.2618 -37.7213  308.648 -650.057  36.1248
      10      -10       10  22.6193 -15.0234  304.919 -649.119  5.07888
      10      -10       10  25.0213 -5.85608  287.272   -628.7  49.8054
        10        -10         10    25.2413 -0.0677601    277.393   -605.864   -57.0984
      10      -10       10  27.9406 -5.57987  288.834 -620.009  63.3596
      10      -10       10  29.6644 -18.1515  308.954 -633.392 -39.0404
 40.1979 -40.1979  40.1979 -8.49115  14.9763  277.816 -642.443  72.3616
 82.9087 -82.9087  82.9087 -57.6035  47.3263  233.486 -676.221 -91.0429
 131.224 -131.224  131.224 -123.684  108.323  183.056 -673.588  90.6782
 152.921 -152.921  152.921 -144.958  114.542  144.958 -675.608 -187.809
 115.143 -169.096  169.096 -127.369  153.644  153.644  -617.94  128.276
 156.974  156.974  156.974 -125.619 -224.839  382.446 -990.812 -364.088
 49.2522  254.303  254.303 -35.0637 -267.261  401.384  -1225.4  47.7033
 54.5725  54.5725  54.5725 -142.101 -82.1329  142.101
