-10.3062  15.0337  15.0337  23.6672 -25.5375  213.706 -526.834  124.583
-24.6033  24.6033  24.6033  24.3811 -86.3104  294.096 -605.522  19.7212
-2.01715  -17.383  38.4905  13.8812 0.963832  287.354 -711.132  56.2544
  7.5858  16.0522  16.0522  7.88565 -45.1297  306.396 -653.872  8.09469
 10.1152  10.1152  10.1152  10.1168 -30.1878  311.395 -650.276  39.2653
 9.89479       10       10  11.7961 -32.8323  308.617 -638.319  18.1025
      10       10       10  14.2002 -31.7335  309.611 -640.401  21.8437
      10       10       10  16.4054 -32.7362  309.035 -638.581  29.1021
      10       10       10  18.4696 -34.1147  308.959 -637.058 0.306924
      10 -6.40642       10   19.647 -19.4846  287.176 -598.807  35.5517
      10      -10       10  19.7296 -13.1684  266.012 -558.424 -73.7459
      10      -10       10  22.7498 -15.1957  286.654 -590.993  40.1364
      10      -10       10  25.3655 -14.4579  308.353 -620.582 -18.6031
  11.211  -11.211   11.211  25.4477 -9.20315  306.646 -616.634  41.0835
 17.4454 -17.4454  17.4454  18.1965 -5.61819  300.378 -609.651  -26.375
  22.293  -22.293   22.293  13.5499  5.91106  293.243 -605.113  40.0518
   26.0501   -26.0501    26.0501    6.40335 -0.0433835    282.515   -568.794   -57.5613
 14.4651 -16.8167  16.8167  22.8983  5.55205  304.075 -575.199  45.2276
      10      -10       10  30.5046 -45.2858  409.944 -646.843 -131.484
      10       10       10  27.5487 -24.7856      362 -569.758  4.64401
 21.1238  21.1238  21.1238 -90.7597 -65.8098  192.511
