-6.25451      -10       10 -3.84563 -1.77733  159.893 -457.333  121.725
-10.5302 0.630472  10.5302 -44.1749 -56.9224  326.177 -556.906  1.28105
-15.6149 -18.3493  45.1856 -25.2349 0.899563  272.051 -692.508  44.6038
     -10  7.62907       10 -24.1975 -35.4862  316.715 -623.287 -1.73534
-7.64024  8.47418       10 -20.6669 -28.0842  310.389   -621.2  31.8927
 -6.3537   7.6477       10 -18.2764 -29.6216  307.769 -613.625  13.6986
-5.48106  9.02452       10 -15.2332 -29.9319  309.441 -620.036  18.6174
-4.95831  8.02764       10 -11.6871 -29.9821   308.62 -621.996  29.9012
 -4.65841   7.61501        10  -8.37282  -31.0385   309.731  -625.958 -0.223773
-1.60581  -1.7954       10 -4.80755 -22.9118  285.347 -594.517  41.5553
 1.53314      -10       10 -1.84077  -11.717   258.66 -558.323 -74.1908
0.708954      -10       10 -2.46123 -14.3685  287.231 -587.624  47.4725
 1.44238      -10       10 -3.77947 -14.3843  312.395 -612.585 -17.4889
 6.30605 -10.0154  10.0154  -6.9815 -10.2033  312.024 -601.602  44.4745
 15.3728 -15.3728  15.3728 -16.6824 -7.36086  306.392 -589.062 -27.6985
 8.74463 -21.9693  21.9693   -9.326  6.88705  295.551 -581.413  39.7708
 3.94668 -23.1108  23.1108 -6.55203 -1.43369  286.272 -537.032 -66.0736
 1.29266 -10.2245  10.2245 0.447458   2.0254  310.655 -531.512   41.578
-5.96231       10       10 0.979798 -62.6743  396.994 -598.975 -164.659
-7.23312  27.2954  27.2954  4.89605 -39.5754  376.275 -628.621  5.43636
 2.73942       10       10  -80.563 -52.5685  187.384
