-12.9483 -12.9483  12.9483 -47.0886 -8.96354  402.753 -745.561  92.7522
     -10      -10       10 -53.2929 -55.7329  437.845 -784.631 -20.7246
-16.2273 -40.1026  46.1807 -21.4082  17.6542  267.799 -687.575   59.564
     -10      -10       10 -23.7552 -19.3458  311.529 -602.072 -12.1537
-6.11445  4.57776       10 -23.9422 -25.1066  309.755 -600.382  30.1886
-4.36388  7.44493       10 -23.6668 -29.8109  308.069 -590.858  4.71217
-2.99505  8.62098       10 -22.1115 -29.9336  308.724 -593.151  13.7532
0.194163  6.75985       10 -22.6924 -29.3199  307.954  -591.08  22.7225
      10  3.73884       10 -29.8644  -27.831   308.78 -593.279 -6.15608
  -2.16003 -0.0177358    22.4804   -16.1222    -25.179    272.353   -570.208    31.4166
-7.15294 -1.21812   31.279 -5.33677 -21.4506  231.213 -548.408 -84.2056
-8.25138  4.57421  33.9765  -6.7075 -31.2482  262.285 -594.892  38.3991
 -2.4354  12.6691  37.9315 -12.0407 -40.1423   282.86 -641.552 -12.0778
 2.27875  18.2656   41.722 -13.9302 -43.5383      279 -651.964  43.2099
 2.49726  28.1669  49.0344 -14.4833 -55.3567  272.069 -654.283 -5.02661
-0.240544    31.894   45.3209  -6.42126  -53.2812   274.616  -658.188   43.8836
-6.26207  25.8331  47.4597 -2.24085 -53.2522  273.269 -639.533 -15.3751
-7.51928 -14.8489  26.3092  14.6356   4.9608  299.272 -667.167  52.9695
-31.8163 -73.8855  73.8855  20.7248  40.2084  170.306 -526.622 -36.1186
-37.3727 -78.4359  78.4359  35.0032  75.6199  75.6199 -422.266  9.99819
     -10      -10       10 -67.4563 -36.1921  182.793
