-30.3802  30.3802  30.3802  33.5244 -40.0822  156.237 -491.029  107.642
-39.8618  39.8618  39.8618  18.6812 -101.253  268.847 -593.348  25.3737
-14.6021  -16.561  41.5077  8.33138 0.259406  280.827 -705.106  48.0968
 -2.4367  13.1216  13.1216  1.23155 -43.2131   307.48 -640.152  12.9205
      10       10       10 -7.39773 -31.1387  311.193 -641.565  36.5173
 7.79613       10       10 -3.64108 -34.2321  309.547 -631.667  20.6835
      10       10       10 -3.43362 -33.0262   311.19 -634.822  20.6595
      10       10       10  -1.0381 -33.5037  308.932 -631.009  31.1849
      10       10       10   1.1108 -34.2021  308.002 -628.589 0.450983
      10      -10       10  3.98833  -14.099  287.388 -595.562  38.3017
      10      -10       10  5.90395 -10.6928  259.708 -549.375 -72.2813
 10.4567 -10.4567  10.4567  6.03707 -12.6923  286.857  -586.33  41.5146
 11.2145 -11.2145  11.2145  5.76387 -12.7322  307.464 -611.339 -18.0385
  21.891  -21.891   21.891 -5.81895  1.57369  296.481 -617.013  39.1843
 31.4392 -31.4392  31.4392 -17.4655  7.75985  288.591 -613.878 -28.7093
 37.4891 -37.4891  37.4891 -23.7606  20.4798    282.3 -612.254  36.3041
 19.7883 -42.4273  42.4273 -9.31821  14.2825  275.675 -584.145 -65.9767
 14.0738 -28.8141  28.8141 -1.72765  15.5454  282.392 -541.376  40.2486
      10  3.98168       10   6.1182 -67.7634  426.601 -655.675 -146.424
 5.07581   39.117   39.117  9.27501  -55.367   417.52 -728.068  10.2162
  20.018   20.018   20.018 -97.4805 -62.8582  188.038
