-2.99237      -10       10 -19.9883 -5.44079   214.48 -522.786  116.758
     -10      -10       10 -52.2725 -48.1519  364.562 -592.214 -12.7207
-10.2449 -16.3981  47.8433 -32.1377 -2.32106  264.264 -677.466  41.0012
     -10  -3.4058       10 -25.0992 -23.7119  314.572 -607.569 -8.50257
-9.84747   3.1721       10 -19.2719 -22.1083  309.802 -612.195  29.3761
-9.23372   2.3757       10 -16.0711 -23.1478  308.076 -608.645  10.1616
-8.25583       10       10 -12.9443 -29.9809  309.573 -617.447  17.0027
-6.74926       10       10 -10.2168 -31.1182  308.936 -621.986  29.0165
 -4.81709        10        10  -8.16884  -32.8933    310.45  -630.223 -0.298228
-1.79636  4.92164       10 -4.92491 -30.1922  286.326 -599.244  42.2033
 1.41631 -1.97317       10 -1.23316 -20.9205  255.838 -562.182 -74.3569
0.622606  -4.2612       10 -2.63444 -21.2598    287.4 -591.421  47.2318
0.398587 -9.90474       10  -3.1923  -14.687  312.521 -613.633 -14.9261
-0.0343359        -10         10    -1.0129   -10.8489    310.958   -600.706    42.5175
-1.97328      -10       10  1.08002 -12.8759  311.713 -581.839 -22.1309
-2.79172      -10       10   4.4979 -6.06625  308.443 -571.647  36.2376
-5.11187      -10       10  4.84511 -13.8986  303.941 -530.855 -54.3398
-2.93253      -10       10  6.56347  2.12085  310.283 -544.544  34.2393
 -4.67729       -10        10 -0.650757  -36.1872   357.883  -539.364  -139.751
0.764278       10       10  1.55567 -21.0053   325.71  -518.58   6.8021
     -10       10       10 -61.7205 -54.8788  181.507
