-21.7244 -21.7244  21.7244   1.5233  3.95114  325.938 -707.046  114.618
-13.9431 -13.9431  13.9431 -9.56586 -48.5143  376.583 -730.344   15.946
-10.8426 -29.7649  33.6461  1.42472   9.5549  290.886 -703.307  62.0968
-3.30108  10.3808  10.3808 -2.99316 -38.2552  310.158 -629.764  4.43987
 2.63639       10       10 -4.84655 -29.2672  310.552 -631.163  35.0448
 5.12301  10.0607  10.0607 -5.04953 -31.5568  309.049  -621.25  14.6426
 6.65423   10.003   10.003 -3.29145 -30.7231  310.352  -623.34  18.5772
  7.03991        10        10 -0.841837  -32.1617   309.879  -620.387    26.779
 7.24833       10       10  1.42861  -34.237   310.17 -617.203 -2.82005
 7.84729  4.18212       10  2.81571 -31.0412  288.258  -574.09  32.2432
      10      -10       10  1.93899 -14.1508  268.847 -532.246 -79.4878
      10 -3.85367       10  6.01055 -23.3378  288.659 -572.352  38.8764
        10 -0.0339648         10    9.63469   -26.0393    310.568   -609.986   -16.8599
       10 -0.078755        10   13.2369  -22.1443   309.357  -611.427    43.984
      10  1.92823       10    14.75 -26.1213  309.959 -602.899 -17.3559
      10  2.24457       10  18.3096  -20.104  307.802 -602.471  46.7245
      10  2.77375       10   17.121 -27.9155  306.544 -574.652 -41.5582
      10 0.159263       10  23.4624 -9.59663   310.59 -597.751  53.6395
 4.59465      -10       10  18.0751 -32.3293  306.383   -506.3 -101.945
0.936025 -11.0588  17.0072  17.3336  1.83644  203.808 -375.786 -2.01312
 3.62911       10       10 -78.9107 -56.8556  201.448
