-8.02752  18.3676  18.3676  24.9722 -24.9722  24.9722 -251.723  125.944
-44.8493  44.8493  44.8493  15.5924 -102.719   154.16  -358.58  0.34414
-17.8938  -16.589  38.6549 -4.29364 0.912223  271.614 -647.399  39.8751
     -10       10       10 -4.67448 -44.5597  316.509 -624.593  2.46783
  -9.8412        10        10 -0.804275  -36.1377   315.629  -633.559   36.5257
 -6.81314        10        10 -0.544784  -39.3486   312.368  -627.115   17.0619
-3.85134       10       10 -0.25776  -37.348  312.575 -631.546  21.6599
-1.72979  3.08701       10  1.68871 -29.6681  310.328  -635.09  32.3778
 2.28708 0.276771       10  1.55072 -24.9734   308.76 -640.156  4.21426
 7.66706      -10       10  1.19815 -10.0676  288.267 -616.807  45.7673
      10      -10       10  2.43048 -4.70714  267.848 -588.057 -60.5923
      10      -10       10  1.99764 -8.92306  289.825 -609.765  53.5237
 17.4067 -17.4067  17.4067 -8.17922  -7.4812  301.826  -627.68 -23.2494
 38.9555 -38.9555  38.9555 -34.5631  16.7332   277.89  -631.53  51.0369
 44.9501 -64.1696  64.1696 -45.7392  35.6645  250.862 -637.069 -52.7973
 45.1521 -88.6742  88.6742 -53.9071  69.2658  223.512 -631.008  52.4487
 34.6051 -98.5527  98.5527 -45.4647  64.9845  205.266 -603.067 -120.553
 15.1558 -85.8316  88.4831 -32.3872  69.8825   244.49 -579.504  64.9091
-2.80518  74.8068  81.2848 -5.38202 -148.085  456.097 -865.582  -276.02
-30.1654  139.419  139.419   9.3066 -158.815  451.306  -1000.8   20.194
 14.8072  14.8072  14.8072 -95.8756 -48.5124   187.19
