-14.8933  16.4974  16.4974  23.7307 -26.3259  212.845 -541.676  132.308
-27.2028  27.2028  27.2028  19.2408  -88.807  295.176 -620.816  22.5136
 -10.2002    -16.33   41.2669   14.9457 -0.188748    284.87  -720.252   59.4483
2.96852 17.1473 17.1473 5.75861 -46.102 305.906 -657.32 8.87871
 7.98619  11.8917  11.8917   5.7583 -31.9731  310.103 -652.992  40.1875
 10.0473  10.0473  10.0473   5.8626 -32.8448  309.461 -638.125  18.4349
      10       10       10  8.82949 -31.6977  310.424 -639.485  22.3305
 9.58826       10       10  12.0341 -32.7217  309.229  -637.35  30.4519
      10       10       10   14.353 -34.1489  308.983 -636.857 0.952045
      10 0.888447       10  16.3426 -26.1823  285.938 -598.336  37.5875
      10      -10       10  18.0791  -12.463  261.416 -558.731 -74.5915
      10      -10       10  20.2489 -14.7472  286.034 -590.503  41.1285
      10      -10       10  22.6548 -14.6454  308.704 -618.438 -17.8768
 10.1623 -10.1623  10.1623  24.1188 -10.4194  308.397 -611.581  40.1777
 17.6403 -17.6403  17.6403  15.6158 -5.55955  300.546 -604.344 -26.2197
 23.8309 -23.8309  23.8309  9.69319  7.59152   291.79 -599.963  36.7099
 27.9397 -27.9397  27.9397  2.24976  2.30378  281.101 -562.817 -59.1268
  16.835 -18.7737  18.7737  18.4618  8.32964  301.189 -565.969  37.8734
      10      -10       10  29.0372 -44.5749   405.55 -631.787 -135.174
 9.75703       10       10  28.1767 -24.3254  366.104 -569.043 -4.52516
 22.5349  22.5349  22.5349  -97.757 -65.9515  189.284
