     -10      -10       10 -27.3547 -6.40835  205.026 -456.668   100.95
-12.5935 -12.5935  12.5935 -77.7887 -45.6897  392.314 -554.099 -47.5207
-10.4934 -14.5281   65.412  -51.152 -5.11269  224.834 -652.751  31.1414
     -10      -10       10 -45.3397 -18.6727  318.576  -577.64 -25.7789
     -10      -10       10 -38.4099 -10.0171   307.19 -579.311  24.0438
       -10        -10         10   -35.1249   -11.4356    306.181    -580.51 -0.0683069
     -10 -5.96736       10  -31.321  -14.272   307.74 -595.268  13.2308
     -10  1.32326       10 -27.2985 -22.9015  307.127 -605.957  23.6466
      -10        10        10  -23.5273  -33.5141   309.221  -622.421 -0.966036
     -10       10       10 -15.6986 -36.2167   285.92 -602.379  41.1728
-5.45294   4.2439       10 -9.50457 -28.2312  250.145 -573.772 -70.0843
-8.69669  7.04141       10 -12.9117 -33.3833  286.686 -596.915  46.2473
     -10  5.70373       10 -14.9306 -30.4756  310.979  -612.25 -11.7186
     -10      -10       10 -13.8945 -10.9724  309.186 -594.793   39.822
     -10      -10       10 -14.0662 -12.6763  309.397  -575.99 -15.6129
     -10      -10       10 -12.3642 -7.18301  309.026 -569.478  33.3829
     -10      -10       10 -13.2156 -14.8095  304.331 -536.313 -37.0904
      -10       -10        10  -9.51224 -0.022226   310.854  -558.083   33.0517
     -10      -10       10 -22.4834 -37.3314  352.398 -539.841 -87.3412
     -10 -4.11027       10 -10.8001 -6.79168  330.353 -556.608  25.0715
     -10      -10       10 -46.1282 -38.3599  142.751
