-33.5252 -33.5252  33.5252  32.1824  16.2667  363.068 -791.941  112.694
-28.5498 -28.5498  28.5498  28.5744 -38.3522  372.696 -778.295  5.85832
 -18.563 -29.5432  29.5432  30.0471  7.76898  298.834 -697.775   63.651
-1.38022      -10       10  14.4721 -18.4472  309.765  -625.48 -3.02659
      10       10       10  6.22473 -29.1716  311.463 -630.213  33.7111
     10      10      10 8.06656 -31.425 309.313 -621.11 9.70678
      10       10       10  11.1145 -30.5876  309.609 -623.916  17.5785
  9.8417       10       10  13.7412  -31.893  308.847 -622.553  25.0206
      10       10       10  16.1078 -33.7639   308.42 -622.711 -2.72018
      10 0.966103       10  17.0785 -26.7616  285.179 -582.072  32.9149
      10 -5.56373       10  19.4769 -18.2651  254.335 -542.815 -78.4766
      10 -1.50383       10  21.5959 -24.8723  284.822 -581.363  37.0708
      10  5.32319       10  25.5061 -31.1818  308.728 -620.104 -12.4982
      10  7.36215       10  28.2628 -30.1469  308.123 -620.586  38.8473
      10       10       10  29.3645 -34.5368  308.546 -612.352 -9.35629
      10       10       10   32.569 -28.9268  305.755 -613.048  37.8677
      10       10       10  30.9042 -35.5836  305.238 -586.674 -25.3672
      10 -5.05287       10  38.6532 -5.46548  307.925 -619.392  38.3413
 2.15273      -10       10   33.226 -32.0411  304.742 -517.207 -67.4108
-3.21585 -23.9452  23.9452  27.0114  14.2679  170.382 -360.771 -13.8138
 8.40431  10.0482  10.0482 -75.2014 -58.8381   206.45
