-26.0562 -26.0562  26.0562 -23.8881  3.82165  401.114 -795.212  91.8244
-15.7296 -15.7296  15.7296 -29.3511 -48.9244  420.554 -806.621 -6.34404
-15.3045 -41.1026  41.1026 -9.42936  18.1243  276.358 -698.509  63.3053
     -10 -5.38659       10 -12.0437 -23.6102  311.342 -614.472 -5.42941
-3.58278       10       10 -15.2294 -30.6275  310.115 -611.446  31.2233
-0.62008       10       10 -16.1822 -32.4143  308.214 -601.528  8.28336
-0.285583        10        10  -13.6735  -31.6212   308.723  -602.642   15.1342
-2.35929       10       10 -9.39925  -32.936  308.755 -599.602  23.0599
-4.45567  5.98693  14.9383 -6.51822 -30.5142  304.987 -603.188  -6.6979
-6.61841 -0.47187  28.4859 -4.69538 -25.9795   268.74 -576.455  28.2087
-7.51369 -6.08472  40.8722 -3.74315 -17.2866   234.77 -552.113 -84.5079
 -4.98741 -0.146032    43.661  -3.78755  -27.5812   254.603  -603.912    36.649
-1.45277  8.67942  46.3618 -4.57475 -36.5607  275.273 -655.269 -15.0663
 1.12559  16.5963  51.2269 -3.71035 -41.8528  269.739 -671.888  46.5504
 2.86146  27.3986  56.9761 -4.85563 -54.6554  264.317 -676.095 -8.64645
  4.13946   34.8621   54.1606 -0.925724  -56.2211   264.883  -680.875   52.5906
0.226652  32.7529  57.2823 0.956168 -59.7856  261.953 -662.539 -22.3432
-2.21892 -3.57808  32.3235  18.6363 -6.10468  296.323 -685.985  65.4829
-28.0069 -75.5602  75.5602  23.9424   42.911  168.113 -526.776 -52.9519
-38.1383 -69.7096  69.7096  41.5037  66.5991  66.5991 -383.108   15.964
     -10 -5.78491       10 -65.3857 -41.2697  189.904
