      10      -10       10  7.14951  2.41436       10 -290.118  121.857
-38.2668 -38.2668  38.2668 -41.1619 -11.8592  217.618 -362.376 -22.8758
-23.3547 -15.1649  66.9418 -49.6768 0.290065  216.437  -653.68  24.7967
-3.62865      -10       10 -67.0158  -25.096  319.429 -576.923 -16.6737
0.789382      -10       10 -63.1023 -16.0074  305.199 -574.924  25.2007
-4.74518      -10       10 -54.3173 -19.1696  304.226 -570.289  0.72444
     -10      -10       10  -45.531 -16.9591  306.911 -583.409  13.1238
     -10 -6.78006       10 -39.9109 -20.0398  304.475 -594.365  21.4955
     -10  3.84885       10 -34.3894 -29.7123  304.725 -613.459  1.96098
-6.02836 -2.30581       10 -27.6609 -20.2086   284.66 -607.451  42.6954
 3.59414      -10       10 -26.4438 -7.00043  259.093 -588.728 -53.3187
 8.45473      -10       10 -36.8981 -10.7118  285.253 -603.849  50.6924
      10      -10       10  -43.424 -14.3726  307.423 -611.107 -12.3364
 28.7768 -28.7768  28.7768 -66.3416  7.14707  287.117 -612.785  43.5545
 35.1878 -51.8302  51.8302 -77.7375  26.3456  265.273  -622.85 -31.4169
 30.3376 -67.1628  67.1628 -78.0394  48.0155  251.736 -619.019  36.6406
 17.5963 -66.3017  66.3017 -64.4751  33.8181  237.268 -561.689 -79.1915
-7.21729 -38.9103  38.9103 -42.6191   19.137  282.738 -511.336  35.8239
-56.1849  65.9586  65.9586 -20.0207 -148.657  436.606 -785.133 -184.217
   -91.4  142.977  142.977 -15.0235  -168.19  491.365 -1081.87  5.93767
     -10      -10       10 -54.5029 -27.3696  135.718
