     -10      -10       10 -62.9875 -12.2543  344.363 -603.838  81.5993
     -10      -10       10  -87.346 -51.8717  442.515 -671.134 -62.5392
-8.75996 -13.5074  65.9535 -51.5838 -7.75351  221.819 -666.826  43.3678
     -10      -10       10 -45.4908 -19.4078  318.909 -584.551 -29.2263
     -10      -10       10 -38.7285 -10.4208  307.008 -577.856  26.4449
     -10      -10       10 -35.5375 -11.6286  305.856 -576.272 -2.70373
     -10 -4.31619       10 -31.7975 -16.1883  307.141 -587.596  13.3835
     -10       10       10 -28.3632 -32.1581  306.681 -593.346  20.5288
     -10  3.92902       10 -24.9131 -27.6184  308.323 -602.987 -2.98214
-9.79225       10       10 -18.7887 -36.3613  285.918  -574.57  35.4354
-5.07644       10       10 -13.7793 -34.4717  251.805 -543.508 -74.8864
  -4.159       10       10 -19.4455 -37.6103   286.75   -575.2  41.7828
-1.64877  12.1203  12.1203 -23.4567 -39.1361  308.386 -607.408 -10.0633
0.450961  16.5178  16.5178 -24.1487 -40.8792  302.775 -607.906  40.8383
0.186742  20.2493  20.2493 -23.8655 -46.2203  299.473 -601.615 -8.00559
-1.32154  16.0715  16.0715 -18.1927 -36.5743  302.717 -596.388  37.8351
-10.1049  10.1049  10.1049 -8.72573 -36.4348  307.729 -565.383 -19.6209
      -10       -10        10 -0.580978  0.386167   315.234  -613.332   42.0562
-51.0717 -62.5572  62.5572  23.7399  26.7985  215.565 -538.456 -41.3315
-57.2119 -79.9463  79.9463  46.9697  76.7292  109.609 -503.641  35.3584
     -10      -10       10 -45.9208 -38.9407  138.342
