-159.742 -159.742  159.742   119.18  140.935  361.787 -1207.13  130.529
 -122.92  -122.92   122.92  112.992  74.4948   314.85 -1129.49  70.6913
-47.3747 -47.3747  47.3747  61.5153  33.4585  285.431 -835.241  108.717
     -10      -10       10  21.6328 -12.3249  314.136 -672.985  16.8836
      10      -10       10   1.7763 -7.85462   308.91 -636.867  36.3068
      10      -10       10  1.20136 -12.3799  310.682 -612.532   10.689
      10      -10       10  3.42808 -14.0909   311.07  -604.08  8.07714
 18.6078  21.1083  21.1083 -6.37337 -46.8388  298.126 -603.477  20.3723
 18.6125  18.6125  18.6125 -4.38504 -45.8562   301.08 -587.021 -20.1143
 36.7251 -7.14933  36.7251  -26.841 -18.5705  265.274 -556.297  21.9031
  47.8163  -20.6521   47.8163  -38.8114 -0.401316   238.708  -535.505  -114.979
  24.997   24.997   24.997  -3.4955 -51.8791  279.331 -566.449  34.2674
 58.4821 -18.4556  58.4821 -33.4341 -12.4119  257.741 -669.335 -16.4943
 40.7473  40.7473  40.7473 -3.05431 -69.3805  280.052 -697.027  59.1557
 25.4255  63.1775  63.1775  11.8927 -95.1163  256.648 -736.898  6.75412
 26.0074  77.0604  77.0604  18.0153 -102.283  244.211 -801.733  74.9623
 17.4122  96.7531  96.7531   19.585 -127.972  212.156 -783.356 0.599946
 16.9705 -16.9705  16.9705  58.8097  1.26255  328.467  -827.89   100.39
-0.568885   -95.678    95.678    22.933   66.2275   66.2275  -533.011  -19.9228
 9.00301      -10       10  16.2036  16.2036  16.2036 -220.128  6.42241
-25.7533 -3.83145  25.7533 -45.5569 -14.2628  188.356
