-169.068 -169.068  169.068  147.036  148.222  342.594 -1179.59  131.102
-131.487 -131.487  131.487  134.706  75.7243  295.625 -1086.47   47.844
 -51.843  -51.843   51.843  74.2943   33.989  285.038 -813.422  97.2074
     -10      -10       10  32.1095 -14.7526  313.868 -660.418   6.9338
      10      -10       10  12.7693 -8.61995  309.133 -632.816  35.1047
      10      -10       10  13.3379 -12.4371  309.905   -616.9  7.16338
  11.218   11.218   11.218  13.8696 -34.4479  308.298 -612.036  10.7763
 10.4897  10.4897  10.4897  16.7388 -35.4985  308.236 -602.367  19.8228
      10       10       10  18.6115 -36.5118  307.957 -588.725 -14.2949
      10       10       10  17.1945 -36.6016   290.73 -539.516  23.9278
 10.9235  10.9235  10.9235  16.7439 -33.0643  277.236 -511.097  -104.92
 30.1005 -18.9091  30.1005   1.3585 -8.94197  269.292 -577.455  34.2158
 20.1631  20.1631  20.1631  22.5744 -49.5869  298.106 -630.562 -15.1781
 28.2765  28.2765  28.2765  20.3928 -55.9675  287.875 -671.064  54.5963
  43.469   43.469   43.469  6.62771 -73.3726  274.977 -706.539  3.41311
 53.4355  53.4355  53.4355  2.25342  -77.507  264.861 -752.333  67.9741
 64.0435  64.0435  64.0435 -11.5646 -93.5904  247.398 -740.465 -2.43801
 37.9524  37.9524  37.9524  35.5328 -51.2992  292.627 -802.639  81.4095
 11.6973 -60.4655  60.4655  24.2652  28.8838  145.891 -519.718 -32.2476
 7.10552      -10       10   11.403   11.403   11.403 -164.618  -3.0676
 -32.689 -6.72972   32.689 -39.1509 -21.4381  185.337
