 8.70963      -10       10  7.07825 0.908271       10 -268.422  117.065
 -23.213  -23.213   23.213 -41.5504 -25.7013  215.996 -337.691  -15.613
-21.2236 -16.5497   63.965 -47.8684 0.485029  223.679 -644.635  24.2562
     -10      -10       10 -52.9155 -22.7584  318.461 -590.685 -12.4769
     -10      -10       10 -45.6398  -15.092  308.421 -592.655  26.3265
     -10      -10       10 -41.3906 -18.3297  306.335 -590.002   6.6238
     -10 -3.22633       10 -37.1334 -23.8452  307.263 -600.921  15.7957
     -10  1.27052       10 -32.1672 -28.5931  305.659 -608.045  25.1518
     -10  3.58369       10 -27.0541 -29.7896  306.292 -622.682  2.20509
-4.20285 -5.28555       10 -23.8404 -17.8135  286.698 -607.564  44.2694
 1.23237      -10       10 -24.8544 -8.00462  271.803 -579.255 -57.7365
 4.99951      -10       10 -29.0153 -11.4127  289.465 -601.522  55.0741
 4.96593 -12.6812  12.6812 -32.7649 -12.5894  307.002  -615.08 -22.4422
  28.856  -28.856   28.856 -59.6797  6.89481  288.052 -613.769  54.5052
 21.0528 -50.1649  50.1649 -55.9053  22.8567  265.683 -618.237 -48.4648
 19.8739 -67.0944  67.0944 -60.1895  48.1674  246.531 -607.645  56.8159
 9.32834 -69.8528  69.8528 -50.1926  36.6917  234.644   -565.4 -109.895
-9.10477 -48.9989  48.9989 -37.4429  31.9302   285.23 -537.627  66.8631
-47.7198  75.1713  75.1713 -20.4694 -153.694  439.075  -808.21 -239.402
-73.4798  129.813  129.813 -11.7983 -151.856  456.997 -985.205  40.6912
-2.26686      -10       10 -63.6272 -27.3927  143.685
