      10       10       10  10.4737 -10.4737  10.4737 -181.617  130.089
-55.6292  55.6292  55.6292  30.9485  -117.42   117.42 -318.158 -12.3493
-28.7457  4.20976  54.3363  7.63489 -21.4733  262.275 -655.466  35.6522
     -10       10       10  6.06651 -49.1424  316.456 -629.929  7.04217
     -10       10       10  9.67417 -38.7655  310.692 -627.948  39.6817
     -10       10       10  13.3656 -41.1414  309.569 -627.784  20.4562
     -10       10       10  16.3606 -38.9229    313.4 -636.824  23.9098
     -10       10       10  20.6286 -37.3954  310.101 -639.723  36.1119
     -10       10       10  24.3112 -35.2615   307.18  -640.85  5.07149
-7.70035      -10       10  26.2466  -7.2597  287.886 -619.119  49.5189
       10       -10        10   10.7541 -0.979269   272.046  -593.902  -59.6412
      10      -10       10  11.4354  -6.7225  288.695 -608.207  58.2608
 10.7292 -10.7292  10.7292  10.3582 -17.1732   308.12   -618.6 -31.6616
 43.9244 -43.9244  43.9244 -30.4992  18.8403   274.13 -635.266  60.1548
 61.4977 -81.7682  81.7682 -54.3116  48.4092   237.22 -663.667 -70.5542
 57.7723 -125.294  125.294 -64.3489  103.466  194.631 -675.095  68.6183
 44.3426 -149.853  149.853 -52.0794  114.132  156.704 -674.694 -152.071
 13.8548 -121.032  191.234 -43.9223  107.095  124.532 -651.708  90.3595
-13.0543  85.5669  224.711  1.29735 -159.723  299.641 -1035.35 -317.145
-40.9933   246.84   246.84  24.0724 -264.643  418.612 -1231.34  27.2136
 33.8862  33.8862  33.8862 -124.681 -65.2853  171.933
