-24.3975  52.5969  52.5969   37.735 -57.5806  57.5806 -422.629  135.654
-41.3347  94.1507  94.1507  21.5472 -153.585  153.585 -566.442  19.8872
-16.9885  10.3103  63.4008  19.2574 -24.9774  261.277  -752.73  55.4687
-15.1164  26.6377  26.6377  25.7613 -59.7689  295.453  -682.33  17.5663
-5.05312       10       10  22.5579 -34.0246  311.662 -664.779  46.6643
      10       10       10  8.73178 -37.1382  309.301 -650.443  24.7602
      10       10       10  11.0111 -35.3118  311.342 -651.863  26.4047
      10       10       10   13.326 -35.2399  309.861 -647.717  33.8167
      10       10       10  15.7031 -34.8225  308.388 -644.511  3.32624
      10      -10       10  17.7667 -12.4733   286.87 -608.689  40.6693
      10      -10       10  18.5372 -7.91357  266.001 -570.571 -70.2046
      10      -10       10  20.3452 -11.2022  286.367 -595.624  44.8535
  11.455  -11.455   11.455  19.9771 -13.0818  306.574 -619.267  -23.088
 29.8744 -29.8744  29.8744 -1.52681  8.56766  287.623 -627.992  42.8889
 47.0914 -47.0914  47.0914 -22.0122  21.0374   271.61 -631.774 -42.3266
 44.2924 -65.2346  65.2346 -23.7092  46.5732   252.28 -630.365  39.9216
 37.6063 -75.2218  75.2218  -21.166  43.8128  230.617 -593.568 -92.8271
 28.4551 -65.3696  65.3696 -12.3958  47.9821  252.773 -567.513  48.1897
 25.9329 -11.7252  25.9329  14.9851 -58.5991  472.087 -768.081 -195.773
 14.6726  65.8246  65.8246  20.7784 -84.6375  460.531 -841.436  15.2695
 46.3815  46.3815  46.3815 -130.701  -83.445  159.499
