 6.33024 -2.67671       10       10      -10       10 -230.061  124.465
     -10      -10       10 -53.3748 -49.9382  218.299 -217.256 -34.0577
-15.1866 -21.3323  58.2263 -55.6253  1.32347   235.02 -582.647  14.8669
      10      -10       10 -74.9219 -27.2846  319.957 -542.694 -24.7831
      10      -10       10 -67.1403  -16.676  307.521 -552.239  18.7926
 5.23954      -10       10 -57.7939 -19.1944  305.498 -558.334 -2.16066
     -10      -10       10 -38.5425 -16.8286  308.542 -579.643  10.2605
     -10      -10       10 -32.0319 -16.0223  306.025 -599.746  23.4186
     -10 -2.15382       10 -25.6067 -22.2359  305.974 -626.893  3.28008
-3.22274      -10       10 -20.8183 -9.06444  285.701 -632.026  50.9667
 8.61325      -10       10 -21.9446 -3.20732  261.145 -621.718 -45.8798
      10      -10       10  -29.257  -8.6281  287.196 -632.195  61.7174
      10      -10       10 -35.5088 -15.6834  309.272 -628.587 -14.3696
 32.7031 -32.7031  32.7031 -64.6908  9.69109   284.95 -628.323  52.3896
 64.1524 -64.1524  64.1524 -103.696  36.2812  253.262 -639.993 -44.9824
 75.8787 -90.7705  90.7705 -124.468  72.5145  225.108 -638.008  45.8165
 56.0285 -97.7389  97.7389  -105.88  67.2296  202.046 -585.244 -112.911
 9.82845 -75.4791  75.4791 -68.2829  62.6359  239.147 -514.613  45.0377
-62.4775  85.6743  85.6743 -17.0454  -162.47  427.527 -797.236  -271.93
-119.258  183.787  183.787  4.23704 -212.193  457.153  -1112.4  6.84645
      10      -10       10 -86.1188 -31.8333  159.331
