-36.0254 -36.0254  36.0254   9.4507  16.1005  392.342 -847.553  116.532
-30.4579 -30.4579  30.4579  8.98862  -34.932  390.628 -822.534  13.9161
-15.7124 -33.1799  33.1799  11.1964  11.5747  291.992 -706.093  67.8203
 -4.86589       -10        10   2.28749   -17.727   309.678   -622.44 -0.123678
 2.76022       10       10 -2.10421 -29.1856  311.641 -624.366  33.3122
  6.0421       10       10 -3.05907 -31.5972  309.679 -613.758  10.7104
 7.77396       10       10 -1.39775 -31.1381   309.99 -614.732  16.6507
  7.1918       10       10  2.09294 -32.3231  309.336 -611.999  25.4677
 8.39048       10       10  3.89596 -33.9888  308.938 -610.997 -4.55982
      10  1.65386       10  4.50369 -26.9098  285.573 -568.809   32.598
      10 -3.96037       10  8.45471  -18.826  254.696 -528.931 -82.8878
      10 -0.69454       10   10.311 -25.4397   285.75 -569.795  37.1882
      10   6.1203       10  14.4046 -32.7397  310.217 -611.651 -12.9515
      10  9.81139       10  18.1823 -33.8302  309.977 -615.342  40.5856
 10.5209  10.5209  10.5209  19.5785 -36.5857  309.888 -609.787 -7.11485
  10.587   10.587   10.587  24.0585 -30.9086  307.087 -614.646   40.864
 11.8252  11.8252  11.8252  21.6445 -38.3628  306.543 -592.367 -21.0265
      10  6.61231       10  32.9414 -16.9613  310.813 -627.398  40.5626
 2.00831 -20.1324  20.1324  23.3938 -18.4767  263.108 -485.162 -63.1305
-3.61936 -36.8352  36.8352  18.8179  30.3335  114.708 -318.136 -21.1417
     -10  8.25695       10 -64.7929  -53.536  201.324
