      10      -10       10  5.61163 -1.05432       10 -249.747  114.839
-33.2332 -33.2332  33.2332 -35.5008 -18.9526   192.25 -299.479 -17.4837
-27.5337 -18.1674   63.366  -44.161  1.52191   217.35 -624.152  22.2999
     -10      -10       10 -60.1872 -26.1436  318.957 -565.642 -17.3504
     -10      -10       10 -53.3555 -17.3335  308.838 -571.761  23.2285
     -10      -10       10 -49.0721 -20.4252  305.355 -569.649  1.75134
     -10      -10       10 -45.3554 -17.9886  306.919  -584.38   12.601
     -10      -10       10 -40.1245 -17.2998  304.879 -596.489  22.9619
     -10      -10       10 -35.0407  -15.548  305.281 -614.904 0.575516
     -10      -10       10 -24.9641 -11.9364   285.38  -607.97  44.2626
0.610716      -10       10  -27.831 -6.04176  265.933 -589.602 -54.1688
     -10      -10       10 -20.3679 -10.0926  287.053 -608.685  54.9558
 8.25125 -17.0764  17.0764 -44.9504 -7.17616  301.036 -625.245 -18.1426
 32.5731 -36.5582  36.5582 -73.5362  14.8107  278.258 -625.698  52.0687
 57.3897 -57.3897  57.3897 -102.475   30.483  255.905 -628.903 -42.4742
 48.7623 -77.9339  77.9339 -100.443   58.566  234.191 -626.143  53.0795
 31.6901 -78.0027  78.0027 -82.7321  44.4589  224.115 -579.865 -97.9323
-2.95396   -51.48    51.48 -54.8684  31.6124  279.396 -539.976  61.1652
-68.4066  91.3705  91.3705  -21.159 -174.827   428.04 -841.063 -231.879
-108.889  160.079  160.079 -10.3932 -188.601  457.812 -1071.88  17.0461
-5.15124      -10       10 -61.8513 -28.4134  139.717
