-50.2464  50.2464  50.2464  60.2262  -57.913  60.2262 -369.944  126.953
 -83.524   83.524   83.524  76.1153  -142.26   142.26 -511.958  28.8169
-16.8428  25.7427  71.2338  24.6109  -41.994   231.75 -706.142  42.9584
 25.9341  25.9341  25.9341 -3.76745 -60.6093  290.548  -677.34  22.3805
      10       10       10  16.8911 -35.8613  313.152 -665.955  43.5296
      10       10       10  18.4395 -38.3907  308.624 -653.598  29.4056
      10       10       10   19.876  -36.606  310.143 -652.479  24.9737
      10       10       10  21.8573 -36.2469  308.097 -649.013  37.0445
  9.6026  1.55499       10  23.8123  -27.539  308.189 -645.552  1.45117
      10 -1.71564       10  24.4398 -21.6452  297.249 -625.475  44.1044
      10      -10       10    24.54 -8.84387  295.078 -613.006 -79.1489
      10      -10       10  26.3332 -11.7109  298.077 -614.514  49.9237
 15.8013 -15.8013  15.8013  20.8366 -9.50675  302.056 -628.267  -29.309
  36.557  -36.557   36.557 -3.84831  15.0498  281.583 -642.756  51.6534
 58.9285 -58.9285  58.9285 -30.1885  31.3257  257.958 -652.796  -54.107
 81.7244 -81.7244  81.7244 -59.5296   62.074  236.807 -658.044  59.1714
 68.3374  -99.028   99.028  -49.012   65.488  216.551 -654.757 -113.456
 36.2497 -104.988  114.845 -25.4207   87.872  203.767 -634.868  81.8776
 14.7875  36.9905  148.665   8.1598 -106.916  330.828 -900.733 -241.628
 -3.1116  159.471  159.471  24.4297 -176.691   358.67 -955.421  47.7893
 57.1288  57.1288  57.1288 -133.451 -93.2751  135.258
