-21.1889 -21.1889  21.1889 -25.1657 0.514148  364.093 -730.233  98.9542
-15.1297 -15.1297  15.1297 -36.4603 -47.9327  419.453 -775.677 -8.71392
 -13.724 -33.4457       42 -14.8018  11.8227  277.571  -700.84  58.3462
-8.32712 -5.44649       10 -16.3648 -23.4736  312.331 -613.959 -4.83326
-4.73485  3.11022       10 -15.8932 -23.4847  308.497 -609.197  31.1366
-3.24753  6.41242       10 -15.4782 -28.6591  307.786 -599.472  8.06631
-2.47657       10       10 -13.0749 -31.3926  309.383 -604.171  15.0355
-2.75407       10       10 -10.0731 -32.6638  308.912 -602.008  23.8851
-3.31333       10       10 -6.94725 -34.2061  309.976  -602.57 -5.05875
-2.58349 0.914007  17.8539 -5.65838 -26.6436   278.54 -572.021  31.9164
-1.84065 -2.44641  24.5071 -3.58207 -20.3206  246.569 -542.384 -82.5324
0.162377  1.42372  25.6173 -4.44658  -28.175  271.657 -586.598  39.2575
 2.18869  9.04633   27.851 -4.72498 -36.2562  293.038 -629.935 -13.9064
 5.14472   12.229  32.0724  -4.9795  -36.635  289.131 -640.486  44.2553
 6.12338  18.1651  36.9021 -5.35898 -44.7433  285.941 -642.602 -10.4007
 7.61093  19.8381  35.4816 -2.28679 -40.1904  286.903 -648.193   46.937
 3.23611  16.3298  38.5645 0.334226 -43.1195  280.736 -623.681 -27.8876
-0.656199  -8.22263   25.1768   16.0582 -0.984492   293.456  -640.182   58.3903
-22.4389 -56.9009  56.9009  21.1374   20.961  200.404  -510.22 -65.5866
-24.6326 -50.9202  50.9202  30.2998  46.3221   130.59 -411.312  14.7274
-7.97748 0.731974       10 -67.4867 -47.1059  191.883
