 -73.325  -73.325   73.325  16.8289  50.7887  437.378 -1034.74  111.158
-60.0121 -60.0121  60.0121  24.8703  1.36084  394.681  -990.47  31.9468
-37.9964 -37.9964  37.9964  28.8686  18.1182  283.892 -758.614  85.0446
     -10      -10       10 0.176813 -15.6946  311.842 -643.451  6.73321
 -1.7323      -10       10  -5.7562 -9.45473  311.101 -628.596  35.6446
 2.00679       10       10 -8.40242 -32.8549  308.327  -607.85  11.3522
 3.79085  12.7228  12.7228 -8.06652 -36.2319  305.823 -606.303  13.1919
   2.502  12.5849  12.5849 -4.67354 -37.5738  306.915 -598.446  22.5254
0.568525  14.4238  14.4238 -1.21151 -40.4433  306.717  -593.86 -11.8453
-1.54337 -1.00668  37.7409 -2.38338 -24.4239  258.638 -569.295  23.7746
-2.52944  -7.0854  55.9462  -2.9892 -13.3999      218 -548.583 -97.5439
0.938278 -4.05504  60.7138  -1.5015 -22.4583  235.113 -610.845  33.6047
 5.39593  5.67455  63.5931 0.374114 -34.8171  257.844 -679.274 -16.2925
 9.37954   18.352  68.7789  2.24612 -45.8263  253.441 -711.393   50.495
 11.6816  37.7989   76.591  1.73324 -67.9653  246.887  -726.39 -2.37488
 15.0115  51.2787   74.674  5.76576 -75.5346  242.938 -740.565  60.9726
 11.1849  54.8398  79.8927  7.91968 -84.8034  239.999 -727.931 -8.31503
 10.2177  7.09236   53.567   29.474 -17.2081  276.644 -776.508  74.5798
-25.6007 -106.658  106.658   33.075  77.6777  77.6777 -524.249 -24.8361
-19.3045 -35.6874  35.6874  39.8842  39.8842  39.8842 -296.789 -1.69588
      -10 -0.456266        10  -62.5292  -33.9282   193.435
