     -10      -10       10 -29.5876 -8.20056  241.928 -526.032  104.766
     -10      -10       10  -70.453 -48.4719  404.787 -595.633 -42.3781
 -10.1176  -19.4896   62.1094   -42.928 -0.149656   231.225  -668.433   35.3232
     -10      -10       10 -36.3848 -18.2338  320.006  -592.23 -23.6581
     -10      -10       10 -29.3854 -9.72553  308.522 -590.292    24.71
     -10      -10       10 -25.5937 -11.0295   307.31 -590.416   1.4283
      -10 0.0832828        10  -21.4263  -20.2419   308.912  -603.892   13.4243
     -10  4.21815       10 -16.8288  -25.595  308.024 -614.073  25.1757
     -10       10       10 -12.5776 -33.2792  310.159 -629.633 -1.09831
-7.16261       10       10  -7.8602 -35.7888  285.844 -607.764  42.7622
-2.84438       10       10 -2.02493 -33.6262  248.168 -577.713 -73.1027
-5.19065       10       10 -4.95759 -36.3611  286.789 -602.194  47.8132
-5.83833  4.43518       10 -6.23871 -29.6235   312.13 -618.971 -11.3388
-6.03388 -1.16863       10 -4.83128 -20.6074  310.472 -600.968  40.5582
-7.47189      -10       10 -3.23444 -13.3588    311.1 -580.707 -15.5573
     -10      -10       10  1.64187 -7.67894  309.534 -572.795  32.3586
     -10      -10       10 0.666952 -14.5403  305.824 -538.634 -38.6741
     -10      -10       10  5.89746 0.966693  310.226  -560.86  29.7885
     -10      -10       10 -4.10305 -32.6242  333.322  -513.36 -93.8259
     -10      -10       10    8.684  1.44041  288.443 -503.381  22.1259
     -10      -10       10 -45.1322 -36.9203  149.148
