     -10      -10       10 -33.5367 -8.61539  312.213 -617.828  97.0093
     -10      -10       10 -52.6051 -53.0727  396.655 -685.904 -12.4558
-11.8731 -21.6647    44.04 -28.5063 0.227182  271.651 -675.763  51.3987
      -10 0.0690312        10  -25.0172  -28.4715   310.903  -600.324  -7.91343
 -8.2294  5.26018       10 -22.6656 -24.6291  309.856  -603.96  29.8841
-7.55117  3.22667       10 -20.9882 -24.2423  308.781 -596.719  7.98313
-6.99991  2.04133       10 -18.1954 -21.9655  309.569 -601.532  15.1408
-7.61975       10       10 -14.6675 -31.2106  308.627 -601.321  25.3901
-7.77177       10       10 -11.5224 -33.1268  309.018 -604.497 -4.10311
-6.35647 -2.31696       10 -7.45366 -22.7621  284.985 -569.633  36.2156
-3.55922 -5.24017       10 -2.71892 -17.7578  253.256 -534.427 -80.4082
-4.75338 -1.59596       10 -4.60979 -24.4448  286.401  -569.35  41.1011
-4.09654  2.98581       10 -5.57931 -28.8454  311.434 -601.901 -13.5699
-1.38534  2.74745  10.3837  -5.7725 -25.3043  310.237 -599.392  41.5092
0.288862  5.07534  12.3956  -6.8603 -29.6107    308.3 -591.711 -11.0669
 1.14685  4.45356       10 -3.73538 -22.9146  310.799 -592.687  40.8346
-1.74427  3.29463       10 -1.85127  -28.651  309.738 -568.658 -28.3969
-2.00626 -6.41198       10  5.65943 -2.67054  313.141 -598.982  44.6461
-12.0676  -19.087   19.087  4.44391 -22.7411  287.047 -510.595 -73.5337
-11.1549  -21.138   21.138  10.5175  12.5275  231.015  -450.59  4.42091
     -10       10       10 -69.8356 -58.1292  186.962
