     -10      -10       10   -36.46 -9.46167  261.878 -546.779  100.898
-10.6856 -10.6856  10.6856 -74.2558 -48.4077  411.939 -612.109 -46.6738
-7.86859 -16.8643  63.9149 -47.5038 -3.26669   226.45 -668.781  37.1314
     -10      -10       10 -39.2336 -18.0503  319.508 -587.844 -25.5519
     -10      -10       10 -32.0158 -9.62431  307.253 -584.861  25.1187
      -10       -10        10  -28.1423   -10.919   306.311  -586.538 -0.109161
     -10 -2.04068       10 -24.0567 -17.9965  308.428 -600.441  13.8703
     -10  3.73249       10 -19.6419 -25.1106  307.976 -610.199  23.4779
-9.89266       10       10 -15.7503 -33.3461  309.961 -623.246  -1.1279
-7.17384       10       10 -11.2562 -36.3869  286.665 -599.511  40.0807
 -2.4879  4.65005       10 -6.62158 -29.1367  252.758 -568.761 -72.0391
-4.35648  9.10351       10  -8.9186 -36.1959  287.243 -595.182  45.8477
 -5.6695       10       10 -9.09075 -35.6202  311.435 -615.094 -11.2029
 -6.4621  4.16974       10 -6.67078 -26.4222  310.209 -601.032  41.2479
-6.27005 -2.54815       10 -6.66885 -21.1093  311.926 -583.857 -14.5723
-6.84903      -10       10 -3.25097 -8.04943  309.349 -576.539  34.7885
     -10      -10       10 -0.73109 -14.5915  305.449 -544.633 -35.0734
     -10      -10       10   4.9039   1.2388  312.497 -574.295  35.2057
-12.8628 -12.8628  12.8628 -2.73756 -27.7387  320.011 -510.628 -83.6086
     -10      -10       10  8.00886  1.95854  258.579 -462.902  25.3357
     -10      -10       10 -43.9717 -37.6831    143.9
