-37.5422 -37.5422  37.5422 -12.0298  14.5907  420.026 -875.972  103.476
-29.4997 -29.4997  29.4997 -10.1495 -33.9528  415.583  -868.34  8.45592
-22.4211 -39.1357  39.1357  4.72284  16.6664   280.19 -714.702  69.7215
      -10       -10        10  -5.41931  -17.7687   310.566   -623.79 -0.530378
-4.37978       10       10 -8.36917 -30.2484  311.077  -618.42  32.3022
-0.534544        10        10  -10.1126  -32.3917   308.961  -605.705   9.89542
0.794766       10       10 -8.36107 -32.0305  309.357 -605.184  14.8024
0.0755533        10        10  -5.20706  -33.3316   308.671  -599.306   23.6929
-0.452423   10.1268   10.1268  -2.48638  -34.8617   309.638  -596.116  -7.56098
-0.923611  -1.73318   24.2288  -2.58063  -23.9603   272.117  -567.514   28.2401
-0.86377 -6.46361  36.3274 -2.22186 -15.6892  236.479 -542.064 -88.2862
 1.51851 -1.51711  38.5219 -1.48107 -25.4412  258.881  -593.62  35.8841
  4.67403   6.89809   40.4508 -0.463524  -34.9639   281.318  -647.297  -14.9559
  7.8976  14.9999  44.8961  0.50046 -40.8839  276.563 -665.675  45.9873
    9.619   26.8425   50.7524 0.0287019  -55.0298   271.023  -671.371  -6.24024
 12.1038  34.7543  48.0438  3.60817 -57.0086  270.912 -679.056  52.5825
 8.36681  34.9374  52.0497   5.7722 -62.7359   268.44 -664.243  -17.696
 8.17938  1.52614  28.0217    22.45 -11.5888  299.999 -692.138  63.6951
-18.1049 -72.9546  72.9546  24.2225  40.8511  153.799 -504.521 -47.1356
-28.5032 -57.2427  57.2427  39.0319  55.8628  55.8628 -336.784  2.16694
     -10 -2.06052       10 -64.6708 -41.2856   192.32
