 2.17904  -15.007   15.007 -20.8563  2.08463  106.208 -407.204  105.676
-25.2004 -25.2004  25.2004 -76.9881  -27.563  354.387 -573.793 -25.0453
-21.9022 -5.54873  73.6169 -50.6828 -13.4231  214.187 -699.982  33.4793
-12.7012 -12.7012  12.7012 -52.8641 -15.4395  312.411 -605.538 -14.0846
     -10      -10       10  -47.894 -10.8307  304.323 -593.253  27.7595
     -10 -6.91584       10 -44.7094 -15.7803  303.729 -587.694  5.60955
     -10  0.95935       10 -41.2145  -22.722  305.324 -594.081  14.2539
     -10  4.60085       10 -37.6729 -27.7288   305.08 -594.848  22.1386
     -10  7.86047       10 -34.4658 -32.7597  307.202 -600.645 -2.30895
     -10  4.49659       10 -27.3314 -32.3291  286.509 -570.187  33.3884
-7.31461 -4.70683       10  -23.609 -20.8098  264.649 -534.582  -68.543
 -6.0346 -3.90042       10 -25.9325  -22.958  287.317 -567.271  39.5887
-5.67129 -8.19193       10 -27.2419  -16.229  308.213 -593.921 -14.2893
-6.25569      -10       10 -24.2497 -10.2816  307.334 -587.325  40.6181
-8.67545 -11.0147  11.0147 -20.6492  -11.073  307.147  -579.35 -16.7451
-8.21994 -11.0627  11.0627 -19.0334  -5.4416  308.386 -576.278  40.5411
-5.90638      -10       10 -20.1835 -15.7326  301.666  -543.21 -36.8687
-4.63462 -3.34381       10  -19.328 -8.48404  313.554 -564.579  46.8864
-11.4594  11.4594  11.4594 -25.9814 -67.2024  385.619  -620.45 -82.9473
-17.5798  32.8246  32.8246 -23.8174 -47.7725  391.443 -688.447   10.322
     -10      -10       10 -44.9835 -37.4182  127.392
