     -10      -10       10 -53.8718 -10.1601  276.662 -582.384  87.6655
     -10      -10       10 -94.7576 -47.4327  422.741 -679.157 -26.5321
-16.5395 -5.95032  71.8093 -51.0257 -15.5248  213.346 -703.234  41.2046
     -10 -8.19718       10 -52.0579 -19.6595  318.796 -611.437 -13.3793
      -10 -0.295912        10   -44.416  -20.5429   303.887  -590.679   27.0887
     -10 0.153953       10  -41.096 -21.9828   305.56 -590.176  6.49713
-10.4941  2.94685  10.4941 -36.8475 -23.9447  304.942 -590.748  12.9888
-12.7872  2.47498  12.7872 -31.4561 -24.6801  302.028 -591.525  22.5159
-13.1689   3.2248  14.4277 -28.5952 -27.4069   302.18 -593.332 -4.95303
 -9.14299 -0.518672   21.4838  -28.1869  -26.7251   275.888  -570.034   30.2493
-5.85715 -4.49473  28.4623 -25.7611 -21.2421  244.467 -544.116 -77.9516
-7.53011  1.40668  29.0447 -24.4439 -29.4238  269.496 -584.731  35.8101
-5.23389  5.81146  29.4284 -25.3468 -32.3646  289.159 -619.468 -11.4363
-0.212202   7.38954   31.5151  -26.4426  -30.4893   286.067  -624.295   39.2716
 1.79296  9.75614  34.8302 -26.6529 -34.3236  283.361 -623.293 -6.68005
 1.74184  11.8851  31.5583 -21.2806 -31.0018  288.045 -627.959  41.5311
-5.23579  6.99804  32.8069 -13.4683 -32.9198  282.823 -606.706 -15.8738
 -5.36429  -8.97678   14.4014  -1.81919 -0.798429    315.23  -632.873   49.6322
  -19.5681   -42.2692    42.2692   0.450751 -0.0134052    255.583   -549.832    -36.071
-17.1584 -38.3725  38.3725  7.06289  32.7201  224.588 -506.539  8.02614
 -7.8392      -10       10 -47.1017  -38.971  126.087
