-25.2374  36.4547  36.4547  39.5827 -39.5827  39.5827 -288.921  129.825
-80.2121  80.2121  80.2121  76.1782 -139.513  139.513 -479.177  22.2292
-11.0916  30.6764  72.5326  21.4215 -47.6358  231.963 -687.704  35.5829
 47.1265  47.1265  47.1265 -21.2818 -86.0995  265.708 -703.998  26.5783
  13.448   13.448   13.448  21.1266 -42.6123  309.802 -678.862  46.1127
      10       10       10  26.8124 -40.7251  307.745 -661.391  35.0184
      10       10       10   28.211 -38.1798  310.622 -662.286  26.7939
 -6.6903       10       10  46.4025 -37.0184  308.578  -656.54    39.82
      10       10       10  30.7979 -35.8576  306.934 -648.952  1.49401
      10      -10       10  30.9576 -11.0843  293.423 -622.035  44.9134
      10      -10       10   30.282 -5.86852  291.497 -606.919 -78.4226
      10      -10       10  32.5938 -9.45635  293.198 -609.081  51.7307
 11.4629 -11.4629  11.4629  32.9799 -14.4575  304.408 -622.125 -34.8745
 42.9574 -42.9574  42.9574 -4.30091  20.2123  273.695  -651.15  57.5719
 71.1949 -71.1949  71.1949 -36.9285  41.0482   245.61 -672.397 -64.9683
 99.1451 -99.1451  99.1451 -72.7808  78.1569  220.421 -683.759   71.926
 56.9071 -125.707  125.707 -33.9924  90.3241  188.368 -694.399 -134.286
 18.0371 -144.964  144.964 -7.69462  127.961  166.871 -654.191  103.461
 6.32588  68.4054  207.799  19.8986  -137.77  281.896 -999.304   -277.2
-12.0718  212.573  212.573  39.8877 -228.236  348.563 -1080.92  49.5575
  59.483   59.483   59.483 -135.932 -93.7897  135.932
