-35.6503 -35.6503  35.6503 -16.6244  13.6528  429.688 -869.378  94.8045
-26.7857 -26.7857  26.7857 -16.8847 -39.2552  429.191 -872.199 -7.23747
-30.3074 -40.9508  40.9508  9.43226  17.4676  277.032 -705.716  68.8432
     -10      -10       10 -8.88205 -19.1481  310.171 -613.744 -8.38609
 -5.86174 -0.597729        10  -10.4609  -20.1952   311.315  -609.765   31.1254
-3.36626       10       10 -11.4619 -32.9924  309.525 -597.781  4.99746
-2.59919       10       10 -9.19926  -32.181    309.3 -598.276  13.9397
 -4.1016  10.3898  10.3898 -5.50072 -33.9905  307.828 -594.057  21.7043
-4.87387  11.7172  11.7172 -2.86649 -36.6305  308.058  -595.88 -7.29169
-4.73757 -3.00124   33.635  -4.7273 -22.4823   261.69 -580.116  28.1288
-3.53325 -5.47737  47.4967 -4.49728 -16.6751  221.288 -561.241 -87.5307
-2.06995  1.55309  52.3275 -5.23837 -28.4213  244.537 -615.551  35.4904
0.709112  12.9919  57.0887 -5.39716 -41.3348  264.176 -671.888 -12.7985
 3.97703  24.4578  64.1077 -5.57674 -50.9077  256.753 -692.518  44.5173
 6.17088  39.6336   71.455 -7.34464 -68.2942   249.49 -699.866 -2.59266
 8.64647  48.4724  69.6332  -4.1219 -71.2938  249.793 -711.555  49.2312
 4.07321  42.6611  73.0411 -1.35777 -70.7969  249.054 -699.259 -10.6608
-0.778013  -12.0947   47.4258    21.621   2.14079   281.456  -732.558   60.2978
-40.6089 -106.269  106.269  36.5732  75.7181  101.686 -540.937 -23.9966
-53.5019 -64.5095  64.5095   63.151   63.151   63.151 -390.236  6.17462
     -10 -6.96056       10 -64.7166 -37.5355  189.262
