      10      -10       10  7.01819  2.09149       10 -293.731  123.574
-32.1172 -32.1172  32.1172 -47.2112   -18.02  237.107 -369.088  -22.612
 -22.1381  -14.9708   66.5072  -48.9669 -0.520362   218.157  -652.093   24.1943
     -10      -10       10 -57.5139 -24.1008  319.212 -579.046 -17.0027
     -10      -10       10 -49.4624 -15.4352  305.989 -578.263  25.1195
     -10      -10       10 -46.0812 -18.4039  305.019  -574.44  1.19001
     -10      -10       10 -42.1873 -16.3604   307.03 -587.357  13.6876
     -10 -3.99952       10 -36.7442 -22.4026  305.262 -599.355  22.1246
     -10  4.98906       10 -31.2494 -30.6574  305.541 -617.932  2.14826
     -10 -1.80816       10 -20.7223 -20.9287  284.679 -609.896  43.0645
0.902975      -10       10  -21.192 -7.48787   258.97 -589.887 -54.5809
 6.80641      -10       10 -32.5141 -11.0896  286.088 -606.303  51.1793
      10      -10       10 -40.4002 -14.3599  308.041 -612.795 -12.8078
 25.9461 -25.9461  25.9461 -59.9994  4.48005   291.35 -611.733  44.0058
 33.3761 -47.6939  47.6939 -71.9368  22.4247  269.071 -616.985 -31.9466
 30.2211 -61.8385  61.8385 -73.4496   43.224  256.494 -611.846  36.9991
 17.9823 -59.9521  59.9521 -60.8798  28.0643  244.659  -554.09 -79.7997
-5.65056 -31.5463  31.5463 -39.3141  12.6668  291.566 -504.561  35.5874
-50.3777  51.3435  51.3435 -17.6176 -131.168   446.99  -757.11 -185.685
-81.9965  126.509  126.509 -12.1574 -150.175   491.98 -1036.83  8.58586
     -10      -10       10 -53.4691  -28.275  137.377
