-69.0911 -69.0911  69.0911  12.0445   47.467  445.332 -1017.79  107.307
-56.6185 -56.6185  56.6185  19.2309 -5.40667   406.96 -986.845  17.1004
-39.2446 -39.2446  39.2446  27.5389  17.8765  281.647 -743.083   84.571
     -10      -10       10 -1.82616  -17.339  309.102 -629.897 -1.34513
-6.07081      -10       10 -4.06064 -10.0918  311.582 -619.187  34.6565
 -1.5347       10       10  -7.8853 -33.3012  309.598  -600.16  5.92922
 2.80851       10       10 -9.44679 -33.4168  309.758 -597.336  13.1009
 6.05841   12.427   12.427 -11.3189 -37.2432  307.097 -592.392  20.2839
 14.5487  4.67772  14.5487 -17.7265 -30.3194  305.217 -591.299 -10.5382
-33.9376  0.38664  33.9376  28.5163 -25.1783  262.049  -566.41  24.4531
-14.0598 -3.58286  59.6802  7.95733 -16.9649  205.736 -559.927 -95.6605
-3.16129 0.301864  67.5603  -1.2886 -26.2337  228.248   -625.8  32.1484
 2.55462   11.985  72.2824 -2.21985 -41.0087   248.67  -691.76 -12.8583
 7.03664  25.9201  80.0802 -2.19242 -53.6267  240.604 -722.032  45.9471
 9.47751  46.1223  88.8562 -3.53682 -76.4798  232.633 -736.644  3.29879
  13.3589   58.1472   87.2594 0.0676076  -82.7893    231.89  -758.032   53.7047
 8.25801  54.5607  91.2047  3.59821 -84.4978  231.612 -747.028  1.46503
 1.83249 -11.9401   62.535  32.0353    1.333  262.218 -787.891  66.1701
-44.1932 -107.993  107.993  50.3175  77.7581  77.7581 -543.718 -0.89126
-27.4868 -45.0935  45.0935  47.8824  47.8824  47.8824 -345.219 -4.36853
     -10 -3.90128       10 -63.6972 -31.8665  190.899
