     -10       10       10  11.7106 -21.1943  225.527 -545.864  130.637
 -17.5225   17.5225   17.5225 0.0912454  -78.6329   316.236   -627.92   24.2751
-6.66464 -20.3506  39.7188 0.899109  3.59554  286.782 -718.339  59.3207
 2.18007  20.3693  20.3693 -4.25184 -48.8108      301  -657.67  9.62247
  7.1427  14.3217  14.3217 -3.65047 -33.8947   306.92 -652.898  39.8237
 8.53576  11.1717  11.1717 -2.14607 -33.2613  308.261 -637.241  19.2032
 9.37725       10       10 0.460603 -31.1401  310.588 -636.947  22.3056
      10       10       10  2.80989 -32.2843  309.959 -634.332  30.6793
 9.67054       10       10  5.96911  -34.059   310.19 -632.878 0.419181
       10 -0.265586        10    8.2001  -25.8184   287.523  -592.702   36.7803
      10      -10       10  9.73285 -13.4265  265.644 -550.599  -76.144
      10      -10       10  12.6418 -15.6914  287.812  -584.53  41.4419
      10      -10       10  15.2449 -14.8542  310.142  -614.24  -18.756
 10.0189 -10.0189  10.0189  17.5395 -10.5272  308.822 -607.598  41.8578
 13.2819 -13.2819  13.2819  14.3636 -9.65575  305.491 -596.061 -26.4145
 16.7807 -16.7807  16.7807  12.2624 0.985109  299.931 -590.565  39.8411
 13.7954 -20.1327  20.1327  12.5447 -4.89292  290.308 -554.049 -60.1858
      10      -10       10   22.098 0.594316  310.294 -556.516  44.0055
      10      -10       10  21.2149  -42.049  387.772 -605.901 -140.094
      10       10       10  20.0913  -23.916  344.323 -533.459 -3.78682
  18.661   18.661   18.661 -97.8973 -62.1706  193.447
