 9.57766 -6.03885       10  7.23796 -4.11925       10 -246.188  119.291
-10.0204 -10.0204  10.0204 -43.7045 -43.9332  201.345 -240.251 -18.9632
-20.3672  -21.333  58.0011 -44.8966  3.38803  230.418 -604.997  20.5663
     -10      -10       10  -49.592 -26.2077  319.492 -571.824  -17.423
-6.04879      -10       10 -46.6664  -17.098    310.1 -579.156  24.0287
-6.46333      -10       10  -41.608 -20.0089  308.658 -584.104  3.59782
     -10 -7.88853       10  -33.795 -19.8348  309.463 -597.493  13.8576
-8.61707 -4.49367       10 -29.1909 -22.3112   306.06 -609.479  25.9753
     -10 -2.25228       10 -22.2696 -22.5416  306.543  -629.21  2.70305
 -3.9602      -10       10 -18.2887 -10.3023  286.356 -623.322  48.7044
 1.57937      -10       10 -16.0112 -4.90678  266.195 -606.027   -50.91
  9.0007      -10       10 -26.7495 -9.29159   288.57 -620.884  59.4307
 11.5734 -11.5734  11.5734 -34.1806 -13.5921  306.851 -622.249 -19.2787
 32.6972 -32.6972  32.6972 -60.6831  10.6095  284.402 -623.807  54.9264
 49.7259 -58.5925  58.5925 -83.2571  30.8983  256.211 -627.366 -50.5371
  51.454 -84.2832  84.2832 -93.5891  65.7467  227.882 -621.164  53.8791
 34.9358 -88.6807  88.6807  -78.009  55.6937  212.331 -574.854 -121.452
-1.11106 -67.5943  67.5943 -50.6061  51.9475   260.84 -528.565  60.7495
-58.6537  86.2295  86.2295 -12.3597 -165.848  444.701 -827.896 -284.913
-97.0235  159.223  159.223  2.67695 -182.911  469.877 -1072.28  24.3134
      10      -10       10 -81.5193 -27.6946  153.879
