 8.38675  3.62526       10       10      -10       10 -224.911  128.893
     -10       10       10  -35.454 -71.2487  185.253 -201.069 -30.7272
-19.5536 -10.7303  47.4266  -38.724 -8.94305   264.49 -591.066  15.7138
     -10      -10       10 -35.4926 -27.5229  317.426 -568.756 -16.4286
     -10      -10       10 -28.9009 -16.5379  309.831  -579.95  23.8572
     -10 -8.40086       10 -23.4349 -20.6869  307.704 -587.695  6.91795
     -10  2.29147       10 -18.9805  -29.052  311.161 -607.996  14.8858
-7.62931  9.79029       10 -14.8967 -35.7694  308.255 -623.669   31.257
-6.46405       10       10 -9.76589 -34.1244  306.956 -641.964  4.64013
-1.29942      -10       10 -5.31364 -7.37279   287.49 -639.277  56.2596
      10      -10       10 -10.2971 -1.63896  269.712 -623.075 -50.4746
      10      -10       10 -12.4801  -7.5368  289.146 -632.643  68.2895
      10      -10       10  -17.128 -17.4461  311.077 -629.161 -25.0668
 37.0004 -37.0004  37.0004 -51.2753  13.2582  281.805 -632.338  63.4818
  70.937  -70.937   70.937 -93.2322  40.0831  248.378 -643.927  -67.751
 99.0738 -99.0738  99.0738 -132.002  81.4325  218.451 -635.093  62.7955
 67.0029 -113.482  113.482 -102.338  81.9399  187.438 -594.329 -157.962
  14.963 -102.628  102.628 -63.6872  94.6416  207.867 -509.381  70.7878
-36.2171  96.3984  96.3984 -13.3328 -169.703  426.249 -815.044 -353.922
-85.1278  184.621  184.621  11.6419 -203.907  472.994 -1123.21  38.1488
      10       10       10 -94.5949 -48.1004  186.769
