 168.827  136.684  168.827 -154.738 -154.738  154.738 -1006.19  138.665
-108.269  108.269  108.269  134.731 -213.662  213.662 -884.288  139.154
 61.1343 0.726413  61.1343 -22.2693 -38.1677   261.49 -832.901  125.257
 171.484  101.934  171.484 -151.672 -151.672  151.672 -976.564  73.3118
 142.923  142.923  142.923 -110.645 -179.882  179.882 -970.024  96.1775
 91.1943  91.1943  91.1943 -51.9913 -121.154  231.263 -863.686  67.8032
  110.164 -0.373504   110.164  -74.1336   -22.353    212.56  -871.974   51.1608
 168.761  128.654  168.761 -154.587 -154.587  154.587 -879.965  41.2247
 76.2035 -76.2035  76.2035 -45.0187   54.997  246.529  -727.62  -8.8029
 67.2633 -67.2633  67.2633 -46.2741  39.0376  255.675 -629.779  16.6427
 69.3961 -69.3961  69.3961 -52.6375  42.6403  254.626 -598.711 -143.168
 70.2307 -70.2307  70.2307 -47.8201  41.3335  252.887 -619.728  4.99096
-137.756 -173.435  173.435  150.199  150.199  150.199  -791.57 -31.1642
-149.278 -47.4368  149.278  173.777  26.7693  173.777 -800.744  9.71478
-50.4594  50.4594  50.4594   101.57  -66.455  271.513 -713.323  22.2949
-36.7512  36.7512  36.7512  102.613 -48.1922  284.401 -755.396  21.7589
 180.463 -101.704  180.463 -142.169  85.9547  142.169 -914.068  62.3671
-83.8913  83.8913  83.8913  155.679 -84.1875  237.824 -889.731  15.0892
 147.781  147.781  147.781 -105.133 -171.657  171.657 -835.709  75.8117
 69.6208  69.6208  69.6208 -38.2152 -105.962  105.962 -463.568 -35.9251
-44.7058  44.7058  44.7058  6.79597 -144.742  144.742
