-119.274  150.039  150.039  170.426 -170.426  170.426 -1034.55  167.266
 -104.21   104.21   104.21  162.395 -214.025  214.025  -907.14  202.647
-53.1429   2.9677  53.1429  113.809 -35.5939  266.082  -808.09  135.634
-38.5583  131.402  131.402  97.5756 -187.789  187.789 -972.198  107.113
 141.093  141.093  141.093 -81.4818 -178.224  178.224 -993.524  112.528
 142.752  142.752  142.752 -89.1515 -177.068  177.068 -947.976  79.9924
 49.9861  49.9861  49.9861  18.8233   -71.94  268.269 -801.763  53.7145
-36.1018   1.4249  36.1018  98.4502 -21.5473   282.77 -714.583  50.5293
-45.9891 -45.9891  45.9891  100.312  24.4449  273.797 -674.895 -15.2079
-71.6024 -41.3327  71.6024  109.963   12.765  249.643 -623.795  12.3114
 66.7759 -66.7759  66.7759   -30.85  39.3053  255.651 -584.081 -156.809
-76.4022 -76.4022  76.4022  114.525  46.6921  245.102 -606.719   -2.793
 96.5129 -96.5129  96.5129 -51.2501  72.3682  224.363 -691.287   -35.86
 130.378 -130.378  130.378 -80.0284  108.659    189.6 -795.517  5.12373
 184.143 -119.623  184.143  -136.43  98.9953   136.43 -902.888  24.6688
 65.7847  65.7847  65.7847    20.35 -75.2674  250.525 -852.472  20.0977
  63.732   63.732   63.732  25.7486 -69.7314  252.023 -854.888   105.26
 112.272  112.272  112.272 -15.9063  -108.23  203.349 -1036.51   17.795
 150.393  150.393  150.393  -79.064 -163.813  163.813 -937.715  129.802
-64.2027  64.2027  64.2027  104.586 -104.586  104.586 -437.645 -88.9328
-46.2751  46.2751  46.2751  24.9427 -148.399  148.399
