-118.966 -118.966  118.966  109.594  97.8494  412.495 -1134.19  110.641
-103.243 -103.243  103.243  108.377  37.7449  348.575 -1052.55  17.8037
-31.4221 -31.4221  31.4221  55.4242  7.16588  297.043 -749.699  86.2542
     -10      -10       10  30.9199 -18.4989  305.566 -635.207 -1.71678
      10      -10       10  12.8707 -10.2813  311.191 -632.926  33.0064
      10       10       10  13.0408 -32.9602    310.2 -616.658  4.30868
      10       10       10  15.7276 -32.8074  309.218 -614.258  12.9393
 10.3406  10.3406  10.3406  16.9164 -34.8779  307.387 -605.854  18.6933
 12.2389  12.2389  12.2389  15.7018 -38.0949  304.729 -597.299 -9.80933
  18.242 -1.77766   18.242  7.43746 -24.7322  278.821 -556.256  21.7195
  10.023 -6.93788  36.0761  10.9834 -15.2095  244.252 -534.733 -90.4196
 14.3041 -1.07222   39.953  13.9858 -26.5739  257.638 -599.112  31.5486
 25.6034   11.706  43.5474   10.321 -40.9112  275.019 -666.476 -13.5615
 46.2887  27.7226  46.2887 -4.79634 -55.0193  271.144  -694.87  50.0053
  53.004   53.004   53.004 -10.0338 -82.2315  265.485 -711.369 0.686099
 58.7938  58.7938  58.7938 -11.2964 -82.0325  256.159 -737.548  60.4763
 40.2642  65.6017  65.6017  4.89246 -94.3685  253.095 -731.332 -8.17933
 32.9663  21.2949  32.9663  32.5993 -32.6824  292.843 -763.556  72.4946
-14.6044 -90.2944  90.2944   36.902   59.114  100.831 -519.296 -27.7728
-10.5255 -33.1371  33.1371  31.7282  31.7282  31.7282 -268.143 -4.81746
-12.3596  12.3596  12.3596 -49.9963 -53.7235  201.893
