-42.7734 -42.7734  42.7734  11.1034  22.1986  395.989 -864.554  103.578
-35.0014 -35.0014  35.0014  10.5422 -29.8384  388.649 -835.717  13.5651
-23.2516 -35.6356  35.6356   16.431  13.5005  291.398 -717.222  66.6399
-8.16827  -7.9749       10  3.01471 -20.2856  313.218 -627.811 0.518119
 3.17668  9.88582       10 -5.34488 -29.8957  310.627 -620.539  31.8991
 7.20727       10       10 -7.46839 -31.9979  309.718 -610.798  9.92441
 7.68242       10       10 -5.04885 -31.3614  310.399 -610.973  14.8687
 7.40261       10       10 -2.24738 -32.3981  309.706 -607.263  23.4802
      10  6.92052       10 -2.78449 -30.7129  308.744 -600.398 -6.05539
 10.4218 -2.35884  10.4218 -1.37085 -22.3146  282.746 -553.112  28.5489
  18.678 -10.4852   18.678 -8.61393 -11.5275  234.439 -501.144 -83.3907
 18.1203 -4.61872  18.1203 -4.88262 -21.0123  274.273 -565.721  34.3441
 18.7839  4.47577  18.7839 -1.30285 -31.1536  301.114 -618.611 -12.9233
 21.255 9.90146  21.255 0.46615 -34.383 298.647 -633.87 42.6721
  24.953  19.1802   24.953 -1.87859 -45.9433  296.714 -637.127 -4.78691
  23.805   23.805   23.805  4.69698 -45.0524  295.796 -647.313   46.577
 19.6923  27.7217  27.7595  6.82659 -55.3636  288.707 -624.236 -15.3448
      10  9.04622       10  30.6718 -20.1525  313.531 -655.438  52.2631
-5.14162 -36.3208  36.3208  25.5465 -1.86097  244.228 -527.396 -50.3943
-14.2592 -48.4562  48.4562  29.5773  43.9805  102.454 -368.264 -15.0174
     -10  3.93941       10 -63.4578 -49.0096  200.524
