-26.0331  31.3457  31.3457  39.0739 -39.0739  39.0739 -310.038  107.509
 -48.753   48.753   48.753  21.9961 -108.214  186.873   -441.4  20.1815
 -18.286  -19.345  37.0667  4.54219  3.35216  273.602 -657.615  36.0139
     -10       10       10  2.33173 -43.5995  313.429 -627.248  13.0872
-9.36854       10       10  5.14109 -35.3136  312.426  -634.75  35.0448
-4.57116       10       10  2.56812 -38.2988  310.888 -628.415  21.7536
  1.28479        10        10 -0.760598  -36.6245   311.186   -630.75   21.5385
 5.06475       10       10 -1.55529  -36.209  309.203 -631.179  32.4298
      10 0.510418       10  -3.6417 -25.4739  308.245 -632.579  3.51981
      10      -10       10 0.123156 -10.9545  288.545 -606.276  41.8788
      10      -10       10  2.52975 -5.85377  264.461 -567.108  -63.627
      10      -10       10   2.3796 -9.60269  289.394 -597.006  46.4947
 17.6954 -17.6954  17.6954 -7.64882 -6.98375  301.633 -620.684 -21.1928
 35.7266      -40       40 -30.0464  17.9427  278.512  -633.37  43.5308
 42.3417 -62.9681  62.9681 -41.3335  35.5125  255.071 -641.124 -44.5771
 38.8247 -85.9632  85.9632 -44.0543  66.4665  231.589  -646.09  45.4637
 26.6664 -98.0701  98.0701  -34.201  65.2055  213.486 -627.882 -99.5154
 6.65736  -82.386  99.6523 -20.5842  65.1509  222.765 -603.809  60.3154
-15.9305  71.7813  116.019  5.30553 -146.031  387.497 -880.609 -226.077
-39.1506  161.632  161.632   17.065 -183.275  419.454 -1032.09  15.0601
  14.879   14.879   14.879 -93.7082 -51.9179  186.221
