-145.701 -145.701  145.701  137.462  124.023  382.044 -1167.05  125.411
-120.999 -120.999  120.999   130.27  58.0467  311.602 -1048.98  30.0983
-31.3262 -31.3262  31.3262  61.3994  9.88609  305.274 -768.248  90.7497
      10      -10       10  16.1358 -16.9369  309.769 -644.501  1.37598
      10      -10       10  17.8064 -9.04776  309.084 -630.607  33.4869
      10      -10       10  18.7423 -12.4624  307.538 -615.109  5.77673
      10       10       10  21.1977 -32.5933  308.372 -614.078  11.7616
      10       10       10  23.5489 -34.3186   308.35 -609.911  19.6255
      10       10       10  25.4005 -35.8959  307.278 -601.656 -10.3539
      10       10       10  24.1517 -36.4448   287.84  -554.32  25.2981
      10       10       10  24.2589 -32.7602  268.551 -517.283 -93.5682
      10       10       10  31.1547  -37.468  285.569 -562.908  35.0446
 10.0267  10.0267  10.0267  39.8968 -39.1125  305.377 -620.778 -12.2267
 19.1218  19.1218  19.1218  35.2801 -45.7729  296.857 -656.807  50.4488
  34.7396   34.7396   34.7396   19.9091  -63.4552   283.341  -685.215 -0.525776
 44.2148  44.2148  44.2148  14.2362 -67.1544  270.441 -715.248  57.5561
 52.2293  52.2293  52.2293  3.27715 -80.6718  259.936 -700.644 -10.8145
 27.5255  27.5255  27.5255  46.1976  -39.924  293.722 -740.858  63.7861
 3.47021 -43.2659  43.2659  36.6513  9.87463  184.175 -491.372 -38.0403
-1.74671 -19.7602  19.7602  18.3555  18.3555  18.3555 -178.348 -12.9409
 -14.743   14.743   14.743  -49.719 -52.9392  207.219
