-22.3918 -22.3918  22.3918  5.59392  4.45925  358.503 -767.287  124.162
-20.9576 -20.9576  20.9576  3.54567 -43.0198  375.502 -761.377  21.9827
-3.20472  -31.566   31.566  1.31728  11.6161  293.165 -708.349  64.9804
      10  5.33544       10 -9.88715 -32.7335  311.081 -633.444  5.96652
      10       10       10 -5.90317  -28.716  311.296 -634.174  34.6058
      10       10       10  -3.4315 -31.1627  309.455 -623.242  14.9512
      10       10       10 0.134784 -30.6184  309.771 -623.879  18.3075
 9.60306       10       10  3.72034 -32.0401  309.205 -621.628  27.5075
      10       10       10  6.31422 -34.0929  308.591 -618.786 -2.51208
  9.0713       10       10   9.2346 -36.2689  286.911 -578.501  34.1894
      10 -6.99184       10  10.6421 -16.8671  263.138 -538.022 -80.3963
      10 -4.36181       10  14.1113 -22.4171  287.173  -576.04  39.1785
      10 0.550554       10  18.2139 -26.7237  309.541 -612.559 -14.9228
      10 0.895673       10  21.9274 -23.5814  309.144 -614.345  41.0526
      10  3.48098       10  23.4591 -28.1729   309.37 -603.836 -15.1133
      10  3.58977       10  27.3445 -22.1128  306.685 -603.555  41.2027
      10  2.86664       10  26.2625 -28.2265  306.421 -575.828 -37.3149
      10 -3.91931       10  33.9068 -5.77202  310.859 -604.641  43.4205
      10      -10       10  21.6242 -30.9411  299.536 -495.621 -92.9915
 8.28775 -20.0957  20.0957  12.8747  11.2131  175.135 -335.884  -16.836
      10  9.68305       10 -84.5304 -55.0237  202.079
