     -10      -10       10  14.4774 -2.60094  263.082 -580.956  118.411
     -10       10       10  2.62291 -73.3156  340.987 -636.988  16.5831
0.618773 -29.0576  30.1439   3.8045  11.0537  295.012 -691.234   54.493
 10.5706  10.5706  10.5706 -3.30429 -38.9247  311.139 -635.494  5.75718
 10.0557  10.0557  10.0557  1.08449 -29.2022   311.78 -640.035  35.3644
      10       10       10  3.02456 -31.5816  309.387 -629.858   16.201
      10       10       10  5.89781 -30.6557  309.734 -631.646  19.9797
      10       10       10  8.38459 -31.9847  308.939 -629.848  28.1938
       10        10        10   10.7851  -33.9461   308.526  -628.688 -0.293749
      10  4.93589       10   12.405 -31.3846   287.67  -592.23   35.319
      10 -7.73181       10     13.9 -16.5255  266.078 -555.303 -74.6169
      10 -8.31161       10  16.2156 -17.9822  288.096 -586.927  39.3679
      10 -9.27947       10  18.5875 -15.6353  309.278 -615.484 -16.3885
      10      -10       10  20.6441 -10.8237  308.354 -611.316  38.9064
      10      -10       10  20.9541  -12.917  307.787 -596.591 -20.7598
      10      -10       10  23.1338  -6.4032   306.13 -591.962  38.6817
      10      -10       10  21.0127 -14.9394   303.11 -558.928 -47.6287
        10        -10         10    25.7792 -0.0986023    311.289   -580.762    43.9881
      10      -10       10  21.6299  -40.359  366.648  -593.09 -110.578
 8.98771       10       10  19.3023  -23.605  311.797 -501.245 -1.45367
 10.3694  10.3694  10.3694 -80.9311 -57.0053  203.627
