-96.461 -96.461  96.461 82.2385 74.8607 411.459 -1069.8 128.259
 -77.818  -77.818   77.818  78.1793  12.5056  357.808 -961.081  25.4838
-31.1386 -31.1386  31.1386  48.2779  9.52868  301.677 -734.496  78.4435
      -10       -10        10   26.2739  -17.1485   308.749  -630.238 -0.876252
      10      -10       10  8.90546 -8.83099  310.031 -624.658  32.1433
      10      -10       10  10.7734 -11.9781   308.74 -613.243   6.5954
      10       10       10  13.9902 -31.8562  309.659 -615.652  14.0631
      10       10       10  17.1974 -33.4259  308.882 -614.373  21.9568
      10       10       10  20.0379 -34.8993  307.324 -610.339 -5.73675
      10       10       10  20.3252 -35.4336  283.579 -564.003  29.0698
      10       10       10  21.1821 -32.2054  253.004 -516.188 -84.0375
      10       10       10  26.8474 -36.2335  282.498 -568.268  35.2091
      10       10       10  33.6627 -37.5611  306.538 -618.107 -10.9289
 10.8335  10.8335  10.8335  37.7654 -36.3348  306.171 -632.604  43.0404
 20.4431  20.4431  20.4431   28.576 -48.0575  298.382 -643.066 -2.63955
 24.8296  24.8296  24.8296  28.7982 -46.8857  291.137 -661.744  44.8425
 30.1563  30.1563  30.1563  21.1305  -58.217  285.973 -642.047 -14.1708
 10.1316  10.1316  10.1316  55.7666 -22.2346  304.504 -661.728  46.1936
 1.33151 -18.3138  18.3138  39.5632 -18.4574  241.966 -465.269 -49.9191
-16.8887 -38.7562  38.7562  31.2603  35.5947  35.5947 -226.485 -29.3022
 -11.575  12.5888  12.5888 -57.7665 -53.7733  206.254
