-43.0543 -43.0543  43.0543  -44.337  19.0895  424.796 -883.098  78.8072
-33.6784 -33.6784  33.6784 -47.2143  -27.241  448.273 -924.819 -14.7989
-15.2114 -31.3847  56.4884 -22.4753  13.4231  239.288 -772.077  70.1805
     -10      -10       10 -30.0992 -19.1275  318.075 -632.465 -5.67532
     -10      -10       10 -25.3913 -11.0841  307.467 -605.781  28.0555
     -10 -7.22624       10 -24.0746 -16.3497  308.611 -591.471  4.84011
     -10       10       10 -21.0094 -33.7344  307.186 -586.287  10.7514
     -10       10       10 -18.0885 -34.9135  307.528 -584.267  20.5994
-11.2143  7.80903  20.0469 -16.5719 -33.5292  298.359 -595.883 -10.8813
-13.1515  3.41263  44.4946 -15.3559 -29.0276   251.03 -591.329  26.5743
 -14.735  2.30232  68.2129 -12.2817 -23.9208  199.305 -590.397 -91.7644
-12.0411  9.05749   81.253 -16.3441 -36.3004  215.102  -662.35  35.7193
-13.2694  21.0928   92.417 -13.7952 -50.6016  227.243 -731.583  -13.047
-8.98412  32.8785  103.382  -14.381 -61.0071  215.148 -764.766  46.5605
-10.0834  49.1315  115.377 -13.6112 -79.4825  204.616 -779.448 -1.18873
-9.22998  53.5468  114.624 -7.62347 -77.8539  204.703 -799.612  52.5565
 -23.638  31.0046  119.752   4.6424 -59.5081  202.105 -783.948 -8.11612
-41.8974 -65.2207  84.7258  46.3005  57.3921  227.194 -793.442  71.9458
 -89.6681  -108.584   108.584   81.7594   81.7594   81.7594  -563.795 -0.303095
 -42.019 -54.5494  54.5494  58.7476  58.7476  58.7476 -430.519  36.1406
     -10      -10       10 -50.7258 -25.7382  151.634
