-10.2865  18.2988  18.2988   11.204 -28.1621  140.785 -437.147  125.956
 -30.8116   30.8116   30.8116 -0.610407  -88.3116   270.037  -570.558   19.7146
-15.7231 -20.0504  40.6012 -3.54045  4.18689  284.832 -712.522  50.9169
-7.18068  14.5213  14.5213 -7.27523 -43.3748  310.996 -648.575  9.27704
-1.98106  10.2817  10.2817 -7.06811 -30.8663  311.055 -641.269  38.0533
-0.464822        10        10  -6.39954  -33.4852   308.178  -626.821    19.288
0.586594       10       10 -4.45969 -32.5298  309.084 -628.275  21.3996
  0.9097       10       10 -1.88443 -33.3958  308.762 -627.068  30.6129
  1.3817  9.32209       10  0.50646 -33.9924  308.879 -626.877 0.424672
 3.20762 -3.08232       10  2.07887 -22.4376  289.579 -593.149  38.6713
 4.57806      -10       10  2.83676 -11.9827  273.362 -560.792 -75.7164
 5.81176      -10       10  3.35558  -14.455  291.255 -586.998  45.0267
 8.56014 -10.6406  10.6406  1.45777 -14.0501  310.875 -611.838 -21.5338
 15.9735 -15.9735  15.9735 -5.21405  -4.2574  305.278  -611.69  44.7012
 19.4344 -25.8437  25.8437 -10.3274  2.23149  294.677 -605.541 -33.7657
 30.5485 -30.5485  30.5485 -20.8695   14.649  286.879 -598.095  45.1184
 14.4636 -37.0724  37.0724 -7.81482  10.4432  270.967 -561.624 -72.5648
 7.41668  -24.899   24.899  2.87798  14.1844  296.244 -557.399   56.035
  2.4389  10.0895  10.0895  9.70353 -67.9909  425.264 -663.463 -167.448
-4.15649  46.2881  46.2881  9.67623 -61.4104  378.442 -677.878  15.9481
  16.056   16.056   16.056 -98.3141 -58.4265  194.466
