-28.7361   41.146   41.146  39.6861 -49.3772  49.3772 -345.768  122.128
-70.5147  70.5147  70.5147  51.2232 -129.623  149.247 -456.841   15.002
-18.9739 -1.71849  50.2587  16.0496 -13.6542  259.751 -683.128  45.4094
-10.0753  10.0753  10.0753  16.9071 -43.6418  314.336 -642.326  10.2516
-4.25748       10       10  13.7009 -35.4922   314.59 -648.054  40.1528
 1.88787       10       10  9.58196 -38.4769  311.923 -640.253  20.6387
      10       10       10  3.61658 -36.6743  312.316 -641.723  23.3684
 7.09842       10       10  8.88826 -36.0995  309.961 -639.745  31.6716
 6.04793      -10       10  12.3844 -14.7302  308.606 -638.773  2.34615
      10      -10       10  10.9117 -11.5689  288.025  -609.49  41.3253
      10      -10       10  12.1913 -6.74252  268.011 -576.082 -67.3311
 12.3026 -12.3026  12.3026  10.4302 -7.86853  284.291 -600.935  46.8499
 18.6264 -18.6264  18.6264  3.22542 -5.50603  299.061 -628.581 -23.4249
 36.9973 -36.9973  36.9973 -18.6211  15.4293  279.041 -636.889  46.4736
 43.9073 -57.5428  57.5428 -29.8093  30.3893  257.898 -642.085 -43.8041
  44.039 -76.6457  76.6457 -35.1728  56.6455  237.644 -643.131  48.7288
 34.0682 -85.5117  85.5117 -28.0282  52.0367  223.372  -617.52 -96.2384
 20.5803 -74.4651  74.4651 -16.0266  55.6699    259.6 -606.484   61.655
  11.759  47.0941  57.7003  7.38251 -119.231   465.33 -845.445 -221.698
-10.9294  103.964  103.964  18.9129 -123.338  439.691 -914.119  18.8413
   31.39    31.39    31.39 -107.368 -67.8794  168.189
