-15.3291  33.5147  33.5147  27.0847 -41.5663  41.5663 -336.166  124.052
 -48.114   48.114   48.114  17.1585 -104.048  211.571  -503.28  15.3405
-19.2553 -19.9278  39.0691  1.51532  5.19182  287.343 -703.162    46.36
 -10.9173   10.9173   10.9173 -0.266593  -42.1119   312.888  -639.133   12.2301
-7.61558       10       10 0.684182 -33.3732   309.85 -638.334  38.7556
-4.85309       10       10 0.023044 -36.6058  308.543 -629.708  20.9106
-2.62398       10       10 0.281844 -35.0912  311.502 -634.496  21.6344
-0.629368        10        10   1.17704  -35.1838   310.818  -634.327   31.9462
 1.17414       10       10  2.12479 -34.8743  309.969 -633.603  1.02366
 3.71984      -10       10  3.87754 -12.5627  288.691 -602.898  41.9144
 6.75437      -10       10  2.63164 -8.17215  271.054 -568.717 -70.5521
      10      -10       10 0.520902  -11.436  288.112 -591.308  49.4999
 12.2782 -12.2782  12.2782 -2.56288 -12.2691  306.988 -613.432 -24.1872
 21.1876 -31.0948  31.0948 -14.5499  10.1895  288.113 -624.965  48.4554
 24.7286 -48.1812  48.1812 -21.6785  22.2488  273.057 -629.198 -44.8499
 24.4645 -63.0807  63.0807 -24.7669  45.1167  256.517 -627.295  47.4457
 18.3713 -70.0248  70.0248 -21.4276  38.7286  236.563 -585.775 -96.5497
 8.57345 -56.1976  56.1976 -12.7901  39.8042  261.756 -552.008  60.1392
-0.584761   34.5121   34.5121   4.34069  -105.528    456.37  -760.076  -213.169
-14.7124  85.6206  85.6206  8.27547 -105.072  446.175 -865.717  28.6336
 15.2607  15.2607  15.2607 -98.2676 -53.7648  196.704
