     -10      -10       10  25.1195 -2.20627  281.901 -617.933  127.347
     -10       10       10  17.5196  -74.182  340.591 -651.601  18.8692
 -1.3646 -28.7698  28.7698  19.1771  10.7272  297.399 -698.297  58.2275
 7.48969  11.6547  11.6547  12.3537 -40.1351  309.324 -643.182  5.56151
 10.0951  10.0951  10.0951  13.9449 -29.3431  311.094 -646.982  36.9102
      10       10       10  15.8283 -31.7069  308.961 -637.005  16.3593
      10       10       10  18.7659 -30.7008  309.386 -639.167    20.62
      10       10       10  21.3093  -32.044  308.471 -637.696  28.8096
      10       10       10  23.8139 -33.8988  307.958 -637.107 0.126155
      10       10       10  24.4449  -36.177  286.165 -598.681  35.4829
      10      -10       10  25.3064 -14.0618  262.343 -559.275 -74.5117
      10 -6.80372       10  28.3558 -19.2249  286.013 -592.778  38.9418
      10 -9.05985       10  31.7666 -15.7997  307.715 -623.102 -16.1137
      10      -10       10  33.6683 -10.8571  306.606 -617.772  38.4957
      10      -10       10   34.027 -12.8938  306.118 -603.129 -20.0489
      10      -10       10  35.8823   -6.603  304.074 -596.241   36.921
      10      -10       10  33.4364 -14.9418  301.277 -561.111 -46.8729
       10       -10        10   38.2203 -0.218454    308.19  -579.974   39.2354
      10      -10       10   35.694 -39.8224  368.831 -589.573 -112.468
      10 0.992775       10  29.0684  -14.462  296.136 -476.545 -6.18871
 11.8469  11.8469  11.8469 -77.1207 -58.2473  204.026
