 10.0156 -10.0156  10.0156  6.51126  0.45801  10.1766 -270.583   130.38
     -10      -10       10 -62.3972 -42.2308  298.136 -403.338 -17.1104
 -19.762 -20.5969  61.8689 -43.9285  3.39684  239.414 -657.401  21.3513
     -10      -10       10 -45.7592 -21.0764  320.808 -589.436 -15.6012
     -10      -10       10 -38.2101 -13.0381  308.869  -590.48  23.0424
     -10 -9.04324       10 -33.8245 -16.6352  305.542 -588.519  5.70367
     -10 0.283393       10 -29.8919 -24.7186  307.561 -601.993   13.989
-9.80107  4.06117       10 -24.9659 -28.8535  306.403 -614.024  26.5305
  -9.339  6.22314       10 -20.6027 -30.9975   307.73 -630.369  1.55236
-6.39069 -5.12019       10 -14.1819 -18.0845  285.464 -616.175  45.5157
 -1.9806      -10       10 -10.2726 -8.85832  259.414 -588.698 -59.6796
-1.09651      -10       10 -15.0346  -12.039  287.112 -610.461  53.2402
 3.81323      -10       10 -24.0756 -14.3354  310.993 -619.871  -15.563
 12.8045 -17.9456  17.9456 -34.7205 -2.72092   302.72 -611.173  47.3953
 18.2411 -36.0305  36.0305 -44.4382  11.5516   283.18 -606.654 -35.3756
 18.5717  -47.717   47.717 -47.6798  30.9449  268.271 -594.572   40.239
 10.6994 -47.9184  47.9184 -41.4174  19.1244  254.748 -535.071 -85.2929
-2.90208 -22.7373  22.7373 -28.3148  9.03652  296.118 -491.136  40.5744
-25.3111  25.3111  25.3111 -21.7947 -93.9066  456.516 -687.817 -206.673
-48.7505  89.4139  89.4139 -13.2693 -109.287  464.567 -886.544  14.6443
-4.43333      -10       10 -62.8255 -31.6183  157.429
