-21.9064  34.8979  34.8979  38.8039 -38.8039  38.8039 -328.337  133.052
-83.9972  83.9972  83.9972  65.6475 -141.415  141.415 -505.329  22.2059
-39.2341  13.5495  65.9095  38.5718 -27.9775  253.008 -740.057  48.3202
-18.6103  18.6103  18.6103  29.6214 -52.9208  304.305 -672.089  20.5585
     -10       10       10  25.6877 -35.4427  311.082 -662.046  44.8373
     -10       10       10  26.7376 -38.4793   309.89 -649.455   26.625
-5.07235       10       10  23.7903 -36.4859  311.537 -649.964  25.2647
 3.22951       10       10  17.6345 -36.0657  309.862 -645.666  35.0134
      10       10       10  12.5895  -35.424  308.082 -639.224   1.8477
      10      -10       10  14.3953  -12.057  288.356 -605.268  41.1454
      10      -10       10  13.9418 -7.28462  276.351 -573.619 -72.0796
      10      -10       10  16.7066 -10.6487  288.792 -594.499  47.5586
 14.1313 -14.1313  14.1313  12.9441 -11.2701  303.824 -618.494 -29.5636
  35.984  -35.984   35.984  -12.387  14.0362  281.669 -635.442  50.6497
 43.7823 -57.3106  57.3106 -23.8499  29.4653  262.121 -647.832 -52.5019
 43.5611 -78.6999  78.6999 -29.0645  59.1477  241.691 -653.853  55.8393
 37.1151 -89.8584  89.8584 -25.2293  56.6401   218.87 -626.855  -109.03
 23.6322 -83.2004  83.2004 -15.0826  65.5821  234.702 -591.162  75.8682
 14.7937  31.0988  73.7741  12.9102 -103.577  430.519 -849.467  -227.39
-0.993331   111.159   111.159   21.4701  -129.482   453.782  -951.577   31.2976
 48.7633  48.7633  48.7633 -132.451 -84.4721  153.389
