     -10      -10       10   2.5379 -3.55338   319.44  -690.75  108.396
-9.42018  2.68365       10 -6.88944 -66.8628  349.067  -669.44  40.1705
 1.19458 -26.3425  34.8823 -5.67395  8.49166  286.637 -702.603  50.8459
 10.3636  15.4203  15.4203 -12.4217 -43.6987  309.922 -652.681  13.4845
 11.9526  11.9526  11.9526 -8.63341 -31.2495  308.897 -644.621  33.7105
 10.7986  10.7986  10.7986 -5.38731 -32.3458  310.266 -633.071  20.0954
      10       10       10 -1.27592 -30.8739  310.338 -629.337  18.1669
      10       10       10   1.3732 -32.1013  308.827  -623.21   28.914
       10        10        10   4.14618  -33.7179   308.517   -620.59 -0.414202
      10  1.73866       10  6.57297 -27.1724  287.701 -583.126  31.5745
      10  -6.9081       10  8.68618 -16.2616  243.964 -511.428 -73.4212
      10 -6.23802       10   11.819  -19.261  287.051 -578.398  36.0724
      10 -5.08405       10  14.7362 -19.8609  309.636 -610.086 -14.7043
      10 -2.85712       10  17.5841 -18.5563   306.04 -603.551  39.2383
      10 -8.10129       10   19.225   -15.49  312.797 -602.416 -18.7717
      10      -10       10  22.7416 -7.71021  306.196 -595.525  39.0158
      10      -10       10  21.9759  -15.626  313.588  -579.52 -42.3544
      10      -10       10   25.868 0.354168  302.908 -570.335  36.4804
      10      -10       10  18.7672 -39.2142  335.114 -538.752 -99.5928
      10       10       10  20.4595 -21.0699  310.298 -503.759 -33.5861
  10.197   13.655   13.655 -86.9168  -57.721  195.205
