-29.3915 -29.3915  29.3915 -49.8392  5.64331   431.38 -836.523  83.4858
-22.7274 -22.7274  22.7274 -52.8537 -40.9208  452.703 -867.836 -22.6726
-14.5876 -34.8897   52.637 -23.5262  14.6063   250.27 -733.094  67.8292
     -10      -10       10 -27.7009 -19.9837  314.387 -618.295 -9.15994
     -10 -9.80942       10 -22.8361 -11.4515  306.946 -604.805  31.0132
     -10       10       10 -21.6928  -33.846  307.091 -590.977  4.06674
-9.49442       10       10 -19.4271 -32.7776  308.981 -591.864  12.6878
-8.10746 -0.49846       10 -18.0369 -23.2675  308.204 -586.977  20.8425
-8.07617  10.6931  10.6931 -16.0077 -35.5841  309.271 -587.397 -8.57883
-9.06797 0.089241  31.1297 -14.8271 -25.3123  263.806 -572.989  28.4814
-10.6893  1.69391  50.0464 -10.5006 -23.5019  214.364  -562.16 -88.7493
-10.6994  8.78707  59.5461 -12.0981  -35.735  235.265 -625.671  36.3116
-6.74427  19.7126  67.3194 -15.0191 -48.6879  251.896  -685.68 -12.7469
-6.00348  31.2179  76.0935 -12.6098 -58.7886  243.093 -711.475  45.5355
-3.73589  44.1508  85.0969 -14.9302  -73.977  236.572 -722.649 -2.23256
-4.09743  49.2713  83.0918   -8.318 -73.1264  238.186 -736.824  49.0728
-16.3455  32.7202  86.8487  2.05603 -61.2878  235.109 -718.498 -10.8123
-28.5157 -45.3378  58.9582  34.4518  36.7605  260.118 -740.038    63.65
-79.0314 -110.658  110.658   67.471  82.8396  82.8396 -543.029 -13.4798
-54.5438 -63.0364  63.0364  64.7743  64.7743  64.7743 -427.928  27.1073
     -10      -10       10 -57.3556 -29.9508  163.822
