-8.15276  20.7724  20.7724  25.0515 -25.0515  25.0515 -224.139  124.246
-67.3496  67.3496  67.3496  52.8663 -126.926  126.926 -395.163   5.5372
-26.9689  5.00946  54.1349  26.1519 -21.1843  253.229 -664.817  43.6043
     -10       10       10  24.2948 -46.2886  315.386 -648.628  11.9199
     -10       10       10  25.6552 -37.3363  314.669 -647.242  43.1404
     -10       10       10  28.2566 -40.0993   309.34 -637.765  21.8591
      10       10       10  10.1395  -37.869  310.644 -639.238  25.3339
     -10       10       10  32.4597 -37.1143  308.748  -637.61   31.626
     -10      -10       10  34.8338 -15.5745  307.211 -635.932  4.25677
      10      -10       10  16.8711 -10.9059  289.855 -611.446  40.8241
      10      -10       10   16.751 -5.84669  276.151 -581.668 -62.3454
      10      -10       10  19.1659 -9.33746  289.365 -601.447  49.5395
      10      -10       10  20.3023  -15.186  308.412 -619.372 -29.0879
   42.12   -42.12    42.12 -18.7039  19.4054  275.719 -640.971  53.7667
 70.8098 -70.8098  70.8098 -51.6941  40.9719  247.161 -662.674  -59.193
 65.0076 -110.514  110.514  -57.333  88.9033  205.739 -675.784  62.5784
 49.8176 -137.603  137.603  -44.682  101.369  167.325  -681.73 -122.917
 19.7657 -108.416   185.11 -31.5292  88.5855  141.822 -715.248  88.0085
-5.07078  66.4553  217.079  12.2261 -140.687  305.405  -1066.3 -257.401
-34.4861  242.784  242.784  31.3626 -262.781  363.386 -1168.24  19.2489
 37.8237  37.8237  37.8237 -117.006 -72.6815  160.885
