-9.28799  25.6382  25.6382  23.3142  -33.181   33.181 -285.718  127.053
-43.1069  43.1069  43.1069  15.1904 -100.363  183.039 -416.061  6.20313
 -16.8732  -15.0934   40.4422   -1.9253 -0.489665   275.253   -666.49    41.547
     -10       10       10 -1.15347 -43.4809  317.735  -632.31  5.12266
-8.87745       10       10  1.81735 -35.1627  314.235 -635.729  37.6536
 -3.81916        10        10 -0.172541  -37.7821   309.854  -626.725   18.2643
-1.14627       10       10 0.155223 -35.8331  310.958 -631.637  22.8563
-0.711838   8.63606        10   3.35612  -34.1461   308.914   -633.78   31.8839
 1.30853  4.20234       10  4.73844 -28.6163  307.836  -636.83  4.63493
 5.89374      -10       10  5.07761 -11.0015   287.03 -612.738  44.2751
      10      -10       10  3.45264 -6.09897    266.9 -579.149 -63.8479
      10      -10       10  3.59546 -9.74628  288.561 -603.316  50.8782
  14.726  -14.726   14.726 -3.16574 -9.83103  305.633  -623.43 -22.8356
 35.8947 -35.8947  35.8947 -28.7505  14.1813  283.286 -630.842  48.0879
 41.9905 -58.3553  58.3553  -39.527  30.7933  259.768 -634.915 -49.3191
  39.911 -80.5952  80.5952 -43.7979  61.4766  234.159 -631.136  48.4284
 28.9458  -91.389   91.389 -35.8062  58.4106  214.284 -600.946  -108.76
 8.86104 -78.4084  87.1084 -20.6311  62.0266  244.069 -590.372  58.1815
 -7.0289  55.2434  93.2377  1.02882 -127.698  425.229 -859.682   -246.5
-27.5896  135.878  135.878  12.9682  -154.61  429.439 -969.511  22.8121
 17.2724  17.2724  17.2724   -98.72 -53.0656  188.027
