 5.12989 0.793584       10       10      -10       10  -247.98  121.195
     -10      -10       10  -42.632 -42.5708  179.653 -202.446 -25.2678
-19.6726 -15.2499  62.1799 -52.9417 -2.03819  222.077 -601.253  17.8905
     -10      -10       10 -56.8113 -28.6023  320.888 -568.604 -18.5749
     -10      -10       10 -49.0661   -18.33  307.677 -568.301  23.5387
 1.72675      -10       10 -55.5052 -21.3539  304.591 -570.091  2.22278
-3.94027      -10       10  -45.956 -18.7466  308.241 -587.524  13.1973
-8.19286       10       10 -35.4009 -38.5944  304.902 -601.088  24.1031
     -10      -10       10 -27.1001 -15.6787  304.687 -620.764  3.46894
     -10      -10       10  -16.604 -10.1573   286.53 -620.729  48.2787
     -10      -10       10 -8.71498  -4.3662  268.844 -606.678 -46.4255
     -10      -10       10 -11.4416  -9.0445    288.1 -617.904  60.0853
     -10      -10       10 -16.2346 -16.2856  307.826 -615.723 -20.1341
 33.1199 -33.1199  33.1199 -65.3576  10.0036  283.859 -619.022  56.3814
 64.7862 -64.7862  64.7862 -103.496  35.8225  252.329 -634.992  -55.644
 66.6194 -96.5525  96.5525 -116.082   77.408  220.841  -637.62  57.7033
 43.5738 -108.378  108.378 -92.6881   74.382  191.847 -599.228  -129.29
-0.571155  -96.0336   96.0336  -60.5607   81.2722   221.605  -537.846   70.4714
-60.9508  110.787  110.787 -15.7139 -195.524   414.32 -863.797 -281.218
-117.637  204.969  204.969  4.48538   -229.7  474.234 -1203.29  27.1447
      10      -10       10 -80.5066 -25.8667  145.419
