        10 -0.0774287         10    9.54803        -10         10   -249.382    126.863
     -10 -1.62906       10 -53.4936 -54.5719  281.748 -375.197 -18.5458
-14.5321 -11.8898  50.0877   -40.22 -6.03706  259.508 -635.734  21.8613
     -10      -10       10 -36.3308 -21.2643  315.277 -579.386 -12.1585
     -10      -10       10 -29.5955 -12.7955  308.218 -590.059  24.1575
     -10 -4.80068       10 -25.7608 -20.6998  307.296 -592.345  7.46793
     -10  3.41774       10 -21.6475 -27.5502  310.125 -609.146  14.5949
-8.60486  6.80431       10  -17.736 -31.0014  308.539  -621.62   28.949
-6.87654       10       10 -14.3102 -33.7344  308.893 -638.105  2.53405
-1.92057      -10       10 -9.92691 -10.8651  286.015 -624.564  49.7391
 5.59267      -10       10 -9.66454 -6.08974  260.064 -598.472 -58.4042
      10      -10       10 -17.7673 -10.4152  287.056 -618.143  58.1173
      10      -10       10 -22.2806 -14.6881  310.909 -623.884  -16.328
 24.3854 -24.7322  24.7322 -40.2065  3.74621  294.903 -620.042  49.8891
 28.0494  -47.855   47.855 -50.1474  22.4051  272.559 -620.731 -41.7672
 26.9912 -64.3887  64.3887 -54.0967  48.0749  254.191 -612.597  39.9761
 18.4057 -66.1113  66.1113 -48.1041   37.136  238.943 -552.047 -104.364
 1.83367 -40.1769  40.1769 -34.0795  27.2344  274.023 -482.832  37.2176
-25.9325  25.9325  25.9325  -14.581 -96.0364  462.493 -684.624 -252.898
-48.3764  100.002  100.002 -8.69248 -120.961  473.308 -913.941  18.9672
-3.90457       10       10 -73.8907 -50.6818   178.81
