-33.7085 -33.7085  33.7085  -19.855   10.947  418.207 -863.483  106.759
-26.7305 -26.7305  26.7305 -18.4607 -35.9304  419.998 -861.211  8.58775
-20.2867 -40.6675  40.6675  -1.3609  18.9359  277.697 -715.802  68.8455
       -10        -10         10   -9.07298   -17.4953    311.087   -622.964 -0.0976584
 -5.6324  7.53074       10 -10.3578 -27.5404  310.508 -616.687  32.0061
-2.91875       10       10  -10.958  -32.284  308.751 -603.654  10.2834
-1.69655       10       10 -9.00242 -31.9813  309.077 -602.596  14.5425
 -2.1503       10       10 -5.84879 -33.1591  308.337 -597.273  24.4095
-2.24522       10       10 -3.23577 -34.4495  309.208 -594.495 -7.70217
-2.18711 -2.21663  22.8779 -2.86163  -22.801  272.257 -565.881  29.8473
-1.32604 -5.29444  34.6252 -1.63663 -16.2726   231.96 -539.944 -89.5376
0.334974  -1.2754  36.8564  -1.5451 -24.9964  259.733 -592.186  36.2751
  3.46155   6.74274   38.3973 -0.929549  -34.4779   283.761  -643.919  -14.2345
 6.51628  13.1815  42.3283 0.262913  -38.943  279.539 -660.031  44.2409
 7.94421  24.3356  47.9336  0.12138 -52.4798  274.264 -663.999 -4.36866
 10.2238  31.1099  44.8465  4.32991 -53.4011  274.638 -672.177  49.2786
 6.65291  31.9758  48.9755  6.32704 -59.8887  271.715 -655.994 -14.0326
 7.51708 0.571097   25.483  22.1671 -10.7914   301.21 -683.692  58.0036
 -15.835 -67.3614  67.3614  22.4772  34.6087  165.029 -503.793 -43.2728
-23.7618 -60.2446  60.2446  33.8451  59.5175  59.5175 -349.574 -5.06238
     -10 -4.75833       10 -65.6186 -37.0598  190.391
