 -62.569   62.569   62.569  66.7504 -71.4683  71.4683 -449.918  87.2281
-84.4442  84.4442  84.4442  65.1306 -159.166  159.166 -511.366  21.8002
-40.8223  23.0533  75.1952  31.5563  -47.376  217.891 -666.258  33.4263
-30.8436  30.8436  30.8436  37.6691 -71.3827  284.095 -661.999  27.4264
      10       10       10   2.9131 -38.4273  313.601 -653.565  41.3806
      10       10       10  5.46516 -39.1063  308.292 -644.373  34.1061
      10       10       10  7.04481 -35.9255  312.656 -649.882  25.2546
      10       10       10  9.92986  -34.588   306.31 -643.998  40.0748
 7.47914       10       10  14.0194 -33.0744  308.829 -645.346  5.98005
      10 -3.65342       10  14.1701  -14.759  286.165 -614.667  43.9937
      10      -10       10  13.5674  -3.4569  251.755 -548.366 -58.1263
 14.2598 -14.2598  14.2598   9.7286 -3.40505  282.119 -598.751  47.9566
 24.0746 -29.6087  29.6087 -2.72785  4.81067  291.188 -636.385 -31.7789
 33.8453 -68.8558  68.8558 -20.5582  45.9945  245.512 -659.223  52.1012
 33.9148 -105.746  105.746 -26.4226  75.5472   217.98 -702.561 -71.0179
 33.7262 -142.112  153.723 -39.1266  120.659  161.627 -717.236  64.2689
 29.2135 -132.066  192.875  -37.923  96.0596  133.372 -773.748  -149.41
-5.36913 -78.3531  245.469 -28.5605   63.032   63.032 -725.702  78.2271
 -36.107  40.5675   294.53  10.2453 -112.476  170.514 -1007.35 -287.317
-49.6014  249.647  249.647  40.7942 -268.778  368.478 -1188.28 -6.09796
 42.8345  55.6228  55.6228  -124.54 -93.9031   124.54
