     -10      -10       10 -44.0503 -9.11265  279.079 -529.658  87.9141
-10.0503 -10.0503  10.0503 -78.6142  -50.141   418.16 -621.798 -50.3341
 -13.913 -17.0944  64.0632 -43.4694  -3.4231  227.181 -669.131  38.4019
     -10      -10       10 -41.6266 -19.1059  318.275  -587.91 -23.5719
     -10      -10       10 -35.7114  -10.167  309.019 -584.455    24.18
     -10      -10       10 -32.3066 -11.1769  306.423 -580.842 0.385263
     -10   1.3042       10 -28.6606 -21.5498  307.466 -592.304  11.3484
     -10  3.53488       10 -24.6303 -25.1048  306.451 -600.726  23.2676
     -10  7.25251       10 -21.4132 -30.6836  309.711 -614.455 -3.42307
     -10       10       10 -14.1645  -36.042  285.183 -589.034  39.2243
-6.25599 0.207052       10 -7.61322 -23.7939  247.498 -554.748 -73.0762
     -10       10       10 -9.85327  -36.942  286.566 -586.276  44.3002
     -10       10       10 -11.8352 -35.9842  312.102 -611.345  -10.886
     -10       10       10 -9.98988 -32.8622  309.906 -599.662  40.8919
     -10  6.08578       10 -9.62054 -30.3369  308.469 -579.981  -11.802
     -10  3.01512       10  -7.1077 -21.4137  307.994  -577.66  35.3814
     -10      -10       10 -7.90538  -14.965  308.107 -554.337 -29.0162
     -10      -10       10 -1.76545 0.490884  313.837 -588.407  37.1583
 -27.539  -27.539   27.539  3.48135 -13.7226  286.087 -518.883 -64.2259
-20.5243 -20.5243  20.5243   12.947  13.2114  249.374 -507.468  30.8871
     -10      -10       10 -46.2335 -38.6902  144.149
