-79.3705 -79.3705  79.3705  70.1304  58.1051  398.686 -989.909  120.244
-67.4332 -67.4332  67.4332  69.1775  2.19087  368.328 -937.687  14.6718
-30.8251 -30.8251  30.8251  48.5386  7.94359  299.963 -732.108   77.857
 -8.6791      -10       10  25.9044 -18.1161   308.26 -634.277 0.131824
      10 -4.22814       10  9.71957 -15.4704  309.858 -630.305  33.9438
      10       10       10  11.0083 -32.3225  308.676 -618.707  7.77822
      10       10       10  13.9583 -31.9591    309.6 -619.337    14.96
      10       10       10  16.3205 -33.5119  308.651 -614.661  21.5065
      10       10       10  18.2655 -35.0335  308.064 -608.242 -6.75696
      10  5.64262       10  18.1438 -31.8632  286.815  -563.22   27.457
 10.0789 -5.68903  10.0789  18.3414 -17.5032  266.645 -523.118 -84.8664
 11.0124  3.40002  11.0124  23.1609 -30.8055  285.311 -570.718  35.6559
 12.9722  12.9722  12.9722  27.3569 -41.0371  304.221 -621.937 -13.3736
 19.0205  19.0205  19.0205  25.1462  -44.475  297.856 -644.595  45.8162
 27.4028  27.4028  27.4028   17.516  -54.913  291.461   -656.6 -5.40573
 30.7868  30.7868  30.7868  18.4431  -52.471  285.622 -673.133  50.3416
 24.7573  35.3001  35.3001   22.145  -62.835  282.178 -654.469 -19.3642
 13.0998  13.0998  13.0998  48.9353 -23.9705  306.208 -675.928   56.152
-1.69398 -44.7144  44.7144   33.505    9.691   199.53 -488.045  -54.226
-14.2832 -47.2231  47.2231  29.4263  42.9559  42.9559 -271.992 -11.4121
 -5.2795  11.6166  11.6166 -60.1644 -56.4729   205.62
