 5.08542  11.6412  11.6412  13.9592 -13.9592  13.9592 -176.416  129.999
-69.1419  69.1419  69.1419  51.7143 -128.347  128.347 -390.041 -3.14655
-31.8504  17.2135  64.7742  26.8931 -34.2618  250.347 -681.213  38.2577
     -10       10       10  24.1012 -48.0028  315.404 -645.755  14.3108
     -10       10       10  26.4219 -38.5874  308.979 -639.372  41.8107
     -10       10       10  29.0631 -40.8049   308.58  -638.22  24.4054
      10       10       10  11.2978 -38.6665  312.739 -645.405   23.974
 3.60013       10       10  20.4793 -37.3524  310.163 -644.682  36.0356
      10       10       10  16.4259 -35.6619  307.517 -641.847  2.87862
      10      -10       10  18.5165 -9.28065  288.015 -613.804   45.084
      10      -10       10  18.3791 -3.60735   275.13 -585.239 -64.9746
      10      -10       10  20.6571 -8.08691  287.977 -602.633  53.1447
 10.1239 -10.1239  10.1239  21.6135 -16.5211  307.466 -618.852 -32.7229
 44.9776 -44.9776  44.9776 -20.4576   20.983  271.206 -643.393  57.9258
 69.6956 -76.5404  76.5404 -49.9633  45.0392  241.618 -670.676 -64.9595
 65.3015  -115.39   115.39 -56.9714  93.5097  205.216 -687.423  69.3509
 47.7881 -138.172  138.172 -41.2226  102.389  169.913 -686.796 -135.503
 16.5402  -121.99  167.403 -26.1352  105.276  150.787 -667.612  95.8185
-7.18691  74.8771  198.959  18.5948 -147.791  318.979 -1027.36 -281.616
-37.5771  222.694  222.694  43.6052 -240.814  407.845 -1175.22  28.4445
 48.0672  48.0672  48.0672 -133.162 -81.7896  155.022
