-57.1982  69.6154  69.6154  70.7548 -76.6313  76.6313 -483.802  127.024
-98.8568  98.8568  98.8568   92.392 -159.191  162.177 -594.152  21.2925
-30.2919  10.8959  61.9776  49.4844 -25.8403  263.719 -751.338  55.0933
-15.8764   18.049   18.049  44.7839 -50.4651  302.257 -674.119  19.1857
-6.89279       10       10  39.8269  -33.509  309.712 -666.606  45.8058
 1.37021       10       10  32.2609 -36.3645  308.284  -655.13  25.1257
      10       10       10  25.2886  -34.583  310.568 -656.536  25.3757
      10       10       10  26.7305 -34.6941  309.191 -651.397  33.1496
      10  2.46295       10  28.0719 -27.2711  306.917  -644.13  1.82842
      10      -10       10   28.377 -13.7789  286.285 -607.652  37.8153
      10      -10       10  27.4806 -9.64352  265.922 -567.737 -72.2644
      10      -10       10    30.11 -12.2721  285.059 -594.942  40.6225
 10.1674 -10.1674  10.1674  32.1773 -13.7791  306.156 -621.099 -22.2335
 28.6883 -28.6883  28.6883  10.6505  7.97253  287.168 -634.014  39.8301
 45.0084 -45.0084  45.0084 -8.77545  20.1476  271.648 -639.367 -35.8228
  59.179  -59.179   59.179 -25.7951  40.5555   259.35  -645.04  39.1179
 45.5775 -70.5771  70.5771 -17.1257  39.5434  237.061 -611.997 -77.5896
 31.3079   -60.76    60.76 -2.05517  41.9304  256.219 -590.791  48.2919
 20.6248 -20.6248  20.6248  34.5597  -49.228  460.551 -758.534 -165.371
 13.0058  50.0863  50.0863  36.0209 -69.3405  443.075 -793.348  15.7845
 48.7621  48.7621  48.7621 -123.742  -89.924  160.687
