 9.79036       10       10  10.0161 -10.0161  10.0161 -181.063  134.688
-49.1034  49.1034  49.1034  24.9773 -111.394  111.394  -286.63 -16.1901
 -25.6633  0.963685    50.645 -0.632086  -18.2469   264.185  -635.817   33.2969
     -10       10       10  1.39374 -49.8373  316.093 -623.274  4.62407
     -10       10       10  5.02334 -39.1093  310.958 -622.121  38.1408
     -10       10       10  9.44713 -41.4749  309.411 -624.112  20.0704
     -10       10       10   12.756 -39.1532   313.43 -634.733    23.24
     -10       10       10  17.4861 -37.6185  309.895 -638.628   36.756
     -10       10       10  21.4694 -35.3162  307.396 -641.219  4.82693
     -10      -10       10  26.3048 -7.04923  288.776 -622.402  51.6409
      10      -10       10  7.58893 -1.01041  278.362 -599.859 -59.1278
      10      -10       10  9.43224 -6.53273  290.455 -612.646  63.5606
 10.2828 -10.2828  10.2828  8.63616 -17.8445   309.33  -619.07 -36.4134
  45.295  -45.295   45.295 -34.5882  20.5338  272.685  -635.32  68.4032
 82.2051 -82.2051  82.2051  -77.245  48.2497  236.761 -662.582 -82.4063
  64.453 -133.585  133.585 -75.9908  112.228  184.476 -674.502  82.2711
 39.4322 -164.393  164.393 -52.0293   127.75  140.177  -684.96 -175.334
 4.31369 -117.216  216.282 -43.8205  103.824  103.824 -671.894  110.134
-25.8578  89.2413  260.947  3.29359  -164.79  262.787 -1066.82  -358.18
 -59.197  274.721  274.721  31.5225  -291.75  395.432 -1259.02  47.2804
 29.4368  29.4368  29.4368 -120.787 -60.3312  177.146
