-41.2228 -41.2228  41.2228   18.259  22.7722  354.189 -810.262  120.409
-32.4044 -32.4044  32.4044  10.9895 -30.9752  382.932 -810.076  14.7392
-19.4193 -33.0881  33.0881  15.6003  12.2971  294.883 -712.582  65.8596
-6.02915 -3.15798       10  4.45475 -24.9517  309.986 -626.047  2.61518
 1.36238       10       10 0.555146 -29.5187  310.023 -625.246  33.4204
 6.06042       10       10 -1.83528 -31.8934   309.13 -616.264  11.9112
 6.21265       10       10  1.37652 -31.2963  310.756 -619.126  16.3228
 7.00686       10       10  3.52193 -32.5556  310.267 -616.553  25.7618
 6.16553       10       10  7.27966 -34.2049  309.402 -613.903 -4.50004
 8.34166  3.07124       10  7.26535  -28.721  285.642 -570.998  33.0054
      10 -3.58658       10  8.35736 -19.2748   259.18 -530.406 -82.1235
 9.15043 -0.71173       10  12.3883 -25.5954  284.906 -571.087  38.9772
      10  4.65445       10  15.5477 -31.2274  309.039 -611.414 -14.1121
 12.6395  6.45517  12.6395   16.357 -30.1022  306.418 -619.957   43.095
 16.6457  8.62231  17.3593  13.2866 -34.3447   303.59 -620.589 -11.2918
 17.6293  9.18247  17.6293  16.6409 -28.7424  302.121 -626.483  43.3335
 17.4042  9.85208  21.2126  14.7601   -36.23  296.225 -600.262 -30.5798
      10  1.30334       10  32.2025  -11.452  307.323 -612.798  46.0684
 2.69747 -24.7555  26.3609  22.2833 -15.4565  261.841 -496.222 -79.3535
-3.76283 -24.3302  37.7331  21.4045  17.5065  146.907 -363.586 -14.3855
-7.09152  7.94236       10 -66.9981 -53.3937  204.008
