     -10      -10       10 -34.6787  -7.3628  228.612 -497.401  98.7577
-10.3543 -10.3543  10.3543 -83.8246 -48.5544  402.205 -589.901 -43.4207
-11.7685  -13.578  66.5727 -52.0926 -6.69609  224.565 -664.655  35.3968
     -10      -10       10 -47.2579 -18.1551   316.37 -581.272 -23.6139
     -10      -10       10 -40.5594 -9.74601   306.39 -580.154  25.7516
     -10 -8.92435       10 -37.1039 -12.1955    305.5  -580.54 0.273264
     -10 -1.85239       10 -33.3807 -18.2392  306.956 -591.755  13.7896
     -10  2.16113       10 -29.3436 -23.6909  306.273 -599.205  22.1849
     -10  7.91088       10 -25.7856 -31.3543  308.536 -611.612 -1.01882
     -10  6.92229       10  -18.259  -33.368  285.914 -587.407  37.3034
-6.20054  2.19662       10 -11.8674 -26.7928  252.305 -556.156 -69.2741
-8.86034  5.81264       10 -14.6973 -32.7513  287.081 -584.963  42.4437
-9.01987  6.32509       10 -16.8089 -31.6054  310.867 -606.809 -10.2089
-7.24611  0.86301       10 -16.8379 -22.6884   309.06 -594.279   38.403
-6.66572 -3.46987       10 -17.0286 -19.6964  309.693  -579.16 -11.6981
-6.58548 -9.52152       10 -14.6624 -8.05832  309.458 -575.764  33.2784
-9.64763      -10       10 -12.3248 -14.8601  305.777 -545.472 -30.3463
     -10      -10       10 -6.97495  0.42111  312.572 -573.141  32.8228
     -10      -10       10 -18.4929 -36.3915  333.094 -524.667 -71.0218
       -10        -10         10   -7.92168 -0.0674198    307.497   -522.749    17.2895
     -10      -10       10 -47.9135 -39.1261  140.807
