 77.7576  77.7576  77.7576 -76.5368 -89.8708  89.8708 -528.132  123.655
-23.7081  23.7081  23.7081  18.6653 -83.8354  310.586 -627.997   22.883
-11.7414 -15.4583  41.8668  18.9278  -1.7984  282.736 -720.021  56.2844
 -13.788   13.788   13.788   24.987 -42.9903  309.025 -651.178  11.9083
      10       10       10  5.52651 -30.8053  310.415 -648.616  38.8703
      10       10       10   6.5359 -32.7814  309.812 -637.851  19.0727
      10       10       10  8.78376 -31.7226  310.411 -638.065  20.8194
      10       10       10  10.6726 -32.6806  309.869 -634.564  29.4086
       10       -10        10   13.4169  -13.8904   308.578  -633.499 -0.500346
      10       10       10  14.4538 -35.0651  287.105 -596.908  36.2948
      10      -10       10  16.5726 -12.4385  260.353 -557.747  -74.623
      10      -10       10   17.971 -14.3128   286.65 -590.087  40.2489
      10      -10       10   19.914 -14.2437  308.887 -618.122 -18.1972
 13.8387 -13.8387  13.8387  16.6508  -6.9433   304.04 -615.382  39.6136
 22.1513 -22.1513  22.1513  7.12352 -1.04611  295.999 -612.466 -24.9085
 28.7845 -28.7845  28.7845 0.116615  12.0528  288.338 -610.117  36.9392
  32.571  -32.571   32.571 -6.47274  6.33333  277.149  -575.77 -56.0626
 21.6867 -21.6867  21.6867   9.2717  9.80971  298.747 -577.557  43.0169
      10      -10       10  25.6762 -46.2744  418.307 -664.049 -130.491
       10        10        10   24.1134  -27.5086   397.669  -617.472 -0.747386
 22.5565  22.5565  22.5565 -93.0305 -67.5452  187.634
