  5.5826  14.9302  14.9302  14.0757 -14.0757  14.0757 -191.327  137.444
-66.3356  66.3356  66.3356  59.8044 -124.188  124.188 -409.478  9.34524
-44.3491  40.4873  90.5772  47.0704 -58.1955   207.56 -716.677  51.6866
-46.4632  46.4632  46.4632  67.0071 -86.2736  276.807 -725.157  20.0545
      10       10       10  19.6243 -39.6966  315.329 -680.873   54.124
      10       10       10  20.6708 -41.9893  307.705 -658.717  29.2283
     -10       10       10  41.8265 -39.3477  310.537 -657.003   30.481
      10       10       10  24.0968  -37.976  308.878 -654.371  36.2997
      10       10       10  25.5169 -35.5444  306.891 -647.347  5.05583
      10      -10       10  26.1671 -9.19298  287.589 -613.604   42.055
      10      -10       10  24.9631 -3.42014  273.276 -578.261 -65.9868
      10      -10       10  27.7226 -7.48207  287.322 -597.919  49.6229
 15.7339 -15.7339  15.7339  23.2225 -9.92422  300.188 -623.308 -34.0655
  47.992  -47.992   47.992 -15.8692  24.5055  268.782  -645.89  54.3689
 78.8037 -78.8037  78.8037 -51.0062  46.8437  239.218 -672.004 -70.0711
 116.895 -116.895  116.895 -100.522  93.8626  200.782 -681.331  66.5911
 146.018 -146.018  146.018 -132.412  107.722  153.089 -684.875 -139.275
 163.141 -124.171  163.141 -159.615  104.148  159.615 -680.647  100.914
 134.369  134.369  134.369  -87.221 -204.788  406.955  -1016.6  -270.29
 71.3636  216.834  216.834 -42.3367 -232.571  400.723 -1166.61  24.6425
 20.4972  76.6451  76.6451 -107.055 -107.055  107.055
