 12.6405  12.6405  12.6405  11.6865 -11.6865  11.6865 -227.706  133.763
-66.7084  66.7084  66.7084  39.0567 -125.716  125.716 -404.282  2.93382
-38.6467  18.5279  69.6141  16.9885 -35.0525  239.177  -708.53  46.5781
-15.8315  15.8315  15.8315  9.25688 -52.7363  310.089 -663.329  15.3155
     -10       10       10  7.75061 -36.7616  314.717 -655.652  45.3289
     -10       10       10  10.3061 -40.1138   310.17 -640.106  24.2644
     -10       10       10  13.3182 -38.0669  310.618 -641.062  26.5414
     -10       10       10  16.6295 -37.4555  308.736  -639.06  35.9046
     -10       10       10  19.7859  -35.653  308.322 -639.944  5.32415
-1.55565      -10       10  15.5191 -9.23613   288.26 -612.016  45.9817
      10      -10       10  5.65858 -3.48941  270.568 -577.674 -64.0522
      10      -10       10   6.6155 -7.80613  289.004 -597.844  53.2823
 14.1198 -14.1198  14.1198  1.65878 -11.8865  306.671  -618.74  -30.891
 42.9033 -42.9033  42.9033  -33.503  19.9868  277.653 -631.784  54.2402
 70.7893 -70.7893  70.7893 -65.6871  40.0961  247.871 -644.676 -65.8063
 100.534 -100.534  100.534 -105.152  80.5327  214.365 -637.654  59.9523
 116.629 -116.629  116.629 -121.832  81.4877  185.029 -622.822 -139.061
 133.227 -89.4618  133.227 -151.405  74.1428  191.148 -610.096  82.8718
 143.392  72.5113  143.392 -141.221 -146.828  382.372 -957.648 -282.122
  56.223   208.72   208.72   -69.78 -226.985  432.967 -1153.93  26.5603
 49.3349  49.3349  49.3349 -143.546 -80.1242  143.546
