  6.61762 -0.805147        10        10       -10        10  -265.702   128.342
-11.2262 -11.2262  11.2262 -62.3839 -43.3384  271.563 -325.756 -25.6525
-19.8842 -18.6283  61.7164 -46.5254 0.849371  228.859 -626.134  19.6545
     -10      -10       10 -50.9126  -23.073   316.03 -560.056 -20.2638
     -10      -10       10 -44.1357 -14.7653  307.489 -568.865  21.1329
     -10      -10       10 -40.5955 -17.0713  307.333 -571.695 0.687224
     -10      -10       10 -35.8238 -15.4431  307.867 -588.463  11.8409
     -10       10       10 -30.3436 -35.9049  305.744 -603.982  24.7669
     -10      -10       10 -23.8898 -14.5586  306.186 -628.476  2.58325
     -10       10       10 -13.8806 -32.1934  285.212 -624.916  48.1909
 8.33482      -10       10 -21.2365 -6.50568  257.836 -608.074 -53.8879
      10      -10       10 -29.1669 -10.5141  287.408 -622.619  55.9813
      10      -10       10 -34.7029 -14.2661  310.589  -624.66 -12.2693
  29.771  -29.771   29.771 -59.1337  8.57217    287.4 -621.876  45.2929
 51.1603 -51.1603  51.1603 -86.1183  26.0664  266.326 -622.288 -34.5745
 65.8688 -65.8688  65.8688 -106.189  48.2504  252.674 -614.299  35.2523
 66.4483 -66.4483  66.4483 -107.633  36.2172  238.057 -555.854 -89.6402
 40.3124 -40.3124  40.3124 -84.6095   23.941  278.458 -495.318   32.496
-2.42343  40.0319  40.0319 -59.7304 -115.887  457.545 -721.932 -217.323
-36.8944  127.318  127.318 -50.9838 -150.927  473.302 -996.045  10.5634
      10      -10       10 -77.1847 -30.8791  149.729
