      10       10       10  7.94627 -20.7471  35.1126 -241.315  104.588
     -10       10       10 -33.1821 -65.3801  266.616   -446.4   12.136
 -10.785 -25.1788  36.5975 -23.9724  9.98582  283.332 -673.899  38.8089
     -10  4.50655       10 -21.5278 -34.1857  311.299 -605.521  5.34214
     -10  6.31372       10 -17.1201 -28.4153  311.298 -617.234  30.8325
     -10  4.17131       10 -14.9866  -29.623  308.748 -606.182  14.9233
     -10  4.40469       10  -12.152 -28.7195  309.404 -609.267  16.8411
-8.25987  2.31562       10 -10.3054 -27.0396  308.015 -611.558  27.6159
 -6.2174  2.32294       10 -8.86473 -26.8892  308.757 -618.683  0.89688
-1.02296 -8.02427       10 -7.42223 -14.9382  288.136  -596.45  39.9017
 6.38321      -10       10 -9.42065 -8.70353   264.98 -565.296 -62.6117
 9.43977      -10       10 -14.4983 -11.8709  288.541 -590.172  45.4519
 10.9547 -10.9547  10.9547 -18.4996 -13.2113  309.171 -609.148 -16.6402
 28.7637 -29.6362  29.6362 -39.6701  8.86153  288.824 -616.304  41.3671
 42.4876  -46.752   46.752 -56.8616  22.3781  271.705 -619.668 -32.5181
 56.7885 -56.7885  56.7885 -73.3858  40.1149  262.038 -618.061  39.3221
 43.7321 -64.0675  64.0675 -62.2401  35.4076  243.131 -583.006 -75.5912
 33.0727 -43.7975  43.7975 -51.2624  28.1429  278.767 -558.179  48.7874
 14.4445  47.1131  47.1131 -38.4775 -117.972   428.15  -773.21 -175.936
-4.17293  120.346  120.346 -42.2098 -144.261  427.426 -935.625 -1.79863
      10       10       10 -102.337 -49.3947  195.505
