 151.932  151.932  151.932 -158.355 -172.014  172.014  -949.22  196.741
 118.493  118.493  118.493 -118.699 -204.408  204.408 -856.895  8.44713
 84.2973  23.8792  84.2973 -71.6494 -52.1519  239.237  -820.83  117.326
 120.793  120.793  120.793 -109.025 -168.186  202.797 -894.574  28.5424
 87.5966  87.5966  87.5966 -64.0926 -118.392  235.685 -858.631  92.9247
 74.4541  74.4541  74.4541 -46.3926 -102.279   248.62 -832.819  39.2116
 165.227  4.18823  165.227 -158.572 -28.7838  158.572 -909.046  46.6598
 61.2441 -61.2441  61.2441 -28.8919  40.4073  261.606 -779.974   40.992
-157.585  1.76788  157.585  166.205 -27.5792  166.205  -866.29  4.28239
-156.641  3.09781  156.641  166.736 -29.4645  166.736 -855.117  37.9417
-159.037  2.85206  159.037  165.517 -26.8239  165.517 -823.309 -119.402
-141.846 -172.423  172.423  151.333  151.333  151.333 -844.272  39.8671
-157.406  16.1657  157.406    166.5 -41.2073    166.5 -805.285 -39.8977
 62.7796 -62.7796  62.7796 -28.0865  47.1108  260.164 -704.001  44.6899
  166.68 -11.9434   166.68 -157.211 -12.1118  157.211 -794.406 -55.6544
-68.3013 -68.3013  68.3013  102.767   55.165  254.685 -680.339  54.5122
-94.1994 -35.4085  94.1994  122.154   7.9036  229.356 -685.732 -101.817
-57.1492 -57.1492  57.1492  92.2445  43.7718  266.583 -612.995  78.6133
 91.1126   41.088  91.1126  -71.444 -101.942  230.516 -570.062  -182.38
 20.8996 -20.8996  20.8996  13.3605 -14.4833  250.327 -429.813  166.495
-66.7464  66.7464  66.7464 -4.64642  -131.55   131.55
