     -10      -10       10 -57.0727 -12.3543  352.436 -627.934  83.0167
     -10      -10       10 -76.8861 -51.7966  437.532 -678.672 -57.7528
-7.60412 -17.6788  62.3938 -45.6164 -3.29099  228.042 -678.344  45.3229
     -10      -10       10 -38.7219  -19.412  319.396 -594.328 -26.0645
     -10       10       10 -32.5762  -30.854  308.006 -587.697  26.4203
      -10       -10        10  -29.0931  -11.5977   306.168  -584.747 -0.600355
     -10 -8.29507       10 -25.7375 -12.0407  308.256 -594.691  13.3059
     -10  1.18985       10 -22.1598 -23.1038  307.473 -600.576  21.9555
     -10       10       10 -19.1542 -33.8764  309.466 -609.284 -3.62483
-4.62912       10       10 -18.2861 -36.3927  286.079 -580.366  36.8155
 1.94812       10       10 -16.6908 -34.1661  254.517 -548.589 -76.4424
      10       10       10 -28.2597 -37.6012  287.181 -579.553  43.5762
 10.8228  10.8228  10.8228 -30.1346 -37.9087  310.917 -609.726  -11.864
 14.4353  14.4353  14.4353 -32.1906  -38.837  305.592  -608.21  42.8178
 16.8786  16.8786  16.8786 -34.5437 -42.9977  303.819 -598.918 -10.9348
 13.4901  13.4901  13.4901 -27.2015 -34.1277  305.684 -593.745  40.0938
      10       10       10 -23.8998 -36.1891  308.404  -563.81 -25.7724
      10      -10       10 -15.4938 0.652091  314.724 -611.416  45.5512
-59.5128 -59.5128  59.5128  37.3772  26.1794   217.76 -531.616 -53.7586
-63.5621 -79.7603  79.7603  56.8478  77.0009  94.2333 -481.617  42.5237
      10      -10       10 -65.5638 -38.1055  145.018
