     -10      -10       10 -64.2806 -15.6001  399.853 -703.137  79.7297
     -10      -10       10 -74.0349 -52.2906  457.238 -757.384 -44.4409
-8.58916  -19.742  61.5467  -39.804 -1.51533  228.952 -707.278  50.2546
     -10      -10       10 -35.2271 -19.6507  319.967 -609.017  -19.775
     -10      -10       10 -29.1041 -10.9841  308.265 -595.046  26.3134
     -10 -9.13032       10 -26.1584 -13.1982  307.103  -588.16  1.28894
      -10 -0.287882        10  -22.4498  -21.1909   308.075  -595.133   12.5805
     -10       10       10 -19.0142 -32.9201  306.797 -595.368  21.0504
     -10       10       10  -16.299 -34.3792  308.843 -597.509 -6.25891
-7.65477       10       10 -13.8634 -36.2999  286.582 -559.368  32.0084
-0.0503381    0.88487         10    -15.472   -24.1877    260.112   -522.192   -80.7876
      10       10       10 -25.7705 -38.0235  288.268   -564.6  41.0743
 15.9681  15.9681  15.9681  -31.502 -44.4489  305.863 -614.401 -12.6254
 22.8057  22.8057  22.8057 -35.6825   -49.04   297.28 -629.054  46.1166
 29.3085  29.3085  29.3085 -41.9448 -57.5723  291.551 -631.402 -7.81847
  28.136   28.136   28.136 -36.0907 -50.5471  291.868 -637.031  48.2546
 26.2074  19.3801  26.2074 -34.2161 -47.0217  295.109 -614.251 -20.4404
 18.4573 -18.4573  18.4573 -14.4151  9.60212  307.748 -656.764  59.3141
-50.9666 -93.3841  93.3841  33.9856  64.5466  131.289 -528.197 -43.9057
-65.3946  -69.828   69.828  69.5846  69.5846  69.5846 -443.148  43.2486
      10      -10       10 -65.1227 -35.8627  144.492
