 46.2037  46.2037  46.2037 -27.5649 -49.3684  49.3684 -379.869  134.632
 -90.241   90.241   90.241  81.4142 -148.437  148.437 -542.348  23.3262
-22.5602  23.7113  72.6989  35.3543 -38.4718  243.236 -750.791  54.9878
 33.6685  33.6685  33.6685  -9.9805 -68.9155  286.509 -703.565  23.1282
 11.6144  11.6144  11.6144  18.7894 -37.1561  311.029 -680.361  49.9177
      10       10       10  21.4049 -38.3952  308.362 -660.423  28.5238
      10       10       10  23.0348 -36.2999   309.93 -659.354  28.2169
      10       10       10   24.558 -36.0293  308.747 -653.359  35.0335
      10       10       10  25.9676 -35.1255  307.056 -646.554  2.91068
      10      -10       10  26.1935 -11.7543  286.176 -606.962  38.6602
      10      -10       10  26.0291 -6.96406  264.006 -567.256  -71.482
      10      -10       10  27.8873 -10.3822   285.46 -592.014  41.7088
 16.6729 -16.6729  16.6729   22.371 -8.00086  299.888 -625.068 -25.1689
  36.6653  -36.6653   36.6653 -0.838717    14.863   280.364  -639.708   41.7116
 56.1189 -56.1189  56.1189 -23.3537  28.8782  260.763 -649.218  -43.027
 73.4926 -73.4926  73.4926 -45.2892  53.6455  242.577 -648.248   42.321
 81.6384 -81.6384  81.6384 -56.2058  48.7326  223.935 -618.263 -90.0863
 72.8807 -72.8807  72.8807 -47.0015  53.7994  248.374 -602.854   56.995
 57.8809  13.6753  57.8809 -6.06309 -85.0283  444.846 -843.843 -189.236
  81.622   81.622   81.622  -32.407 -99.4877  470.119  -913.62  5.80906
 59.0714  59.0714  59.0714 -139.773 -94.7407  139.773
