-15.9774 -15.9774  15.9774 -40.2228 -4.99624  358.699 -707.533  96.0379
-10.4531 -10.4531  10.4531 -54.1416 -52.5355  420.791 -757.171 -6.32119
-13.3838 -24.9023  45.8665 -25.7254  3.42771  268.977 -699.335  58.9307
     -10 -3.47157       10 -24.7567 -24.9517  310.412 -607.067 -5.90596
-8.16193  5.58994       10 -22.5693 -25.4535  308.138 -604.094  31.3363
-7.92815  6.62292       10 -20.5959 -28.2477  307.731 -595.454  7.59908
-7.51343  5.19664       10 -17.9338 -25.9213  309.945 -599.507  14.5883
-7.70182       10       10 -14.8442 -31.9428  309.127  -596.98  23.6377
-7.55504  3.88961       10 -12.0985 -27.5456  309.793  -597.27 -5.76144
-8.21345  2.53125  11.8631 -7.06983 -27.8356  284.374 -561.198    32.58
-10.2961  -4.6801  19.0654 0.112186  -18.335  247.467 -532.827 -82.7091
 -4.80581 -0.558665   19.7344  -6.27536  -25.8023   275.515  -571.332   39.0414
 16.7382  8.62639  16.7382 -25.8681 -35.5787  303.775 -608.342 -13.2021
 20.7895  7.42837  25.0531  -27.778 -31.3239  294.697   -622.1  43.1832
 25.0193  13.1009  31.2752 -31.7763 -39.2076  291.222 -626.512 -8.72164
 27.7192  15.5477  27.7192 -28.9665 -35.6768  294.715 -631.628  44.1271
 28.2018  12.1473  28.2018 -30.4544 -38.5487  293.099 -607.103 -22.7705
 6.78304 -13.7662  17.2199  3.07609  4.95456  303.591 -628.812  51.4654
-24.9786 -41.8895  41.8895  20.0328  4.70565  224.758 -497.315 -57.0339
-24.3727 -42.1747  42.1747  27.3487  37.2399  147.817 -406.062  6.49724
 4.36309  4.53721       10 -82.4309 -50.1834  182.867
