     -10      -10       10 -60.9012 -11.1431  305.297 -625.189  85.7875
     -10      -10       10 -100.303 -48.8052  450.077 -730.436 -26.9077
 -71.314 -3.39244   71.314  5.30785 -18.4445  213.336 -710.485  45.1967
-10.0297 -5.86536  10.0297 -49.5106 -22.5983  313.504 -612.876 -11.7373
     -10  1.44397       10  -44.128 -22.5187  306.357 -597.294  28.9896
-10.2839  1.16365  10.2839 -40.7637 -23.4574  305.077 -586.666  5.48249
-11.8328 0.538186  11.8328 -35.6846 -21.6447  303.461 -588.354  13.5287
-16.4156  0.74596  16.4156 -28.9641 -23.3563   297.55 -587.098  20.1213
-20.2955  2.51874  20.2955 -22.8213 -27.0775  295.765 -594.804 -6.76343
 -28.1617 -0.970585   28.1617  -10.2325   -25.915   266.677  -570.568   27.8059
-33.4218 -5.21373  33.4218  1.31641 -19.4133  237.328 -544.213 -78.6749
-29.1551  2.48456  29.1551   -2.429 -30.2059  269.661 -582.132     34.9
 27.0522  8.25808  27.0522 -56.4434 -35.6512  293.957 -619.566 -11.2973
  35.821  11.4011   35.821 -62.1753 -35.5908  281.278 -629.685  40.2757
 41.1792  15.1777  41.1792 -65.3516 -40.6127  274.737 -632.117 -4.91564
 39.2759  18.9075  39.2759 -58.4734  -38.983  278.814 -639.312  43.2956
  33.432  13.5071   33.432 -49.9848 -39.9245  285.871 -621.343 -10.9297
 -20.8722  -8.88205   20.8722   15.7793 -0.450117   309.499   -654.05   51.5584
-59.4229 -59.4229  59.4229  42.3227  19.4111  209.762 -542.242 -24.7042
-37.2237  -62.683   62.683   27.806  59.3833  172.184 -509.709   7.1642
      10      -10       10 -65.5156  -38.432  125.588
