 10.0136  10.0136  10.0136  11.2506 -11.2506  11.2506 -198.552  116.979
-52.9324  52.9324  52.9324  21.0927 -113.457  113.457 -321.929 -9.00147
-27.7673  16.2535  68.9237 -9.45295 -35.4236  241.012 -693.635  41.6935
     -10       10       10 -13.8622 -45.3425  325.451 -646.843  4.74743
     -10       10       10 -8.92847 -36.4208  312.937  -631.12  41.5965
     -10       10       10 -5.23514 -39.6422  308.198 -620.651  16.8478
     -10       10       10 -2.11897 -37.7377  310.883 -627.526  26.2412
    -10     -10      10 2.51314 -16.286  309.81 -632.58 32.2347
     -10       10       10  6.42962 -34.4837  307.777 -636.032  7.10646
     -10      -10       10  12.9092 -7.98023  288.183 -616.588   47.916
      10      -10       10 -3.13288 -2.82273  270.826 -590.748 -55.3188
      10      -10       10 -4.28215 -7.66477  289.221 -603.646  56.6233
 10.2478 -10.2478  10.2478 -6.97183 -16.3156  309.071 -609.575 -26.7459
 42.8264 -42.8264  42.8264 -47.4642  19.1004  276.044 -623.257  52.1372
 73.2319 -73.2319  73.2319 -83.9545  41.9568   248.54 -640.453 -67.2693
 109.388 -109.388  109.388 -131.731  89.0173  206.574  -635.09  55.0763
 130.934 -130.934  130.934 -154.532  96.3286  167.092 -616.721 -145.337
 137.428 -114.941  137.428 -174.514  100.851  183.427  -590.51   75.969
  66.723  117.662  117.662 -84.6835 -190.416   419.58 -937.437 -290.024
-4.90895  216.751  216.751 -41.6027  -237.03  427.125 -1157.92  27.5837
 45.1785  45.1785  45.1785 -146.707 -77.7456  146.707
