-44.0979 -44.0979  44.0979  44.9072  25.8423   377.46  -864.32  128.347
-38.7721 -38.7721  38.7721  43.5582 -27.0385  368.048 -823.979   21.901
-18.0286 -29.6849  29.6849  35.1434  8.72771  298.685 -712.498  69.0839
      10      -10       10  8.80914 -17.6472  307.736 -634.569  2.38505
      10       10       10  11.9609 -28.7963  310.598 -637.335  35.1626
      10       10       10  14.2235  -31.375  308.906 -627.895  11.5815
      10       10       10  17.7961 -30.9189  309.292  -630.19  18.5029
      10       10       10  20.8584 -32.4496  308.183 -628.242  25.7934
      10       10       10  23.7508 -34.5042  307.753 -626.809 -1.63104
      10       10       10  24.1796 -36.5829   285.66  -584.57  32.1093
      10 -4.60542       10  24.7509 -19.3769  263.414 -543.683 -78.0166
      10 -2.92699       10  30.0534 -24.1875  285.725 -585.177  37.6558
      10       10       10  35.3542 -36.3999  308.096 -624.764 -13.9499
      10   7.0829       10  38.9582 -30.1854  306.666 -626.319  41.6259
      10       10       10  40.3909 -34.9457  306.816 -616.679   -13.05
      10       10       10  43.6671 -28.9562  303.899 -615.083  41.6472
      10       10       10    42.05 -35.6332  304.649 -585.891 -35.3763
       10       -10        10   49.2519 -0.561681   305.026  -609.328   41.5597
      10      -10       10  33.7105 -29.9264  289.439  -478.17 -87.8221
 11.5216 -25.1528  25.1528  11.6245  16.5675  130.693 -286.472 -20.5205
 12.3675  12.3675  12.3675 -79.8714 -58.8514  204.634
