-68.1138 -68.1138  68.1138 -13.5463  46.1392  424.242 -988.459  88.6372
-48.4958 -48.4958  48.4958 -14.9438 -10.5378  426.928 -1001.95    18.36
-48.4356 -38.6474  48.4356   23.723  20.8967  258.028 -791.354  85.5538
     -10       10       10 -19.3919 -38.4848  314.253 -641.584  2.03539
     -10      -10       10  -16.223 -10.5597  308.453 -616.262  32.3386
     -10      -10       10 -15.9388 -13.4731  308.257 -592.242  5.90697
     -10       10       10  -13.529 -33.8526  308.863 -587.863  10.7931
-10.5896  10.5896  10.5896 -10.8572 -35.8934  307.565  -579.38  19.7834
-15.5635  15.5635  15.5635 -5.16507 -41.7879  305.225 -582.101  -12.883
  50.476 -12.1899   50.476  -74.747   -12.87  244.177 -581.153  22.9057
 76.9746 -21.7361  76.9746 -101.465  1.69008  191.545 -580.555 -98.8646
 81.9136 -17.7639  81.9136 -104.211 -9.07568  211.462 -640.849  32.6778
 57.7053  57.7053  57.7053 -71.0373 -88.2039  267.427  -678.95 -12.4733
 102.925   9.7384  102.925 -117.622 -38.5008  214.675 -756.994  48.5906
 123.025  30.5437  123.025 -139.118 -61.0553  199.826 -793.674  3.21642
 126.324  42.5878  126.324  -135.19 -67.4512  192.514 -822.754  55.4421
 126.944  29.9819  126.944 -137.209 -59.3493  197.062 -804.873  2.06795
 87.3821 -59.1298  87.3821 -71.5355  50.3145  222.444 -815.598  75.9671
-39.5791 -104.988  104.988  39.7881  77.6816  77.6816 -558.586  10.8561
   -27.6 -44.6204  44.6204  50.2137  50.2137  50.2137 -392.489  21.6889
     -10      -10       10 -57.4192 -20.7693  168.407
