  6.2536 0.332584       10       10      -10       10  -266.59  120.381
-33.1238 -33.1238  33.1238 -34.6532 -16.1066  191.198 -304.709  -25.522
-63.4829 -19.8852  63.4829 -8.39146  5.13266  223.363 -632.304  22.2578
     -10      -10       10 -56.4812 -25.8293  318.479 -577.356 -16.7343
     -10      -10       10 -49.0149 -16.6952  307.731 -580.223  26.5324
     -10      -10       10 -43.8316 -20.2181  304.126 -579.891  3.40157
     -10       10       10 -40.6569 -38.4931  307.384 -593.095   15.303
     -10      -10       10 -34.3171 -17.4401  305.007 -605.338  24.2152
     -10       10       10 -29.5871 -36.3695  305.983 -621.213   3.3452
     -10      -10       10 -19.1725 -11.8119  285.798 -612.133  44.6209
      10      -10       10 -32.0155 -6.25185  267.214 -591.082 -51.1495
      10      -10       10 -34.6528 -10.2131  287.066 -606.176  54.9359
      10      -10       10 -39.3836 -15.1273  309.126 -612.882 -18.7565
  34.055  -34.055   34.055 -68.7764  12.2234  283.239 -620.071  51.1979
 58.1099 -58.1099  58.1099 -97.6099  31.1426  258.558 -627.655  -47.024
 65.2573  -78.345   78.345 -111.685  59.8961  237.878 -621.375  50.0393
 62.3112 -79.6028  79.6028 -107.735  46.1982  222.113 -570.752 -108.054
 52.4886 -52.4886  52.4886 -103.818  34.7811  271.226 -514.674  58.2542
-27.8359  75.4027  75.4027 -44.4524 -159.187  436.367 -803.937 -235.099
-82.1526  157.699  157.699 -20.7399 -182.372  487.981 -1106.13  22.8076
     -10      -10       10 -58.7196 -25.3851    144.7
