 3.05758   13.669   13.669  15.8731 -15.8731  15.8731  -186.21  121.117
-66.8714  66.8714  66.8714  51.4292  -125.67   125.67 -386.083 0.856941
-28.8007   36.279  87.6738  22.8736 -57.6665  206.469 -692.136   44.813
      10       10       10  4.81381 -46.1877  325.713 -670.261  12.5151
      10       10       10   6.4421 -37.6464  315.109 -652.777  45.6575
      10       10       10  8.51783 -40.4418  309.368 -639.841   21.343
     10      10      10 10.0876 -38.473 310.342 -639.22 26.2509
      10      -10       10  13.0455 -17.4539  308.462 -639.978  32.4029
      10       10       10  14.9341 -35.5598  307.527 -639.774  5.24905
      10      -10       10  17.5727 -9.38907  288.042 -615.049  42.4496
      10      -10       10  18.3008 -3.85914  270.547 -584.778 -60.2921
      10      -10       10  19.2171 -7.81009  287.316 -601.528  49.1514
      10      -10       10  19.9876  -15.394  307.738 -618.734 -28.0337
 41.8586 -41.8586  41.8586 -19.2468  18.4402  277.012 -639.276  49.7661
  74.524  -74.524   74.524  -57.308  43.5414  244.275 -663.444 -59.2162
 110.389 -110.389  110.389  -104.11  87.5741  205.257 -669.009  56.7686
 134.532 -134.532  134.532 -130.851  97.6437  165.331 -662.841 -122.627
  140.85  -140.85   140.85 -145.526   120.69  183.635 -652.944  84.2996
 131.528  131.528  131.528 -106.832 -202.537  407.533 -997.881 -250.144
 50.5918   226.69   226.69 -50.8939 -245.999  393.042 -1167.17  6.65814
 19.7585  71.4664  71.4664 -107.834 -107.834  107.834
