-59.4316  59.4316  59.4316  72.3911 -69.4064   117.36 -514.144      121
-62.9051  62.9051  62.9051  62.2968 -123.704  230.324 -611.592  24.2376
-51.6527 -1.39185  51.6527  70.0831 -14.0156  271.612 -733.591  56.9124
-15.3249  17.0268  17.0268  40.4353 -47.5819  303.993 -667.759  15.4526
      10       10       10  19.5797 -31.2526  311.818 -665.037  44.7983
      10       10       10  20.4762 -34.3431  308.326 -650.695  22.2719
      10       10       10  22.3259 -32.8414  309.344 -650.158  25.1361
      10       10       10  24.2029  -33.361  308.302 -646.939  30.5733
      10       10       10  25.7871 -34.2344  308.851 -644.436  2.52876
      10      -10       10  26.1906 -15.1714  286.558 -603.712  35.1072
      10      -10       10  25.9349  -12.394  263.225 -562.143 -71.5391
      10      -10       10  28.3978 -13.9032  285.184 -591.813  38.3307
 12.3307 -12.3307  12.3307  28.1247 -11.1279  304.714 -622.576 -18.9074
 23.0279 -23.0279  23.0279  16.3144   3.1282  293.516 -627.111   37.566
 32.0536 -32.0536  32.0536  5.54429  9.07873    284.4 -622.515 -29.9677
 40.5442 -40.5442  40.5442 -4.14057  23.5577   274.69 -620.221  34.9475
 46.2002 -46.2002  46.2002 -13.7299  17.4849  261.246 -584.162 -64.6191
 34.7985 -34.7985  34.7985  2.45494  18.0492  287.531  -587.35  40.7336
 17.6038 -17.6038  17.6038  33.3162 -46.8984  438.254 -716.371 -136.777
      10       10       10  40.3242 -28.5767  423.255 -661.292  5.20394
 37.6055  37.6055  37.6055 -110.549 -80.2438  171.274
