-15.3375 -15.3375  15.3375  10.4874  0.92335  298.972 -662.501  124.917
     -10 -6.74033       10 -0.19668 -55.3328  353.605 -687.986  27.6746
-31.9972 -28.5466  31.9972  32.6936  10.3576  293.687 -709.661  64.4033
 -5.5274  16.5294  16.5294  8.18453 -44.1628  303.226 -648.637  7.10274
 12.9325  12.9325  12.9325 -5.49294 -31.9006  307.732 -646.945  38.7569
 12.5901  12.5901  12.5901 -2.77994 -34.1997  306.689 -636.275  16.4443
 10.0163  10.0163  10.0163  3.76159 -30.9123  311.088 -636.103  21.7263
 8.41404       10       10  8.28344 -32.1855  310.143 -632.304  28.5414
      10       10       10  9.40979 -34.2319  310.212 -629.574 0.197975
 9.19216  6.99242       10  11.7299 -33.6242  287.537 -585.655  33.7013
      10 -5.61679       10  11.5937 -18.1159  266.341 -540.618 -76.8158
      10 -5.53089       10  15.8124 -21.0371  287.163 -578.643  38.6835
      10 -2.88004       10  19.6139 -22.5812  309.257 -613.504 -17.4271
      10 -6.14263       10  22.7477 -15.3279  307.896 -611.408  42.0207
      10 -7.22225       10  23.9227 -16.3999   308.78 -600.072 -21.6603
      10  -9.4884       10  26.8572 -7.41825  306.991 -595.808  42.3032
      10      -10       10  25.1597  -15.253  303.117 -560.846 -50.8004
     10     -10      10 30.5047 0.32325 308.615 -578.31 46.7681
      10      -10       10  24.4532 -36.8509  344.314 -550.688  -118.57
 13.6515  19.7075  19.7075  13.2667  -30.423  250.366 -434.858 -8.72307
 11.5724  11.5724  11.5724 -85.6019 -56.5652  201.765
