-12.7617 -12.7617  12.7617  16.3881  2.93481  41.1532 -328.733  116.106
-29.8952 -29.8952  29.8952 -63.3115 -21.8969  316.367 -518.664 -14.5499
-70.7129 -11.2744  70.7129 0.636265 -6.00427  215.645 -686.731  28.8783
-10.7266 -10.7266  10.7266 -55.7891 -19.7269  318.065 -587.373  -17.436
     -10      -10       10 -48.5211 -12.4823  304.732 -582.034  26.1709
     -10      -10       10 -46.0487 -14.5964  304.408 -575.759  1.30777
     -10  -7.0911       10 -42.5204 -16.0852  306.484 -588.442  13.5866
     -10  2.99565       10 -38.3754 -27.0998  305.415 -596.267  21.0545
     -10       10       10 -34.6529 -34.9499  306.926 -608.337 -1.17227
     -10      -10       10 -25.4365 -15.1937  285.212  -590.38  37.5723
     -10      -10       10 -15.9519  -12.115  257.742  -563.13 -65.6146
      10      -10       10 -40.6373 -14.1566  285.938  -588.14  44.0148
      10      -10       10   -44.14 -13.8316  308.262 -604.472 -12.4802
 10.5729 -10.5729  10.5729 -43.7932 -9.94794  307.411 -593.463  41.0335
 22.2171 -22.2171  22.2171 -57.0129 -0.52129  295.471 -594.476 -18.2666
 37.6452 -37.6452  37.6452 -74.5357  20.5628  279.312 -602.562  36.7035
 20.7371 -20.7371  20.7371 -54.6838 -6.78264  289.273  -541.27 -45.2592
      10       10       10 -43.2464 -25.8376  311.971 -533.405  35.9758
-19.7889  19.7889  19.7889  -34.938  -83.698  422.514 -666.454 -111.182
-32.2382  60.4431  60.4431 -34.8698 -79.8185  450.421 -832.934 0.582551
      10      -10       10  -66.676 -34.4989  130.938
