     -10      -10       10 -39.2564 -9.60995   248.09 -567.521  95.1599
 -11.404  -11.404   11.404 -82.6712 -44.7882  415.214 -667.102 -25.1755
-14.2965  -9.7758  69.9216 -47.5049 -11.3645   219.44 -709.375  40.2337
     -10      -10       10 -43.7926 -17.7247   316.03 -611.443 -14.4036
     -10 -3.61479       10 -37.3435 -17.1339  305.823  -598.07  28.7667
     -10 -1.26041       10 -33.7316 -20.6089   305.59 -593.268  4.84822
     -10  3.92457       10 -29.8245 -24.8612  307.339 -598.705  14.3069
     -10  4.40069       10 -25.6406 -26.5402  306.639 -599.771  22.8478
     -10  7.11443       10 -22.6041 -31.1714  309.002 -601.381  -3.4813
-6.57288  4.05803       10 -19.7994 -31.2414   286.88 -565.203  32.5826
 1.83241 -2.46381       10 -21.6197 -22.4934  261.624 -527.223  -75.013
      10  2.12243       10 -30.0239  -29.759   287.62 -564.285  38.8734
      10   5.1986       10 -29.1134 -31.2073  310.279 -598.195 -12.8844
      10  3.64337       10 -25.3896 -26.0068  309.021 -596.219  41.6574
      10  1.16477       10 -23.3277 -25.1117   310.66  -589.69 -11.2924
      10  2.45496       10 -19.3481 -20.8194  310.514 -591.978  42.5988
       10 -0.160203        10  -18.7647  -25.3867   306.701   -565.79  -27.5971
      10 -7.36173       10 -12.0277 -2.48953  313.003 -595.774  48.3892
-15.4419 -15.4419  15.4419  3.41212 -28.4163  309.685 -529.136 -64.0491
-17.3201 -17.3201  17.3201  14.7522   10.005  266.483 -498.795  15.4002
-1.77443      -10       10 -51.3946  -38.344  132.288
