      10      -10       10  5.35737 -1.08246       10 -272.516  135.044
     -10      -10       10  -65.183 -43.3716  307.134 -369.107  -24.862
 -13.1781  -17.3245   62.0377  -49.4113 -0.827272   226.992  -622.544   18.3297
     -10      -10       10 -46.5174 -22.3691  320.081  -570.15 -21.3091
     -10      -10       10 -39.3399 -14.2113  308.036 -576.268  21.4361
     -10      -10       10 -35.6043 -16.2904  306.464 -579.254  1.50233
     -10      -10       10 -31.7409 -14.5751  308.841 -597.422  12.3011
      -10 0.0501395        10  -26.6702  -24.9134   306.928  -612.649   24.8637
-8.75162  8.10366       10 -23.3975 -32.8279  308.677 -633.225 0.488653
-1.79669      -10       10 -20.6043 -12.7243  285.788 -623.449  46.4533
      10      -10       10 -24.2734 -7.89396  260.473 -600.169 -60.4356
      10      -10       10 -28.1787 -11.6651  286.765 -619.634  55.7071
      10      -10       10  -32.786 -14.1334  310.537 -627.111  -15.628
 18.7554 -18.7554  18.7554 -43.5625 -2.04637  300.588 -618.207  50.4576
 38.4427 -38.4427  38.4427 -67.9912  13.8037  280.085 -618.351 -34.6399
   49.65   -49.65    49.65 -82.8154  32.3363  268.253 -608.334  44.2925
 46.1008 -46.1008  46.1008 -80.2166  16.4753  259.749 -543.732 -86.6961
 18.2284 -18.2284  18.2284 -53.4851  2.41589   302.77 -486.912  43.4072
-22.4285  22.4285  22.4285 -32.2691 -92.6246  458.238 -670.373 -213.538
-51.2751  83.9384  83.9384  -19.942 -105.184  473.819 -884.056  21.4302
      10      -10       10  -70.617 -32.8879  148.738
