-12.0826 -12.0826  12.0826 -6.53247 -0.76745  114.753 -415.482  106.479
-21.6688 -21.6688  21.6688 -79.6748 -31.4627  369.264  -575.97 -26.8589
-17.5238 -5.60454  72.8155  -51.764 -14.0595  212.009 -695.639  33.2799
-10.1354 -10.1354  10.1354 -52.5727 -18.2173  317.403  -603.13 -15.5726
     -10      -10       10  -45.228 -10.9828   305.06 -592.757  28.5213
     -10 -4.58116       10 -41.9117 -17.9929  304.709 -588.511  3.36815
     -10  1.23076       10 -38.0645 -22.7956    305.8 -594.944  15.3613
     -10   4.5535       10 -34.0247 -27.2711  305.692 -599.297  21.9571
     -10  9.08988       10 -30.4707 -33.3659  307.658 -606.625 -1.07725
-6.27871  6.28307       10 -26.5041 -33.5308  285.738 -578.261  34.3673
0.579202    -3.23       10 -24.9125  -22.029  258.817 -544.525 -68.3184
      10 -4.14097       10 -37.5939 -22.4086  287.378 -574.157  39.5541
      10      -10       10 -38.9374 -14.0973   309.89 -598.837 -12.3749
      10      -10       10 -36.6935 -10.3621  308.525 -589.001  38.0415
      10      -10       10 -35.0069 -12.1844  307.643 -576.623 -14.5723
      10      -10       10 -32.7998 -6.83646  308.626  -572.48  36.8007
      10      -10       10 -32.1218 -15.7296  302.617 -542.982 -33.9055
      10 -6.46502       10  -29.099 -5.55029  312.835 -563.766  39.3186
-0.274968        10        10  -31.3235  -64.8853   380.986  -603.908  -78.5728
0.141281  14.0519  14.0519 -29.9421 -27.8141   411.39 -671.089  5.02784
      10      -10       10 -62.9315 -37.5566  125.694
