 -21.4515  -21.4515   21.4515  -22.4175 -0.821486   396.559  -795.578   107.044
 -14.799  -14.799   14.799  -24.348  -49.255  410.666 -798.034  10.4376
-5.04358 -37.7625  37.7625 -15.6855  16.2203  283.806 -702.899  65.9886
-0.542099       -10        10  -17.1762  -17.4606    310.47  -618.067  -1.67226
 1.61888       10       10 -15.9268 -29.5777  310.168 -616.174  33.4417
 2.50631       10       10 -14.3083 -31.8188  308.935 -607.254  10.3099
 2.94375       10       10 -11.4977 -31.2393  310.168 -608.864  16.5507
 3.01834       10       10 -8.72969 -32.4027  309.298 -604.677  24.4743
 4.60831       10       10 -7.73521 -34.1181  309.102 -600.936 -5.18634
   9.01934 -0.0884066         10   -9.20434   -25.5036    286.923   -558.649     30.829
 15.5004  -5.7618  15.5004 -12.8126 -17.3512  254.913 -525.119 -83.7913
 16.5046 -2.44148  16.5046 -12.1378 -24.1142  281.023  -568.56  36.8124
 16.7379  3.84138  16.7379 -8.85167 -30.7951  304.225 -611.868 -14.2899
  18.483  7.05821   18.483 -6.65478 -31.2648  301.938 -619.909  43.0008
 20.2069  13.5717  20.2069 -6.62171 -39.9981  301.412 -618.239  -8.3475
 16.6649  16.6649  16.6649  2.80062 -37.2458   303.48 -623.108  46.3399
 17.2919  17.2919  17.2919  1.26613 -44.2087  302.464 -600.382 -21.4513
      10  2.89203       10  19.6652 -12.8693  312.103 -630.053   51.473
0.903896 -31.8015  31.8015  10.1521  -5.3743  241.693 -489.169 -63.7616
-0.0246826   -52.3966    52.3966    7.25989    47.2182    91.2278   -335.569   -7.62907
     -10  1.15481       10  -69.544 -45.9049  195.787
