-96.8713 -96.8713  96.8713  67.2194  73.5748  414.452 -1069.72  113.913
-70.4291 -70.4291  70.4291  60.6187  7.07693  378.422 -987.682  27.1038
 -32.114  -32.114   32.114  40.4199   9.3212  295.558 -736.615  80.1551
      10      -10       10 -2.63183 -17.3702  306.861 -628.788 0.568719
       10       -10        10 -0.688927  -9.70449     310.8  -623.493   31.9432
      10      -10       10 0.927266   -12.41  310.458 -612.172  6.81516
 12.6352  12.6352  12.6352 0.510514 -35.0363  307.543 -614.308  13.1801
 11.1781  11.1781  11.1781  4.83901  -35.217  307.612 -606.532  20.1939
      10       10       10  8.02447 -35.3742  308.566 -596.077 -8.34446
 10.2278 -4.44146  10.2636  7.84674 -21.7979  286.061 -545.184  24.0338
      10       10       10  7.89799 -31.8071  267.036 -500.334 -88.2111
      10       10       10  14.8386 -37.4086  287.064  -555.31  33.7836
 11.6281  11.6281  11.6281  20.3684 -40.4384  308.263 -616.271 -12.9598
  20.477   20.477   20.477  15.7986 -47.1126  297.859 -647.436  49.0936
 34.2014  34.2014  34.2014  2.17762 -63.0794  285.347 -668.621  -2.1551
 40.5183  40.5183  40.5183 0.684041  -63.391  275.922 -694.736  57.2883
 44.8255  44.8255  44.8255  -5.7369 -73.4728  275.948 -679.709  -13.591
      10      -10       10  48.1628 -2.06383  310.263 -687.811  67.3296
  -39.26   -39.26    39.26  65.1022  6.17629  183.933 -453.309 -47.2097
 28.0496 -28.0496  28.0496  -12.224  27.0172  27.0172 -214.848 -8.32861
      10  6.31869       10 -78.2704 -47.4099  202.781
