-53.8465 -53.8465  53.8465  55.9649  34.4227  374.727 -879.423  122.223
-39.7626 -39.7626  39.7626  46.5704 -26.8472  364.552 -811.974  7.74883
-28.6472 -28.6472  28.6472  46.9324   7.1274  300.545 -702.624  66.4283
     -10      -10       10   30.015 -18.0272  308.442 -630.364 -3.24372
      10      -10       10  13.1817 -8.81758  310.654 -632.322  34.3151
 10.6768  10.6768  10.6768  14.4448 -32.0994  307.108 -625.353  8.93965
 11.5587  11.5587  11.5587  16.8655 -32.3743  308.152 -632.494   18.302
 10.0738  10.0738  10.0738  21.5687    -32.5  307.836 -628.793  24.4582
      10       10       10  24.3256 -34.4086  308.568 -629.274 -1.16659
      10       10       10  23.9475 -37.2061  286.375 -584.011  31.3773
      10       10       10  23.2904 -34.3029   265.22 -540.065 -77.9148
      10      -10       10  29.2072 -17.6599  285.936 -583.348  38.5313
      10       10       10  34.2854 -36.4688  307.385  -623.93 -15.2423
      10       10       10   37.723 -33.1749  307.161 -628.228  44.5638
      10       10       10  39.2982 -34.9065  306.797 -621.082 -14.8991
      10       10       10  42.0338 -29.1957  305.079  -619.15  46.9427
      10       10       10  39.8745 -36.0482  303.294 -587.067 -37.9391
      10  8.64966       10  46.0332  -19.102  303.907 -607.924  46.9431
      10      -10       10   34.286 -29.9214  294.387 -507.366 -81.1429
 -30.552  -30.552   30.552  49.8706  22.0131  112.694  -279.93 -9.53911
 11.2709  11.2709  11.2709 -75.9053 -59.2856  207.707
