-10.6668 -10.6668  10.6668 -8.91889 -3.85548  230.948 -515.889  98.3272
     -10      -10       10 -35.1987 -50.4841  348.838 -618.061  6.36896
-7.66155 -25.2255  38.2347 -23.0711  6.24953  284.553 -684.106  49.7176
-4.71793  10.0463  10.0463 -21.1137 -38.1941  310.916 -614.021 0.956718
  -2.646       10       10 -19.2641 -29.3906  309.885 -618.237  33.3257
-2.16499  9.35098       10 -17.6407  -30.978  307.865 -609.348    12.87
-1.61307  7.22218       10 -15.6972 -27.7406  309.707 -612.593  17.9654
-0.79219  5.45273       10  -13.943 -27.3015  309.095 -611.384  26.0222
0.500192  4.70628       10 -13.1574  -28.409  310.308 -611.582 -1.91453
  3.92129 -0.744587        10  -12.6769  -25.6944   287.751  -573.416   33.5836
      10 -8.51646       10 -15.6008 -15.2897  265.279 -533.087  -75.228
      10 -6.76234       10 -14.9855  -19.576  288.427 -569.864   40.069
      10 -6.25212       10 -14.7198  -18.629  311.071 -601.651 -17.8394
      10      -10       10 -12.4589 -10.6969  309.767 -597.762   43.175
 11.1922 -11.1922  11.1922 -13.1833 -11.7159  309.228 -589.743  -21.492
      10      -10       10 -9.24804 -6.25797  309.758 -587.152  46.1324
      10      -10       10  -10.051 -15.0943  304.655 -558.273 -46.8227
      10 -8.33118       10 -5.93541 -1.17904  313.225 -582.108  57.5605
-2.33269       10       10 -2.58529 -60.0599   356.95 -586.969 -107.875
-8.05236   24.795   24.795  1.81739 -37.6838  311.389 -550.972  11.3208
  6.2806       10       10 -89.5897 -57.8403  197.582
