 4.83207      -10       10       10 0.738303       10 -234.394  133.621
     -10      -10       10 -45.5095 -48.2445  208.501  -211.46 -27.8042
-57.6274 -21.3502  57.6274 -11.0146  1.70188  233.935  -558.78  7.18271
     -10      -10       10 -47.9849 -27.8398  317.321 -545.752 -24.5936
 3.63613      -10       10 -55.5153 -17.3284  310.713 -560.916  18.9868
 6.12545      -10       10 -51.4244  -19.686  305.759 -571.836  1.74644
      10      -10       10 -51.8037 -17.2875  310.142 -590.785  11.7615
     -10      -10       10 -24.7484 -16.5767  306.432 -610.519  26.1082
     -10       10       10  -19.054 -35.4303  306.472 -632.806  2.72556
     -10      -10       10 -7.88468 -9.56477  287.215     -639  53.6496
      10      -10       10 -20.8428 -3.90668  270.131 -626.384 -48.8286
      10      -10       10 -23.2937 -8.58559  289.761 -637.651  67.5861
      10      -10       10 -28.6594 -16.2611  310.335 -629.949 -21.9936
 26.9484 -26.9484  26.9484 -50.6918  4.55607  292.632 -625.108  63.8136
  62.955  -62.955   62.955 -94.5112  33.8222    253.5 -636.992 -63.6423
 93.9026 -93.9026  93.9026 -136.496  76.6351  223.081 -638.153  66.3642
  29.203 -112.514  112.514 -74.1322  79.8144  187.048 -602.146 -149.258
-93.6262 -93.6262  93.6262  35.6533  82.0396  223.742  -516.39  78.1412
-98.6304  98.6304  98.6304   31.638 -175.889  420.264 -824.399 -330.718
-142.342  199.139  199.139  41.4772 -222.331  441.639 -1123.08  46.5614
      10      -10       10 -82.0944  -29.968  160.794
