-30.6019 -30.6019  30.6019 -15.6978  8.30091  393.458 -812.889  99.9483
-17.2638 -17.2638  17.2638 -22.9073 -46.3509  415.121 -812.586  5.85391
-12.7081 -38.0654  38.8932 -8.08863  15.4047  280.963 -704.042  65.0668
      -10 -0.378781        10   -7.9427  -27.9107    310.68  -619.955  -1.51908
  -3.614       10       10  -10.881 -30.3355  310.208 -618.176  33.2558
-0.444069        10        10  -11.7747  -32.0852   308.736  -608.682   10.5624
0.716525       10       10 -9.93717 -31.3977  309.301 -608.706  16.6106
-0.200067        10        10  -6.62572  -32.7286    308.61   -603.32   23.8619
-0.775383   6.87391        10  -4.05301  -31.1789   310.173  -599.984  -5.30144
-1.88924 -0.31225  20.9446 -2.94351 -26.0397  276.254 -567.375  28.2487
-2.46894 -3.82787  30.1941 -1.90772 -19.4016  244.397  -535.91 -84.1677
0.966521  -1.9069  32.7754 -2.44439 -25.4959  265.159 -586.237  35.5953
 5.55801  4.71958  34.1846 -3.44207 -32.1162  287.368 -635.451 -15.7611
 9.60795  11.5121  36.1641 -3.15189 -36.1962  284.494 -647.893  45.4978
 10.2541  18.0369  41.1987 -2.58848 -44.7804  280.489 -652.532 -9.70304
 12.6472  22.1329  36.2126  1.12893 -42.9519   283.24 -655.586  52.0273
 7.39262  23.4807  37.9179  4.90927 -50.4281  280.848 -633.317 -23.4013
 7.61107   4.4607  15.5121  18.8688 -14.1871  309.349 -650.957  62.6217
-11.5119 -46.9789  46.9789  17.4706   12.139  214.344 -499.669 -64.4323
-26.8318 -65.8962  65.8962  31.2398  62.2285  62.2285 -344.204  5.39763
      -10 -0.230012        10  -66.7001  -45.9097   193.429
