-98.7004 -98.7004  98.7004  77.0625  76.4819  417.605 -1070.16  105.621
-74.5402 -74.5402  74.5402  70.2311  8.88827  371.322 -982.841  12.4981
-31.5926 -31.5926  31.5926  44.0574  7.61676  298.674 -734.394  80.2892
     -10      -10       10   21.062 -18.8185  307.083 -626.609 -6.13963
      10      -10       10  3.37875 -10.3443  309.406  -622.92  33.9181
      10       10       10  4.19745 -33.1323  309.322 -612.254   3.7352
      10       10       10  6.93288 -32.6517  310.624 -613.616  14.8795
      10       10       10  8.68542 -33.8901   309.61 -606.158  19.0812
      10 0.958233       10  10.1902 -26.3221  308.166 -595.933 -8.39408
      10       10       10   9.2444 -35.8925  287.669 -546.501   23.547
  23.235 -15.6125   23.235 -6.01128 -6.85728  250.678 -517.666 -88.7845
 12.6603  12.6603  12.6603  12.5079 -39.8944  284.938   -561.3  33.1622
 15.5898  18.7102  18.7102   15.575 -47.6972  299.038 -625.846 -12.2684
 28.3883  28.3883  28.3883  6.89796 -54.9518  290.068 -663.197  49.1244
 26.3331  34.8267  52.2291  6.70391 -63.6652  267.552 -697.534 0.271383
 27.5649  53.3807  53.3807   11.097 -76.0445  265.984 -721.675  55.2322
  18.266  60.9998  60.9998  16.1003 -89.6999  256.738  -699.55 -9.49786
      10      -10       10  47.9537 -1.98542  311.485 -699.184  64.4023
-24.1802 -66.1102  66.1102  44.0806  32.7738  152.885 -492.856 -34.8245
-16.8215 -37.0278  37.0278   34.648   34.648   34.648 -267.179  -2.4491
     -10  9.56309       10 -56.3204 -52.9572  205.029
