-112.994 -112.994  112.994  75.9103  90.2831  417.171 -1136.53  121.646
-86.0284 -86.0284  86.0284  72.4947  26.2424  367.595 -1039.15  42.2476
 -33.012  -33.012   33.012  41.3548   12.142  295.185 -755.509  87.3313
      10      -10       10  -2.9238 -15.8842  305.768 -636.785   7.0985
       10       -10        10 -0.872501  -9.48071   309.125  -629.493   35.2375
      10       10       10 0.131892 -32.7233   310.49 -617.135  10.1319
      10       10       10  3.11406 -33.0882  311.004 -614.181  14.6922
      10       10       10   5.3039 -34.4757  309.166 -603.284  21.2053
      10       10       10   6.8359 -35.5318  308.425 -590.203 -9.95242
 11.5683 -11.5683  11.5683  4.99082 -14.0615  284.169 -536.941  22.5567
      10       10       10  6.78232 -30.8626  265.817 -489.481 -93.4007
      10       10       10  14.0327 -36.8894  286.698 -545.575  31.8915
 13.3112  13.3112  13.3112  18.4931 -42.2617  306.948 -613.869 -14.2104
 31.7381  8.57784  31.7381  3.40656 -35.8651  285.422 -658.828  48.6711
  38.3279   38.3279   38.3279 -0.888461  -67.8995   282.098   -677.54  0.121527
  44.3696   44.3696   44.3696 -0.886884  -68.0598   273.198  -709.413   58.7917
 49.2573  49.2573  49.2573 -7.76122 -78.7884  272.976 -694.633 -7.99379
      10      -10       10  52.6174 -2.52708   308.98 -700.752  68.7575
-6.60619  -44.288   44.288  33.4306   11.169  166.488 -451.047 -39.4572
-4.11066 -19.2977  19.2977  21.4061  21.4061  21.4061 -189.537 -16.4963
 11.0765  5.24339  11.0765 -81.3726 -40.6763  201.485
