-17.6445 -17.6445  17.6445  -74.866 -7.92484  420.825 -778.124  75.8418
-19.1258 -19.1258  19.1258  -78.537  -40.741  472.625 -874.255 -12.4098
-63.0006 -15.6794  63.0006  15.9925 -2.37494  220.624 -764.507  63.9868
     -10       10       10 -38.2942 -39.6155  318.102 -639.822 -3.05734
     -10      -10       10 -32.1991 -11.2762  306.538 -613.406  32.0318
     -10       10       10  -30.641 -33.6466  305.668 -591.553  6.72313
     -10      -10       10 -27.0499 -12.5578   306.23 -587.562  12.8073
     -10       10       10 -24.6664 -34.3305  307.295 -581.212  20.2299
  -23.5256 -0.0202607    23.5256   -11.3781   -25.1788    294.655    -594.97    -10.139
-43.2828 0.166189  43.2828  8.78021 -26.1977  252.431 -577.603  23.5804
-61.5005 0.398678  61.5005  28.4477 -22.5699  211.363 -563.453 -88.3739
-69.2239   9.2993  69.2239  37.7531 -37.0306  226.731 -626.041  32.4518
-70.3511  19.5926  70.3511  42.9106 -48.8893  250.459 -685.259 -14.8844
 1.17703  26.8285  85.6573 -25.6021 -54.4029  232.255 -717.098  45.5586
 78.8207    34.72  78.8207 -97.5914 -64.6113  242.364  -718.55 -1.81291
 33.2152  42.2876  94.6618 -49.0712 -65.8627  223.899 -749.876  53.0364
 3.86312  25.1752  100.666 -19.8732 -53.6608  219.943  -745.61 -7.75784
-20.7044 -50.3655  75.0466  24.7805  42.7116  244.331 -770.516  70.2553
-72.6507 -113.984  113.984  62.5714  83.9504  83.9504  -560.62 -4.96612
-57.1093 -65.4838  65.4838  69.8559  69.8559  69.8559 -453.477  30.5796
      10      -10       10 -65.9063 -28.0541  132.797
