-24.5473 -24.5473  24.5473  8.31863  5.11876  370.926 -782.937  117.798
-16.3274 -16.3274  16.3274  3.20486 -48.9025  384.056 -764.655   16.571
 2.00917 -31.6199  31.6199 -2.82119  11.3995  294.291   -703.3  66.0052
      10      -10       10 -9.33584 -17.3724  310.367 -622.405 -1.77151
      10      -10       10 -5.52917 -8.56444  311.181 -624.556  33.3756
 12.4244  12.4244  12.4244 -6.28393 -33.7641  306.966 -619.161  9.81317
      10       10       10 0.518433 -30.7662  310.443 -621.236  17.4961
      10       10       10  3.66818   -32.27  309.453 -619.693  25.5153
      10       10       10  6.76212 -34.1957  309.197 -619.694 -2.41124
      10       10       10  8.51162 -36.3373  286.766 -578.532  33.1046
 9.16977      -10       10  12.1109 -14.0787  261.376 -539.587 -78.8025
      10       10       10  14.1448 -36.7659  287.079 -579.544  39.3282
      10       10       10  18.3703  -36.131  309.823 -618.422 -13.6534
      10       10       10  21.3817 -32.6649  308.889 -616.946  42.4618
      10      -10       10  22.9751 -14.8501  309.404  -606.68 -13.1609
      10   5.1672       10  26.2601 -23.9753  306.986  -606.43  41.4922
      10       10       10  24.9252  -35.671  306.531 -579.334 -33.4476
        10        -10         10      32.79 0.00344746    308.295   -607.691    43.0238
     -10      -10       10   38.534 -30.8627  300.542 -491.633 -86.3796
-8.63202      -10       10  29.6049 0.790282  170.317  -308.06  -13.913
      10  8.79449       10 -82.8672  -54.828  203.631
