-10.7611 -10.7611  10.7611 -42.1761 -12.8383  440.494 -800.239  95.4527
     -10      -10       10 -36.4733   -55.72  431.804 -803.361 -9.32136
-18.7153 -42.7817  42.7817 -8.90956  19.4491  273.522 -689.137  63.7987
-2.48339      -10       10 -20.5922 -18.3965   311.79 -613.302 -9.96495
 4.01922      -10       10 -23.9626 -10.1429  310.675 -607.179  31.5142
 3.06324       10       10  -20.702 -32.2245  307.559  -597.02  5.83954
 1.18384       10       10 -15.7347 -31.5898  308.853 -600.237  14.1775
-0.908744        10        10  -11.2251  -32.9571   309.224  -598.055   22.2512
-2.18563  3.68208  10.1644  -7.6364 -27.8845  311.004 -598.528 -6.82497
-4.85936 -4.04343  20.6005 -4.19248 -21.8772  274.992 -563.933  29.7257
-6.35906  12.8691  12.8691  2.41482 -35.3162   260.59 -518.847  -85.334
-4.43814 -7.48753  33.5296 -1.14063 -19.9947  260.776  -585.42  38.8406
-0.823249   22.2657   22.2657  0.795291  -50.2553    301.25  -629.213  -13.2085
 6.35631  17.4821  41.1499 -6.06743 -43.4207  278.985 -656.458  48.2063
 19.6887  40.7954  47.0574 -18.9112  -68.491  276.503 -666.055 -8.46234
 45.2617  45.2617  45.2617 -40.4591 -67.4174   272.02 -659.051  50.0171
      10      -10       10  1.82602 -17.9251  311.985 -599.682 -20.1145
 -4.05736       -10        10    25.801 0.0685728   319.596  -653.325   61.0876
-63.3626 -63.3626  63.3626  63.0552  31.0333  167.953 -492.614 -48.4947
 -58.038  -58.038   58.038  65.3303  56.0547  65.3303 -355.532  14.9246
     -10      -10       10 -64.8282 -36.0419  188.352
