 -34.386  -34.386   34.386  33.0616  16.2338   374.34 -827.896  125.567
-27.8422 -27.8422  27.8422  30.2783 -37.9278  366.966 -783.459  21.1377
 -13.634 -29.7473  29.7473  26.8066  9.33313  298.302 -707.097  67.5409
      10      -10       10  5.58957 -17.4745  308.967 -634.815  1.48711
      10       10       10  8.79925 -28.5924  311.109 -637.164  36.0082
      10       10       10  11.3994 -31.1872  308.573 -628.474  12.3251
      10       10       10  14.8583 -30.6448  309.458 -630.998  19.2955
      10       10       10  17.9409 -32.0861    308.8 -629.885  26.5634
      10       10       10  20.9196 -34.2229  308.873 -629.798 -1.19423
      10       10       10  21.7129 -36.4908  286.368 -588.131  33.5153
      10 -1.52606       10  22.9577 -22.8298  260.901  -546.91 -78.2328
       10 -0.189813        10   27.1141  -26.7068   285.766  -585.614    38.545
      10  3.40725       10  32.0416 -29.3991  308.121  -623.28 -14.1227
      10   3.5163       10  35.0779 -26.0799  307.064  -621.96  41.3995
      10  5.23799       10  36.3618  -29.689  307.226 -611.253 -14.7864
      10  4.13629       10  39.4341 -22.6504  304.115  -607.88  39.9471
      10  3.67561       10  37.7374   -29.07  303.509  -577.09 -37.1378
      10 -6.96331       10  44.7803 -3.31122  305.204 -601.404  38.6353
-0.641557       -10        10   42.4394   -31.194   309.001  -498.395  -92.3659
-10.9062 -12.8322  12.8322  36.0198  3.40081  157.944 -287.649 -17.7912
 11.5651  11.5651  11.5651  -79.909 -58.0546  205.223
