-109.116 -109.116  109.116   73.691   86.729  434.445 -1150.78  122.121
-85.4516 -85.4516  85.4516  73.2604  25.1628  375.918 -1057.35   37.758
-33.9108 -33.9108  33.9108  43.1886  12.9682  295.286 -762.808  90.7907
     -10      -10       10  17.6003 -16.2626   306.12 -637.557  4.25572
       10       -10        10 -0.878771  -9.41126   309.232  -626.295   34.9844
      10      -10       10 0.201111 -12.8998  309.583  -611.33  7.10552
      10       10       10  2.70637  -33.273  311.019 -609.236  13.1871
      10  7.24633       10  5.18297 -32.1097  309.748 -601.082  19.8271
      10       10       10  6.95362 -35.9358  308.972 -589.878 -10.7086
-0.788741        10        10   17.4032  -35.5815   286.097  -534.355   22.7988
      10       10       10  7.25189 -30.6799  264.032 -488.649 -95.0083
      10       10       10  14.2013 -36.8976  285.582 -544.917  32.9413
 14.9575  14.9575  14.9575  16.6932 -44.2507  304.764 -617.591  -13.248
 42.6709  2.01472  42.6709 -9.48487 -29.9603  273.928  -675.93  49.8324
 45.8241  45.8241  45.8241 -9.69627 -75.9268  276.381 -694.745  1.77115
 55.7532  55.7532  55.7532 -14.5482 -79.9858  262.873 -731.295  58.7199
 63.5998  63.5998  63.5998 -25.3341 -93.8784  257.624 -717.808 -5.71499
      10      -10       10  54.5224 -3.00041   317.86 -727.228  69.2501
-80.2997 -80.2997  80.2997  98.4176  48.0432  98.4176 -470.043 -27.7082
 -5.8545 -23.1473  23.1473  26.3462  26.3462  26.3462 -230.298 -14.7815
-11.5296  8.02889  11.5296 -57.6308 -42.0987  201.523
