-184.381 -184.381  184.381    179.8   163.59  372.393 -1281.54  132.686
-140.209 -140.209  140.209  156.186  77.7268  315.226 -1140.09  35.4297
-51.9509 -51.9509  51.9509  83.1737  30.9162  279.177 -792.163   93.909
       10       -10        10   20.6626  -16.8583   306.757  -644.732 -0.341069
      10      -10       10   21.796 -9.63321  309.103 -631.107   32.681
      10      -10       10  22.6232 -13.0338  308.057 -616.079  3.49561
      10       10       10  25.0282 -33.2236  308.679 -614.617  11.4804
      10       10       10   27.182 -34.8834  308.319 -608.944  18.0794
     -10       10       10  48.4907 -36.1764  306.901 -596.531 -11.7197
      10       10       10  26.2787 -36.0354   285.91 -542.776   21.621
      10       10       10  25.3785 -31.8378  265.288 -498.883 -95.6062
      10       10       10  33.4815 -37.3452  284.096 -553.801  31.8315
  14.494   14.494   14.494  38.0983 -44.0831  300.961 -626.831 -11.9392
 28.6003  28.6003  28.6003  28.3434 -56.4045  286.897  -676.85  50.8348
 46.3462  46.3462  46.3462  11.0952  -76.078  271.196 -714.243  5.33855
 57.9409  57.9409  57.9409  3.83271 -81.8807  255.431 -755.505  61.4016
  66.0039   66.0039   66.0039  -6.23435  -95.1971   251.046  -752.496 -0.126346
 37.2498  37.2498  37.2498  40.9125 -50.1015    278.6 -778.791  68.5409
 11.1855 -58.5147  58.5147  25.7501  25.4348  140.029 -490.187 -22.2547
 5.09361 -13.7589  13.7589  14.7203  14.7203  14.7203 -183.557 -17.6998
 35.2382 -21.0239  35.2382  -103.28 -10.7112   179.79
