     -10      -10       10  12.8122 -17.7543  17.7543 -185.435 -26.1598
-267.347  50.3795  329.878 -79.8853 -79.8853  79.8853 -1435.62  132.003
-76.6919 -76.6919  76.6919 -95.5741  2.57879  200.723 -824.585 -43.5169
-190.445  2.02622  233.048      -10      -10       10 -887.813  65.2901
-188.024 -13.6841  234.733      -10      -10       10 -881.653 -24.8278
-190.878 -6.63131  237.824      -10      -10       10 -860.734  41.1317
-182.798 -12.8026  234.654      -10      -10       10 -843.881 -11.2088
 -182.74 -9.73086  240.059      -10      -10       10 -851.754  35.6099
-172.453 -12.7668   236.69      -10      -10       10 -841.515 -11.6492
-151.085 -13.6156  217.912      -10      -10       10 -777.863  36.2878
 -139.29 -11.7378  207.701      -10      -10       10 -737.808 -89.9215
-155.162 -16.2331  230.295      -10      -10       10 -802.369  32.3821
-173.174 -15.5491  251.491      -10      -10       10 -852.408  17.5264
-179.892 -16.0507  256.946      -10      -10       10 -850.855 -3.85613
  -193.022   -34.8741     257.51 -0.0711736    9.96061         10   -834.443    42.2306
-204.013 -35.9011  256.535       10       10       10 -816.397 -76.5613
 -208.35 -43.2312  257.551       10       10       10 -802.575  78.2851
-235.862 -38.3306  303.094       10       10       10  -939.49 -194.838
-297.092 -185.105  297.092  2.58242  127.059  127.059 -1107.37  195.342
 -19.607  -19.607   19.607 -12.8197  12.8197  12.8197 -51.9052 -114.011
     -10      -10       10 -115.466 -115.466  115.466
