 1.34802      -10       10      -10      -10       10 -131.219 -35.8169
-345.962  1.89409  345.962      -10      -10       10 -1596.53  150.804
-68.1618 -68.1618  68.1618 -174.149 -16.5655  174.149  -762.03 -69.3346
 -205.667 -0.503883   218.434       -10       -10        10  -966.443   59.2849
-211.292 -21.1327  211.292      -10      -10       10 -906.606 -11.4761
-212.232 -8.95743  212.232      -10      -10       10 -862.909  38.1455
-196.361  -4.4491  196.361 -24.1759 -24.1759  24.1759 -812.704 -13.6126
-179.797  11.8903  187.465 -38.4549 -38.4549  38.4549 -792.181  27.0494
-172.136   9.9409  192.089 -35.3843 -35.3843  35.3843 -806.448  -11.096
-163.178 -2.64736  195.748 -13.7289 -13.7289  13.7289 -780.343  34.5466
 -152.551 -0.896024   193.512       -10       -10        10  -759.438  -69.6964
-176.693 -10.9723  213.714      -10      -10       10 -823.366  26.8356
-204.067 -18.6905   229.77      -10      -10       10 -860.098  32.2976
-214.693 -25.9728  232.902      -10      -10       10 -857.097 -33.4203
-217.244 -29.2131  228.812      -10      -10       10 -827.478  59.9729
-219.179 -30.1432  227.604      -10      -10       10 -811.229 -139.213
-227.978 -52.2507  227.978  2.37869       10       10 -814.343  128.409
-269.609 -33.5215  274.683       10       10       10 -957.389 -294.694
-242.289 -242.289  242.289 -104.936  186.178  186.178 -1264.28  365.763
-21.2724  7.14489  21.2724  -11.772   11.772   11.772 -63.5828 -76.1299
     -10      -10       10 -130.276 -130.276  130.276
