 11.0387  43.0314  43.0314   11.562 -72.4792  84.8946 -358.867   56.147
 28.8847  28.8847  28.8847  36.7508 -86.4388  446.795 -1003.29  227.434
 19.0512  11.6709  66.3741  30.2698 -40.4477  280.124 -793.741 -15.5922
 19.8704  38.9184  38.9184  34.2754 -66.8535  274.569 -699.958  87.9109
 17.7368  19.0025  19.0025  44.2365 -43.5145  297.477 -679.396 0.284935
      10       10       10  56.9717 -32.2838  304.339 -661.765  52.7214
      10       10       10  61.3622  -33.318  305.147 -662.778  6.39885
      10       10       10  65.0838 -32.6309   304.31 -659.506  41.8935
 9.23241       10       10   69.405 -35.7711  303.313  -655.47 -4.47353
 3.14116       10       10   71.118 -38.2138  276.687 -592.975  31.0413
-3.44269 -4.75997       10  73.1083 -21.8373  249.637 -531.756  -92.561
-2.29627  -8.3349       10  82.9487 -19.6624  272.408 -583.136   23.207
-0.546151  -5.11108        10    93.322  -19.3051   295.524  -638.543  -1.77668
-2.46772 -8.45186       10  100.076 -13.8264  295.416 -642.287  14.8792
-4.96497      -10       10   106.23 -11.6694  293.207 -638.827  19.8186
-7.32218      -10       10  112.263 -10.8563  290.719 -635.415 -9.17207
     -10      -10       10  116.982  -11.504  283.347 -622.379  40.8388
-6.66574      -10       10  130.176 -10.3746  308.781 -690.901 -39.4491
      10      -10       10  153.261 -21.6876  427.809 -861.071  56.3086
     -10      -10       10 0.401398 -12.9783  12.9783  62.3622 -219.916
-51.1757  65.7879  65.7879 -41.7818 -136.029  149.774
