 10.3725  43.9014  43.9014  15.9155 -74.5026  89.8501 -368.862  60.3499
 32.9491  32.9491  32.9491  44.9118 -91.0902  435.938 -1014.08  243.342
 21.4589   8.8392  61.0241  37.3631 -37.1335  284.003 -789.052  -22.967
 21.5955  42.6677  42.6677  41.2897 -70.9973  271.403 -714.112  92.7921
 18.6993  22.7558  22.7558  51.9657 -47.9161  292.518 -690.987 -2.78436
      10       10       10  66.5902 -32.9389  302.765 -669.647  54.9052
      10       10       10  71.1172 -33.9985  303.093 -669.551  5.02006
      10       10       10  75.1455 -32.8432  301.858 -666.339  41.9426
 8.63201       10       10  80.0124 -35.8376  299.123  -659.73 -4.32458
  1.5864       10       10  82.3739 -37.9254  273.096 -598.918  30.5818
 -6.43106 -0.807295        10   85.3779  -25.2888   247.819   -539.96  -91.9928
-6.02861      -10       10   96.981 -17.5902    269.7 -590.997  23.0715
-4.81602      -10       10  108.858 -14.5111  292.202 -645.869  -2.0523
-7.20413      -10       10  116.046 -12.6083  291.465 -648.282  15.0882
-9.32592      -10       10  122.078 -12.1462  289.062 -645.477  19.3004
     -10      -10       10  126.499 -11.9187  286.006 -641.714 -7.74909
     -10      -10       10  129.311  -12.723  279.118 -633.374  39.9436
-9.18861  -13.135   13.135  145.807 -9.79465  302.134 -705.954 -36.2673
      10      -10       10  172.281 -23.7235  420.541 -880.073   53.917
      -10       -10        10 -0.309921  -12.1646   12.1646   70.5456  -227.771
-51.8262  63.9392  63.9392  -42.259 -134.361  150.625
