 19.5798  36.0494  36.0494  27.7839  -76.798  97.5984 -394.863  82.1902
 46.8979  46.8979  46.8979   78.141 -111.962  383.272 -1078.57  296.271
  30.788  12.3472  49.6985   64.753 -35.8449  302.505 -845.483 -62.6316
 30.7829  53.7889  53.7889  71.7722 -85.0929  260.582 -804.642  108.098
 23.7341  35.9958  35.9958  85.9185 -65.2139  273.338   -771.7 -17.0127
 10.3291  10.3291  10.3291   107.04 -36.3879  287.125 -723.267  60.7177
      10       10       10  115.907 -37.2743   290.22 -733.522 0.629074
      10       10       10  120.773  -35.051  286.606 -725.545  43.2131
      10       10       10  124.005 -37.7933  277.646 -708.367 -3.04395
 4.38743       10       10  123.062  -38.822  254.222 -646.674  31.5332
-7.23806       10       10  128.464 -36.7447  234.814 -592.055 -96.1819
-1.60904 0.208802       10  139.235 -26.7714  249.882  -642.37  23.7553
 -1.49928       -10        10   156.206  -14.3772   267.658  -693.846 -0.839737
-5.41209      -10       10  162.189 -12.6666  261.639   -678.2  20.2246
-9.66427      -10       10   169.85 -12.6432  257.071 -669.019  19.0108
-2.30955      -10       10  174.451 -13.6715  268.555 -693.543 0.312175
 -2.4831      -10       10  177.356 -16.7736  259.494 -683.154  26.8181
 7.41723 -43.3353  43.3353  185.237  7.54008  255.322 -777.362 -12.4248
  53.506  -53.506   53.506  211.524   5.9568   351.12 -1020.86   23.891
-13.9328 -13.9328  13.9328 -4.55274      -10       10  115.898 -251.939
-63.3526  67.6355  67.6355 -52.7912 -141.557  141.676
