-35.2153  35.2153  35.2153   81.156 -68.2949  90.8736 -330.201  15.6716
      10       10       10  158.017 -68.2448  438.699 -1001.49  206.369
-7.74264    4.259  36.7498  133.787 -33.5664  297.159 -782.998  -37.255
-7.88567  17.8504  17.8504  127.844 -45.8274  279.821 -692.054  80.5088
-3.39629       10       10  128.304 -34.4197  288.805 -687.563 -11.6674
-0.915537        10        10   127.869  -32.2001   285.423  -683.261    49.481
 1.61338       10       10  129.004 -33.1602  285.748  -688.12  1.69779
 2.54141       10       10  130.068 -32.4704  284.107 -685.075  40.2654
  2.4821       10       10  131.113 -35.3556  281.693 -677.294 -6.97764
-3.82303       10       10  126.409 -37.6145  257.671 -610.464  27.7436
     -10 -7.17315       10  122.057 -19.5169  233.235 -546.892 -94.4154
-6.33211 -6.18246       10  132.185 -21.4254  253.071  -603.61  20.3075
-1.75044  3.56029       10  143.155 -27.0726   274.41  -668.93 -1.65784
 -2.6368  4.72198       10  148.583 -26.0767  275.322  -680.68   16.476
-4.91752 -4.48164       10  152.853 -16.8248  272.305 -679.517  22.9178
-7.24253      -10       10  157.421 -11.8303   269.75  -680.23  -2.8882
     -10      -10       10  161.386 -13.2415  264.441 -677.842  48.3657
-7.34654      -10       10   179.26 -14.9147   290.42 -763.338 -27.4343
      10      -10       10  211.126 -27.0215   393.39 -936.794  77.4423
     -10      -10       10  11.9079 -17.0703  17.0703  10.5816 -203.517
-29.3206  58.3789  58.3789 -17.6337 -130.722  177.411
