 37.4484  37.4484  37.4484 -31.7728 -57.5841   61.662 -376.745  42.5769
 5.74766  49.4973  49.4973 -64.7404 -107.008  441.365 -1035.09  200.879
 17.1481  3.24351  85.3189 -48.0508 -35.0759  252.744 -832.869  3.92035
 18.3689  56.0148  69.8119 -43.5792 -83.8973  238.801 -722.681  88.1778
 20.1841  36.9824  54.2787 -38.4302 -60.8953   262.34 -705.456  7.79826
  20.124  20.3225  48.6891 -34.4475 -41.2118  268.613  -681.64  54.0818
 20.4343  9.71135  44.2472   -29.72 -31.3237  276.479 -673.238  7.96519
 20.6015  5.49866  42.0092 -25.9228 -26.6607  279.737 -661.234  42.4848
 21.5437  1.17664  39.5359 -22.3655 -26.2842  284.281 -653.528 -7.60184
 20.3096 -9.40646  45.0078 -19.5169 -20.3016  250.375 -594.911  31.7573
 18.3568 -24.0829  51.6361 -16.2131 -5.02378  213.827 -539.812 -100.697
 20.1617 -19.8587  47.3441 -10.2744 -11.4837  248.226 -593.069  27.2093
 23.7367 -14.6207  42.3982 -4.17197 -12.7729  281.038 -646.586 -3.33206
  25.3433  -14.7041   43.1654 0.0501708  -9.49173   280.087   -648.16   18.1331
 26.5043 -14.3341  44.0824  4.59286 -7.74269  276.624  -645.75  18.3948
 27.5362 -7.38711  45.6187  8.84217 -9.99234   272.63 -642.991  -7.3104
 28.1504  12.0942  50.6154  11.9064 -25.6038  259.034 -632.908  37.4849
 32.7323  47.8389  47.8389  19.2152 -50.0934  289.492 -686.876 -43.8461
 38.5961  38.5961  38.5961   29.958 -48.7059  396.647 -800.832  44.1549
-5.97291 -9.79768  19.5147 -13.4069 -6.82952  21.2553  41.5785 -226.959
-61.8755  61.8755  61.8755 -56.4082 -133.122  133.122
