      10       10       10  75.9741  113.374  130.274 -663.355  147.648
 -73.679 -6.58709  112.959 -56.1025 -88.1952  285.548  -1122.6  942.138
-72.1911 -72.1911  72.1911 -9.79464  18.6599  208.257 -722.769  -338.95
 115.202  78.1635  123.376 -173.609 -173.609  173.609 -868.373  355.635
 133.172  89.7359  133.172 -195.876 -195.876  195.876 -894.343 -153.742
 139.774  82.6928  139.774 -191.954 -191.954  191.954 -889.108  164.656
 151.019   69.151  151.019 -189.154 -189.154  189.154 -926.325 -72.5819
 123.958  41.6436  185.803 -148.042 -148.042  148.042  -950.67  114.722
 29.2666 -30.0624  253.653 -43.5208 -43.5208  43.5208 -948.998 -30.1032
 13.4693  21.9907  256.854      -10      -10       10 -826.268  89.2886
 25.0554  73.6121   246.86      -10      -10       10 -738.248 -120.447
 32.7837  16.2822  267.448      -10      -10       10 -839.104  57.6122
 38.0411 -66.0039  309.435      -10      -10       10 -1004.36  52.4463
 25.4918 -118.043  333.004       10       10       10 -1065.03 -15.1192
 32.1758 -115.073  323.318       10       10       10 -1002.05  116.194
 21.5041 -103.086  305.917  12.4065  12.4065  12.4065 -850.531 -212.808
  19.259  -62.596  274.487       10       10       10 -664.573    165.1
 14.6024 -11.5373  272.927       10 -5.07025       10 -531.946 -537.341
 27.0793  27.0793  27.0793  281.266  -24.458  643.996 -1071.83  373.053
-27.9481 -27.9481  27.9481  -15.464 -9.24358   15.464  235.523 -418.402
-52.4331  52.9175  53.0878 -85.8454 -122.003  122.003
