 44.0821  44.0821  44.0821 -23.2441  -72.981  87.3299 -387.437  83.7694
 51.2445  51.2445  51.2445 -14.4363 -110.499  417.132 -1028.77  265.374
 41.6354  12.2177  73.3055 -11.8762 -38.2561  276.174 -804.435 -20.3536
  38.3514   51.2512   51.2512 -0.180006   -80.406   264.339  -720.266   100.722
 27.2483  29.2034  29.2034  19.5485 -54.7642  289.674 -694.523 -1.19379
      10       10       10  45.0107 -33.1548  307.257 -666.113  58.2066
      10       10       10  50.4373 -34.2541  308.148 -665.629  5.72526
      10       10       10  55.6373  -33.197  307.501 -662.832  44.4039
 9.00224       10       10  61.7471  -36.329  305.563  -658.41 -4.15621
 2.21962       10       10   66.163 -38.2784  278.112 -595.894  33.0161
-6.06474 -3.84502       10  71.3204  -22.557  250.978 -533.795  -95.769
-6.91268      -10       10  84.1229 -18.0105  272.961 -584.594  25.5172
-6.70008      -10       10  97.3091 -14.9799   296.85 -640.806 -1.84215
-8.97671      -10       10  105.603 -12.9466  297.508 -643.903  17.0396
     -10      -10       10  111.406 -12.3127  294.272 -638.489  17.8577
     -10      -10       10  115.763 -11.5289  291.289 -630.844 -7.62812
     -10      -10       10  119.089 -11.5152  283.048 -616.997  34.6626
     -10      -10       10  136.555 -10.5833  309.697 -679.056 -38.3387
      10      -10       10  162.924 -19.7665  429.872 -868.025  40.5819
  -12.43   -12.43    12.43 -5.77209      -10       10  108.106 -238.722
-61.8992  69.0762  69.0762 -53.4902 -137.274  137.274
