 34.7494  39.6321  39.6321 -31.4421 -61.6754  61.6757 -339.479  18.1042
 17.1871  29.7575  29.7575 -42.9764 -85.7956  461.731 -975.991  178.618
 20.0618  2.58148  76.4124 -30.0905 -34.9521  257.059 -808.658  2.10297
 17.9881  42.7001  42.7001 -22.6718 -69.6775  274.267 -697.242  81.0712
 16.2778  24.6212  24.6212 -14.5235 -47.7623  295.158 -668.471  6.30511
 13.1774  14.8213  14.8213 -7.85241 -35.1531  304.407 -639.598  49.7879
      10       10       10 -0.95442 -31.1906  311.335 -629.655  5.74516
   8.169  5.48285       10  3.18987 -26.4025  311.078 -619.828  39.6371
 7.37779 -0.15735       10   6.4877 -24.4912  312.943 -614.547  -9.8991
 5.87872      -10       10  8.93826 -18.7949  285.553  -554.19  30.7738
 3.11308 -15.9344  15.9344  11.8292 -11.8788  248.515 -502.017 -97.3118
 3.79696 -11.1136  11.1136  17.5059 -18.9402  283.856 -552.301  25.9643
 5.81924      -10       10  22.7507 -16.4595  311.485 -606.632 -4.53996
 6.88428 -9.21981       10  26.5839 -14.1047   310.52 -610.567  18.2964
 7.17666 -5.63269       10  30.4965 -16.1702  308.738 -609.317  19.7675
 7.54025 0.752822       10  34.7558 -18.5189  306.671  -610.24 -3.21977
 7.26365  14.2067  14.2067  37.1588 -29.8356  295.125 -600.945  42.2337
 10.0705  23.7831  23.7831  42.8592 -30.3821  307.653 -669.825 -33.5224
 14.2172  14.2172  14.2172  51.7928 -30.5357  435.391 -796.779  56.6122
-16.1041  2.46242  16.1041   6.6014 -20.2282  24.6296  -2.0231   -201.7
-48.9807  53.4864  53.4864 -43.7378 -123.351  143.186
