      10       10       10  7.36262 -30.3993  30.3993 -136.567  133.767
 45.9794  120.092  120.092 -55.8646 -193.815  329.482 -1158.22  452.785
 56.5318 -13.4528  56.5318 -63.5501  5.83557  303.224 -824.887 -87.9592
 82.5163  96.4555  96.4555  -67.536 -135.723  236.637 -856.319  159.517
 74.2072  81.1236  81.1236 -49.8435 -115.999  248.108 -816.258 -21.3404
 50.5058  50.5058  50.5058 -6.49719 -79.2557  273.366  -782.32  81.8965
 20.0248  20.0248  20.0248  43.5702 -49.6755  303.918 -760.511  5.77289
      10       10       10  69.2682 -34.8837  309.168 -753.224  59.3273
      10       10       10  84.5329 -37.0531  300.183  -756.12   10.502
      10       10       10  90.8894 -34.7249  264.477 -698.378  52.7326
 3.23084       10       10  98.5002 -30.7415  235.738  -638.57 -106.209
-0.767194   9.05995        10   120.589  -35.3998   263.298  -701.233   50.5067
-4.28365      -10       10   140.72  -18.678  295.698  -751.93  29.3819
     -10      -10       10  149.046 -17.6388  299.463 -721.047  23.8772
     -10      -10       10  147.403 -14.1326  289.746 -663.343  31.8189
-36.3912 -36.8363  36.8363  156.575  13.0298  251.894 -578.823 -54.5668
-46.9848 -123.694  123.694  135.991  94.6211  135.991  -529.93  15.6422
-43.2942 -178.965  178.965   139.13  139.465  139.465  -568.22 -158.322
 83.1156 -159.786  159.786  208.396  100.291  411.263 -1200.15   13.252
-20.2426 -20.2426  20.2426 -11.6587 -11.6587  11.6587  194.275  -82.106
-38.9321  38.9321  38.9321 -132.736 -92.4823  132.736
