 30.5589  30.5589  30.5589 -22.4191 -45.8353  52.9499 -365.648  30.0365
-15.9631  38.8425  62.7328 -68.1956 -96.5449  422.688 -1036.53  196.958
0.0790287   1.97689   91.2837  -48.2504   -33.787   249.178  -846.513  -5.12782
-3.44875  39.5142  158.468 -51.2097 -66.9926  137.882 -816.934  86.5154
-3.69078  25.3479  170.031 -48.8574 -48.7451  140.485 -846.115  1.29778
-4.20509  11.1608  178.379 -46.6694 -31.9597  133.454 -836.597  54.1708
 -3.4461  1.49752  182.137 -43.4102 -23.1208  133.377 -836.137  4.75051
 -3.1693 -3.02947  185.708 -40.7369  -18.237  131.589 -828.023  43.4666
-2.30344 -7.24461  186.746  -37.552 -18.0788  133.597 -823.472 -9.49936
-2.68758 -16.6082  193.629 -35.1325 -13.4924  99.0078  -763.19  33.1111
-3.08547 -30.9107  199.773 -32.5766  1.39594  63.9716 -704.753 -102.984
-0.904374  -27.8756   195.061  -27.8148  -3.87325   99.9477  -756.848   29.5086
 2.12706 -24.8256  188.844 -21.6685 -2.78983   135.35 -808.521 -4.78162
 3.67669 -25.4546  187.175 -17.0756  1.29453  137.555 -805.086  21.2589
 5.24652 -25.3914  182.689 -12.0313  3.51437  140.157 -794.633   15.306
 6.71909 -18.5978  175.383  -7.0404  1.92278  145.325 -778.247 -3.55432
 8.38822 -1.49417  165.419 -2.21892 -10.4372  147.745 -750.601  29.6606
 14.6185  37.0282  135.749  6.64696 -36.0121  204.197 -769.176 -38.3081
 24.3306  66.7185    67.43  19.5228 -70.2946  360.794 -807.367  30.1333
 -13.637 -25.5778  25.5778 -10.0572  10.0021  25.1402  26.5027 -221.359
-63.1401  60.0486  64.3225  -61.891  -133.12   133.12
