 37.9591  37.9591  37.9591 -7.24025 -35.0058  68.0962  -666.26  119.049
-118.074  33.4449  524.104 -119.655 -119.655  119.655 -2258.13  231.538
-85.0976  -72.655  183.672 -18.2372  58.6897  117.367  -832.38 -17.2654
-79.3222 -17.9991  297.785      -10      -10       10 -1114.53  83.2659
-60.9494 -2.67997   282.97 -23.8328 -23.8328  23.8328 -1027.94  23.9526
-23.4257  23.1532  253.836 -49.2545 -49.2545  49.2545 -949.976  54.0115
-1.56084  32.4703  243.548  -64.237  -64.237   64.237 -921.759  18.9606
 7.02413  34.4167  246.512 -66.3259 -66.3259  66.3259 -918.708    48.38
   5.109  24.2994    254.1 -58.7474 -58.7474  58.7474 -913.672  1.98237
-14.9582  1.72265  252.803 -33.3383 -33.3383  33.3383 -837.009  36.9869
-35.0705 -15.1687  254.717      -10      -10       10 -772.666 -116.118
-29.8471 -21.6252  284.478      -10      -10       10 -867.351  33.0543
-23.1819 -22.5117  316.195      -10      -10       10 -964.826  16.5634
 -16.717 -20.8503  324.812      -10      -10       10  -976.72  9.72553
-10.6461 -15.5699  322.661      -10      -10       10 -948.978  43.4326
-6.52325 -4.82529  318.845      -10      -10       10 -905.111 -65.4956
-4.27956   11.174  310.776      -10      -10       10  -837.55  59.4265
0.377697  46.3752  294.065      -10      -10       10 -745.774 -202.453
-10.4409  56.3152  193.604      -10      -10       10 -379.478  147.887
-31.9009 -11.1519  31.9009 -21.8135 -21.8135  21.8135  155.336 -427.976
 -158.27 -53.4822   158.27 -4.81018      -10       10
