      10       10       10  67.6321  28.7297  67.6321 -615.913  71.5585
-306.006 -4.25988  705.552 -103.711 -103.711  103.711 -3151.31  335.233
-152.473 -58.9413  152.473 -22.7264  21.9362  111.385 -640.179 -114.969
-93.0336 -16.7373  295.672      -10      -10       10  -1188.1  132.275
  -96.78 -19.9746  273.994      -10      -10       10 -1006.42  13.1028
-52.4372  14.6157  246.698 -38.6535 -38.6535  38.6535 -932.133  70.2302
 4.37999  47.9823  211.592 -91.4425 -91.4425  91.4425 -896.038  13.5022
 38.1278   65.483  200.435 -112.652 -112.652  112.652 -894.933   59.732
 43.9268  56.5048  203.947 -109.188 -109.188  109.188 -894.076  7.18043
 24.7815  36.6441  209.297  -79.222  -79.222   79.222 -832.674  48.4532
-9.04159  10.9481   228.28 -41.7821 -41.7821  41.7821 -788.812   -118.9
-13.7278 -7.66666  271.864 -31.6816 -31.6816  31.6816 -912.517  47.9868
 -17.737 -19.6539  314.317 -23.3276 -23.3276  23.3276 -1017.44    41.75
-22.0658 -23.2838  328.588 -15.3894 -15.3894  15.3894 -1009.63  1.42605
-9.58513 -3.75427  313.835 -22.6751 -22.6751  22.6751 -928.061  60.2467
  20.729  41.1764  278.546  -45.555  -45.555   45.555 -805.493  -131.21
 48.6925   98.196  212.901 -75.5909 -75.5909  75.5909 -570.083  67.5176
  29.622  144.311  144.311 -50.5554 -50.5554  50.5554 -247.607 -358.406
-50.3284  80.3875  80.3875      -10      -10       10  115.762  328.018
-32.8298 -32.8298  32.8298 -26.6856  -16.288  26.6856  87.5666 -422.446
-133.809 -65.9973  133.809 -25.3103 -25.3103  25.3103
