-12.0476  70.7128  95.4202 -33.3812 -104.677  121.977 -530.594 -38.9701
 10.4778 -10.4778  10.4778 -63.0524 -45.4054  492.971 -961.843  155.141
  12.434 -5.90515  63.6749 -38.5832 -26.3505  223.808 -685.981 -3.22102
 24.5688  35.2303  52.8403 -58.2523 -62.6633  295.206 -744.004  70.3038
 35.7484  25.7511  59.2562 -65.0048 -50.3017  256.463 -686.846  3.23342
 67.4775  11.2982  67.4775 -98.0442 -31.2593  257.563 -700.177  42.6704
 48.4922 -2.35956  72.5968 -78.2215 -19.2096  246.127 -683.108  2.33655
 60.2525 -6.38995  60.2525 -85.5408 -13.7228  259.044 -661.907  29.6038
 79.3401 -2.32205  79.3401 -107.137 -22.4263  233.228 -661.897 -6.03579
 85.5363 -14.9204  85.5363 -111.652 -13.6566  207.401 -627.787  11.3381
 77.3272 -23.4065  119.932  -106.24  -5.2957   106.24 -544.373  -72.805
 63.2927  -31.583  94.7269 -85.9137  1.99653  198.682 -634.815   1.4999
 86.8188 -14.1249  86.8188  -103.69 -11.0173  223.745 -664.756  13.8866
 58.2411 -14.5228  83.9612 -69.3863 -8.62219  236.743 -689.286 -5.52797
 72.9056 -5.23041  72.9056 -77.2457 -15.1975  244.544  -677.78  53.2427
 27.3637 -1.55698  92.7494 -29.4852 -16.3314  228.218 -720.341 -33.7942
 71.8337  17.6345  71.8337 -67.5529 -32.1233  257.543 -705.769  103.511
 14.7359  29.9645  61.2629 -1.51711 -34.2118   246.98 -678.242 -91.4884
-24.8595  24.8595  24.8595  42.3381 -49.3426  415.925 -807.296  196.005
-14.9805 -6.38379  14.9805  14.5855 -5.18896  25.3648 -80.1238 -296.745
 38.8106  38.8106  38.8106  -126.56 -104.955   126.56
