-38.2832  30.4814  38.2832  39.6781 -65.9979  65.9979 -267.583  5.44349
      10       10       10 -2.99212 -66.3551  476.835 -952.425  138.256
  -62.315   1.77794    62.315   64.1207   -32.113   287.826  -755.314 -0.228411
  14.5912   14.5912   14.5912 -0.256764  -42.6411   299.945  -639.051   59.1069
 26.2617  26.2617  26.2617 -13.5496 -51.2244  297.001 -656.189  2.02181
 42.8775  42.8775  42.8775 -28.8068 -62.8325  287.886 -693.342   34.579
 146.032  -10.667  146.032 -155.453 -11.6353  155.453 -717.223   -1.488
 50.8313 -50.8313  50.8313 -30.4898  30.0972  296.926 -727.154  29.2364
 153.997   5.3446  153.997 -157.783 -32.1726  157.783 -747.369 -5.89108
 149.388  4.83175  149.388 -150.573 -35.8186  150.573 -718.573  13.7785
 135.934 -3.39789  135.934 -135.257 -29.2023  135.257 -645.915 -65.1773
 53.9609 -53.9609  53.9609 -25.8767  23.7084  266.132 -669.883   18.849
   149.5 -1.23518    149.5 -143.497 -23.5765  143.497 -703.052 -1.33633
 52.9318  -1.7227  52.9318 -17.6082 -18.8925  273.917  -688.03  13.0147
 11.8815  11.8815  11.8815  33.7499 -28.9627  312.571 -642.381  26.2192
-126.969 -19.2124  126.969  150.454 0.485104  150.454  -680.44 -3.98872
 10.2289  10.2289  10.2289  40.9034 -28.6356  306.664 -626.563  46.6697
     -10      -10       10  70.2248 -11.2322  333.122 -682.339 -20.5135
-13.2251 -13.2251  13.2251  90.1599 -26.6127  440.944 -870.303  72.3767
-13.8367 -13.8367  13.8367  5.12339 -17.1037  17.1037 -6.89116 -157.461
 49.5309  49.5309  49.5309 -162.875  -123.89  162.875
