-65.4916  65.4916  65.4916  41.3628 -92.8003  92.8003 -410.884 -17.8072
 10.0831  10.0831  10.0831 -59.1154  -67.403  509.265 -975.559  151.301
-67.8714 -4.44221  67.8714  46.8856 -28.0902  230.992 -729.957 -8.56643
-47.0333  47.0333  47.0333  19.6713 -76.5203  268.892 -665.083  75.7029
  10.7755   10.7755   10.7755  -26.0942  -32.8849   315.114  -643.518 0.0619867
 13.6555  13.6555  13.6555 -29.6051 -32.7384  321.125 -647.852  46.2451
 134.115 -17.3294  134.115 -169.224 -2.87189  169.224 -739.624 -1.76263
 142.134  -22.384  142.134 -177.903  2.99075  177.903 -770.173   28.784
 141.434  -11.282  141.434 -173.972 -13.3079  173.972 -759.048 -10.3453
 135.563 -11.2931  135.563 -165.305 -17.5026  165.305 -714.842   20.799
 118.046 -19.0515  118.046 -141.378 -10.7822  141.378 -614.623 -82.2691
 36.7676 -36.7676  36.7676 -41.0608  7.07149    288.4 -636.926  18.5429
 133.868 -1.94041  133.868 -156.552 -25.0208  156.552 -681.681  3.22301
 20.6847 -20.6847  20.6847 -14.1857 -2.51891  313.498 -642.576  6.41954
-16.8789  16.8789  16.8789  27.0465 -38.4314  318.989 -642.412  42.1158
 -147.996 -0.594577   147.996   138.558  -17.9655   138.558   -726.87  -20.9351
 11.5729  11.5729  11.5729   6.6695  -27.663  330.022 -646.404  80.3563
-15.5807  15.5807  15.5807  39.9586 -20.4876  301.679 -632.851 -68.9422
 -16.373   16.373   16.373  34.7802 -39.4266  398.999 -725.877  134.482
-11.8708  11.8708  11.8708   9.2466 -21.7578  21.7578 -50.5762 -227.286
 42.0451  42.0451  42.0451 -128.531 -110.113  128.531
