-59.8045  59.8045  59.8045  52.7473 -87.8675  96.0989 -378.323 -36.5381
       10        10        10 -0.632112  -66.8736   506.543  -961.222    169.82
 34.3585 -34.3585  34.3585 -13.7777  3.48844  292.315 -742.009 -19.8044
 144.433  21.0654  144.433 -154.851  -47.687  154.851 -769.618  84.3296
-13.3833  13.3833  13.3833  38.5672 -35.7202  343.809 -732.611 -7.24756
 148.145   9.0619  148.145  -153.24 -29.3641   153.24  -779.18  49.0332
 151.496 0.812554  151.496 -155.058  -21.941  155.058 -787.873 -6.26377
 44.6208 -5.46715  44.6208  -21.377 -15.7701  303.076 -729.502  42.2282
 149.708 -9.34793  149.708 -151.341 -14.7867  151.341 -756.643 -19.3287
 140.872 -19.8573  140.872 -142.294 -9.38915  142.294 -696.631  25.8893
 28.2447 -28.2447  28.2447 -2.25948  1.73897  271.966 -594.644 -91.8863
-126.058 -22.3458  126.058  132.808 -8.83013  132.808 -652.409  25.0538
-15.8247  15.8247  15.8247  56.1565 -40.2319   338.65 -689.951  3.70531
-138.676 -12.9009  138.676  156.891  -10.835  156.891 -769.151  14.7354
 167.692 0.786007  167.692 -153.553 -20.9191  153.553 -827.634  29.1805
 159.714  17.0293  159.714 -141.543 -36.8686  141.543  -797.91 -18.0195
 37.4836  37.4836  37.4836  14.0535 -55.3368  331.437 -755.958   72.693
-109.043 -146.563  146.563  141.023  141.023  141.023 -797.176 -56.3037
-197.521  76.2058  197.521  223.267 -98.5712  223.267 -993.578  111.423
 11.8988 -11.8988  11.8988 -7.14692 -5.29189  25.0057 -79.2122 -207.303
 13.4373  13.4373  13.4373 -73.5625  -81.059  189.782
