-56.9823  56.9823  56.9823  52.9948 -83.3215  93.6743 -388.796 -2.85476
 11.1252  11.1252  11.1252 -7.07632 -68.5217  512.713 -971.992  144.964
 32.3734 -32.3734  32.3734  -17.063  1.62284  273.909 -683.936 -6.55431
 25.0956  25.0956  25.0956 -10.6182 -52.1385  313.325  -700.31  83.7598
-14.3902  14.3902  14.3902  35.9393 -38.0622  317.117 -684.187  2.12374
 137.811  21.9616  137.811 -141.519  -41.614  168.781 -779.277  44.4775
 149.819  9.38176  149.819 -153.857 -30.8304  153.857 -783.813 -2.91029
  39.4762 -0.916845   39.4762  -16.1036  -19.4734   311.441  -730.058   42.9779
 148.386 -7.41918  148.386  -150.53 -16.6402   150.53 -751.868 -20.3423
 139.739 -17.9979  139.739 -141.056 -11.0726  141.056 -695.101  28.8694
 28.7773 -28.7773  28.7773  -2.7578  1.83998  276.387 -606.874 -92.0529
-119.415 -20.4041  119.415   127.58 -10.0782  142.172 -650.418  27.3271
 -13.9787   13.9787   13.9787    51.067  -38.5641    317.93  -643.171 -0.976997
 19.4253 -19.4253  19.4253  22.0426 -3.99165  314.667 -665.015    16.45
 155.849 -10.6658  155.849 -143.374 -9.81758  143.374 -764.481   22.972
 158.515 -14.4775  158.515 -141.861 -4.81403  141.861 -780.718 -16.5301
 14.2127  14.2127  14.2127  42.5843 -30.5556  347.844 -722.119  70.5038
 -125.97  1.50179   125.97  157.782 -11.6212  157.782 -749.557  -56.181
-11.8194  11.8194  11.8194  75.5488 -32.5456  422.646 -774.961  113.971
 12.3928 -12.3928  12.3928 -14.9591 -5.20957  21.1471 -29.4748 -216.278
 12.2531  12.2531  12.2531 -70.7635 -77.6936   178.41
