   56.37  39.6285    56.37 -68.1395 -65.9073  86.1942  -350.71 -21.4929
 12.8723 -12.8723  12.8723 -26.8004 -41.2657  509.426 -956.893  146.384
 71.4886 0.406608  71.4886 -69.4767 -37.3657  227.422  -746.29 -8.09612
 150.327  25.3248  150.327 -172.052 -49.4638  172.052   -827.5  78.0329
 148.511  16.4941  148.511 -164.622 -38.9243  164.622 -818.992 -9.58985
 101.498  18.2473  101.498 -108.899  -37.562   215.85 -745.183  49.4207
  12.8598  -12.8598   12.8598 -0.674205  -8.42846   316.889  -646.052   1.24172
  10.232  -10.232   10.232  2.48394  -10.378  307.694 -607.913  41.4795
      10       10       10  4.18295 -35.2286  307.306 -601.414 -11.7128
-13.4907 -13.4907  13.4907  28.4075 -15.8862  301.462 -592.303  31.6468
 127.052 -16.5164  127.052 -134.334 -11.8838  134.334 -638.374 -92.0392
 148.686 -19.9388  148.686 -154.375  -10.111  154.375 -744.639  19.5163
  157.495  -17.8507   157.495  -159.119  -8.36362   159.119  -792.334 -0.730406
 161.177 -19.5898  161.177 -159.089 -2.85231  159.089 -810.497  8.99664
  162.11 -16.4139   162.11 -157.142 -4.67873  157.142 -811.131  31.0162
 164.533 -16.7577  164.533 -155.788 -1.81998  155.788 -823.181 -16.5938
 167.025 -6.13797  167.025 -157.084 -10.8524  157.084 -824.192  65.0436
 158.039  8.13681  158.039 -142.466 -16.4716  142.466 -794.686 -61.0039
     -10       10       10  62.4198 -33.1546   434.62 -799.206  116.574
-11.7593 -11.7593  11.7593   12.228 -4.48532  22.2079 -55.7443 -192.905
 48.6781  48.6781  48.6781 -120.912 -120.912  120.912
