  54.493   54.493   54.493 -76.4189 -76.4189  76.4189 -297.091 -15.7135
 19.7354 -19.7354  19.7354 -52.2265 -36.8253  490.033 -958.953  131.138
 82.3413  11.2718  82.3413 -97.6093  -44.666  236.202 -794.181 -3.40277
 132.214 0.333177  132.214 -162.972 -26.6926  162.972 -757.532  74.3213
 28.2052  28.2052  28.2052 -37.1232 -49.5367  323.577 -721.357 -4.73665
 129.615 -2.50099  129.615 -156.557 -18.5245  156.557 -718.819  47.3064
 51.9701 -5.20846  51.9701 -61.5362 -14.4753   296.67 -731.084 -1.53522
 138.989  -5.3158  138.989 -164.715 -16.5908  164.715  -750.19  36.2454
 147.299 -3.81988  147.299 -172.969 -20.3808  172.969 -785.524 -18.5435
 138.042 -5.72901  138.042 -160.896 -24.4016  160.896 -724.527  29.5262
-151.326 -12.8109  151.326  130.202 -14.0879  130.202 -721.599  -92.982
 38.4681 -93.6534  191.284 -65.4088  65.4088  65.4088 -719.773  26.1247
-21.0633  21.0633  21.0633  32.5505  -46.663  349.155 -717.742   1.4045
 144.729 -3.86108  144.729 -156.109 -21.1153  156.109 -749.556  16.9858
 155.483 -15.9269  155.483 -165.384 -4.87046  165.384 -797.513  24.9463
 157.627 -13.0471  157.627 -164.125   -4.894  164.125 -806.988 -10.5466
 158.067  1.22988  158.067 -163.427 -17.4861  163.427 -798.523  55.7528
-151.546  17.8135  151.546  155.065 -25.6245  155.065 -799.061  -40.217
 10.4028  10.4028  10.4028   20.088 -30.2818    436.4 -795.639   91.124
 11.2296 -11.2296  11.2296 -13.3374 -4.95079  19.4274 -44.7958 -153.955
-56.1412  56.1412  56.1412 -28.4061 -126.952  126.952
