-47.5342  47.5342  47.5342  42.0922 -73.1123   77.727 -317.548 -13.9265
 12.9382  12.9382  12.9382 -15.9732 -68.7167  486.191  -919.24  144.492
 33.1533 -33.1533  33.1533 -22.0559  2.51979  280.695 -698.109 -13.4828
 29.6153  29.6153  29.6153 -22.1612 -55.3654  300.111 -681.392  81.9686
-19.4657  19.4657  19.4657  33.5512 -43.8601  296.875 -655.028 -0.82444
  27.289   27.289   27.289 -13.4103 -46.6996  313.861  -698.94  52.2842
  131.69   4.9703   131.69 -138.571 -27.2676  157.406 -732.798 -4.05513
 45.2104 -6.22892  45.2104  -29.997 -14.1039  307.488 -734.027  40.5654
 146.759 -14.6088  146.759 -154.889 -10.2942  154.889  -751.78 -20.9103
 137.574 -23.5456  137.574 -144.628  -4.5911  144.628 -692.104  25.1875
 31.0636 -31.0636  31.0636 -13.5739  3.29914  249.949 -562.201 -94.3164
-17.0129 -17.0129  17.0129  39.7892 -13.1016   278.34 -566.796  28.8483
 -13.464   13.464   13.464  42.6106  -39.178  301.078 -611.317  1.50754
-15.6285 -15.6285  15.6285  52.1318 -6.89851  322.848 -673.586  20.0444
 154.904 0.623755  154.904 -148.127 -20.8526  148.127 -775.228  24.7578
 154.611  26.2401  154.611 -143.865  -44.775  143.865 -780.329 -13.0905
 38.5895  38.5895  38.5895  1.96156 -54.8315  326.621 -738.818  59.0733
-122.203 -97.4529  122.203  151.183  86.5566  151.183 -749.159    -31.8
-44.5258  44.5258  44.5258  93.7293 -67.3546  434.093  -879.87  82.1563
 11.7521 -11.7521  11.7521 -12.4165 -8.15936  21.2133 -44.8159 -171.605
 10.3831  10.3831  10.3831 -69.3316 -75.5131   184.49
