     -10      -10       10  22.6122  1.92682  22.6122 -342.299  126.566
-14.2572 -14.2572  14.2572 -70.6147 -35.8473  333.664 -484.206 -14.8553
-67.2672   8.0583  67.2672  4.27471 -26.5856  217.656  -687.02  28.4837
     -10      -10       10  -46.954 -20.1419  319.679 -612.406 -11.8116
     -10      -10       10 -39.4401  -12.956   306.85 -602.282  27.6132
     -10 -7.33228       10 -35.9895 -17.6861  306.271 -596.198  5.89628
     -10  1.47245       10 -31.8907 -25.3513  307.901 -605.093  15.2487
     -10  4.52469       10 -26.9688 -28.8937  306.726 -611.685  24.9131
     -10       10       10 -22.4231 -34.7244  307.717 -622.127 0.328703
     -10 -2.19151       10 -13.5374 -22.1344  284.362 -598.902  40.2867
-2.02943      -10       10 -11.3405  -10.573  251.154 -563.574 -65.7077
0.781753      -10       10 -18.9546 -13.2828  285.236 -591.111  45.5804
      10      -10       10 -30.4779 -13.9208  309.272 -609.083 -12.8083
 15.4818 -15.4818  15.4818 -35.7783 -5.16473  303.661 -602.185  40.4415
 24.9212 -24.9212  24.9212 -46.2439  1.58923  293.709 -595.818 -21.5124
 26.7145 -26.7145  26.7145 -47.6233  9.25076  292.792 -583.744  33.6321
 20.6707 -20.6707  20.6707 -41.2605 -7.35428  289.397 -528.513 -55.5221
      10      -10       10  -29.629 -4.82066  311.495 -512.438  29.7794
-3.44427       10       10 -28.6445 -75.1055  449.742 -667.186 -141.232
-8.56754  42.8079  42.8079 -29.4185 -59.9104  497.622 -837.433 0.209301
      10       10       10 -64.7784 -53.2288  131.987
