     -10      -10       10 -75.9746 -14.7104  390.469 -653.874  70.8933
     -10      -10       10 -86.2473 -52.0882  444.201  -720.02 -52.3851
 65.8764 -21.6655  65.8764 -123.885  2.05022  222.431 -703.605  51.3776
      10      -10       10  -67.881 -20.2126  329.187 -610.853 -26.0342
-6.22864      -10       10 -42.1598  -10.825  303.211 -580.127  27.7457
     -10      -10       10 -36.8315  -12.431  307.447 -579.958 -1.81624
     -10 -0.80673       10  -33.192 -20.8484  306.371 -582.493  12.3328
     -10       10       10 -30.1017  -33.099  306.397 -585.239  18.6771
     -10       10       10 -27.4931 -34.7294  306.717 -584.454 -5.10369
   14.319 -0.387261    14.319   -47.214  -25.8022   282.365  -560.336   30.6972
 9.93568 -3.00277  37.2457 -40.2651 -20.8588  227.634 -552.479 -80.8881
  17.096  5.53578  43.9309   -50.08 -33.1855  251.743 -611.394  37.5413
 45.1478  14.8121  45.1478 -77.4632 -43.7525  273.555 -654.865 -11.2128
 51.9167  25.0457  51.9167 -81.1571  -51.474  266.093  -674.22  45.0639
 40.2771  37.9031  65.1009 -70.9611 -66.5716  254.142 -687.107 -5.49414
 57.9225    43.36  57.9225 -82.5662  -65.919  262.194 -688.676  46.9099
 65.2705  22.1881  65.2705 -91.1382 -49.8805  245.049 -663.585 -14.9274
 48.7566 -48.7566  48.7566 -60.6847  40.8146   286.72 -733.032   59.289
-59.5787 -130.793  130.793  29.1736  101.451  101.451 -618.254 -22.5877
-80.4966 -80.4966  80.4966  78.7641  80.0487  80.0487 -505.479  39.6965
     -10      -10       10 -46.8177 -35.5262  136.992
