-14.2616 -14.2616  14.2616  18.0517  3.29098  42.1115 -317.519  119.109
-27.4982 -27.4982  27.4982 -65.6464 -25.8943  327.443 -494.879 -19.2451
-13.8134 -36.7481  91.6452 -55.6847  18.4202  182.784 -684.882  18.7616
      10      -10       10 -73.0381 -19.3301  319.337 -578.564  -17.316
     -10      -10       10 -45.1793 -12.5219  303.739  -572.16  20.6548
     -10      -10       10 -42.6054 -14.0894  305.729 -576.019  2.21823
     -10       10       10 -39.1989 -33.6831  307.182  -588.95    10.22
     -10 -8.53271       10 -33.9386 -14.9131  305.295 -600.692  23.3372
      -10       -10        10  -30.0925  -14.2935   308.232  -617.349 -0.476241
      10       10       10   -40.98 -35.3634  286.238 -604.744  41.8749
      10      -10       10 -31.4448 -11.6026  258.021  -575.86 -61.9985
      10      -10       10 -36.1245 -13.7233  286.901 -601.862  49.0835
      10      -10       10 -40.3498 -14.0592  308.464  -610.89 -11.5488
 14.0295 -14.0295  14.0295  -44.453 -6.14089  303.165 -601.566  42.7945
 26.7425 -26.7425  26.7425 -60.6604  4.02977  291.893 -597.954 -21.8488
 32.9256 -32.9256  32.9256 -68.2884  16.2023  288.272 -595.339  34.6921
 31.2256 -31.2256  31.2256 -67.0956  3.83775  277.636 -539.729 -57.5528
      10      -10       10  -43.998 -4.12947  303.108 -495.568  33.0037
-9.20121  24.6354  24.6354 -48.6263 -90.7515  426.058 -659.516 -148.002
-23.7122  87.3029  87.3029 -50.4242 -107.204  430.498 -858.531   8.1313
 34.6904 -34.6904  34.6904 -100.663 -8.84159  100.663
