-112.859 -112.859  112.859  110.065  91.5184  394.705 -1089.01  123.855
-91.1696 -91.1696  91.1696  101.196   25.131  338.513 -972.001  20.0763
-33.1988 -33.1988  33.1988  58.8886  10.9307  299.373 -739.098   78.579
      10      -10       10  14.7316 -17.7407  308.287 -634.381 -2.13949
      10      -10       10  17.3759 -9.37211  309.678 -630.314  33.1409
      10       10       10  18.7482  -32.143  308.634 -620.448  6.58192
      10       10       10  21.9584 -31.9456  308.978 -621.853   15.276
      10       10       10  24.4837 -33.3321  308.213 -618.542  21.7225
      10       10       10  26.6492 -34.8404   306.44 -612.341 -6.06657
      10       10       10  25.7447 -35.5649  284.175 -564.931  27.6221
      10      -10       10  26.0476 -12.7987  255.498 -518.304 -84.6161
      10       10       10  31.8029 -36.4409   282.87 -569.523  34.3032
 10.7598  10.7598  10.7598  38.3883 -38.3387  304.942 -622.856 -11.5637
 17.6605  17.6605  17.6605  35.1452  -42.881  298.062 -646.795  43.4528
 27.2278  27.2278  27.2278  26.0987 -54.4391  290.087 -659.601 -2.28071
 30.4297  30.4297  30.4297  27.3622 -52.1887  284.026 -676.804  46.7088
  33.475   33.475   33.475  22.2413   -61.11  281.572 -655.308 -13.5313
 11.7101  11.7101  11.7101   58.723 -24.0465  302.989 -674.352  49.1736
 15.0467 -15.0467  15.0467  30.7374 -21.5002  249.169 -474.962 -48.0911
-5.77405 -37.7512  37.7512   21.191  33.5499  33.5499 -226.971 -22.9934
-16.1965  11.1618  16.1965 -49.2164 -53.7982  202.955
