      10  3.63235       10  8.55263      -10       10 -302.505  145.608
     -10       10       10 -45.5092 -63.1406  242.316 -296.691 -17.9526
 -14.1046 -0.165763   56.1136  -43.0299  -18.2918    239.16  -614.186   14.8191
     -10       10       10 -36.4157  -45.353  317.813 -588.472 -15.8523
     -10      -10       10 -29.4636 -15.8639  311.309 -600.394  25.8111
     -10      -10       10 -23.6103  -18.272  307.684 -606.903  9.26725
-9.88949       10       10 -20.1343 -36.7211  311.379 -620.877  16.5501
-9.49755  1.31545       10 -13.8065 -27.3184   307.38 -634.224  31.2282
-9.73982       10       10 -8.83307   -34.88  308.347 -647.789  3.47471
-5.16689      -10       10 -4.13077 -10.7902  287.678 -639.432  53.1842
  2.8329      -10       10 -6.78591 -5.66962  271.479 -618.917 -59.2721
      10      -10       10 -15.0108 -9.79038  290.168 -631.086   64.426
      10      -10       10  -18.884 -15.5107  311.191 -627.724 -23.9875
 27.3034 -27.3034  27.3034 -40.0579  5.94069  291.794 -624.571   60.269
 50.7697 -50.7697  50.7697 -69.3331   23.136  268.534 -623.802  -60.287
 71.2119 -71.2119  71.2119 -96.8224  54.2404  246.912 -612.504  58.7207
 72.8931 -72.8931  72.8931  -100.15  40.8967  231.585 -552.286 -141.372
 51.7082 -51.7082  51.7082 -86.0075  39.0427  264.166 -466.488  64.7859
 33.5925  33.5925  33.5925 -69.4204 -108.279  482.268 -712.461 -319.056
-19.3282  106.868  106.868 -30.9199 -122.873  500.073 -955.232  58.8625
      10       10       10 -74.9381 -48.7773  160.835
