 8.30754  15.1555  15.1555  15.3557 -15.3557  15.3557 -236.615  130.338
 -75.012   75.012   75.012  54.7406 -132.986  132.986 -452.445  23.2603
 72.7679  26.9845  72.7679  -78.836 -42.5315  241.948 -747.728  45.4685
-2.34032  30.3712  30.3712  6.96734 -68.0569  293.883 -692.206  25.3403
     -10       10       10  22.3033 -37.9347  311.249 -667.284  46.6753
     -10       10       10  22.9038 -40.0057  309.026 -649.324   29.961
-9.46575       10       10  24.0427 -37.4625  312.134 -650.426  25.8077
      10       10       10  6.70351  -36.444  310.569 -645.534  37.0219
      10       10       10     8.63 -34.9463  307.266   -637.4  2.48997
      10      -10       10  10.7026 -9.40803  287.325 -603.887  42.3432
      10      -10       10  10.9946 -3.72092  268.683 -565.483 -70.8264
 10.0706 -10.0706  10.0706  12.6651 -8.65932   288.26 -591.296   47.287
 17.5123 -17.5123  17.5123  4.67715   -9.061  301.696 -619.136 -30.4165
  45.839  -45.839   45.839 -28.5851  21.9547   271.95 -640.375   48.573
 70.0475 -70.0475  70.0475 -56.4521   39.401  247.969 -655.628 -56.0147
 94.7966 -94.7966  94.7966 -88.1639  73.2986  226.334 -663.859  56.5899
 107.855 -107.855  107.855 -101.779  72.6927  201.136 -649.065 -116.388
 110.045 -98.7655  110.045 -111.388  81.5976  205.838 -609.735  81.9791
 97.2623  97.2623  97.2623 -75.3726  -170.89  424.219 -912.717 -248.133
 25.0684  163.898  163.898 -15.9851 -182.777  461.958 -1104.37  21.3396
 54.1185  54.1185  54.1185 -141.271 -86.9199  141.271
