-17.9384  29.3341  29.3341  34.5461 -34.5461  34.5461 -305.667  114.623
-72.8841  72.8841  72.8841  45.2734 -132.689  151.041 -462.737  19.1944
 -29.4358  -14.5471   43.3849   18.8726 -0.793004   282.105   -702.94   39.9381
     -10       10       10  7.06508 -44.3288  314.655 -637.148  14.1885
     -10       10       10  10.5867 -35.4992   310.57 -638.846  38.0854
     -10       10       10   12.006 -38.5041  310.299  -630.61  20.7204
-5.15704       10       10  9.46243  -36.608  312.138 -634.609  22.5196
-0.761576        10        10   7.49599  -35.9089   309.886  -631.577   32.1624
 2.41609      -10       10  7.55051 -14.4375  307.612 -632.035  3.20127
      10  2.52838       10    3.144 -22.4619  286.412 -603.228   41.647
      10      -10       10  6.35628 -4.51894  260.279 -565.636 -65.5382
      10      -10       10  5.82361 -9.26349  287.259 -595.292  46.1124
 15.8289 -15.8289  15.8289  -1.4913 -9.55664   303.64 -621.942 -22.6741
 41.7922 -41.7922  41.7922 -32.4586  18.7491   275.97 -637.589  43.4427
 63.3444 -63.3444  63.3444 -58.3033   35.084  256.353 -648.294   -41.12
 81.8347 -81.8347  81.8347 -81.8805   61.689  239.402 -652.112  43.3563
 88.8031 -88.8031  88.8031 -90.5588  56.4717  218.433 -615.248 -92.2509
  77.054  -77.054   77.054 -82.5097  60.4961  235.345 -566.122  53.5911
 65.5732  65.5732  65.5732 -60.0485 -138.902  448.759 -841.541 -211.531
 1.83959  126.714  126.714 -9.39907 -147.784  471.158 -1016.07  6.23191
 21.4571  21.4571  21.4571 -104.474 -58.6474  187.948
