     -10      -10       10 -16.4988 -5.27399  225.795   -540.8  113.198
     -10      -10       10 -53.3295 -48.7391  365.225 -606.557 -7.22201
 -14.938  -15.745  49.1938 -28.5993 -3.20343  265.267 -693.021  44.1051
      -10 -0.733876        10  -26.1155  -26.4719   314.841  -613.165  -7.34765
-9.90758   5.0036       10 -20.2853 -23.9842  308.996   -612.5  30.1705
-9.28725  4.22189       10 -17.3062 -25.0236  308.027 -607.958   10.295
-8.12627       10       10 -14.4128  -29.853  309.893 -615.875  16.7492
-6.58391  6.80794       10 -11.4889 -27.6618  309.438 -620.901   28.828
 -4.81203        10        10  -9.34622  -32.6528   310.647  -627.286 -0.546333
-1.19797  3.49583       10 -6.20807 -27.9552  284.221 -593.034  41.3775
 3.58162 -3.30266       10 -3.16799 -18.7998  247.098 -546.997 -74.6618
 4.88827 -7.13088       10 -7.22867 -17.7229   284.49 -584.252  45.6789
      10      -10       10 -13.1613 -14.5715  312.052 -610.755 -13.8621
      10      -10       10 -11.0401 -10.9325  310.854 -599.961  40.9023
      10      -10       10 -10.8358 -13.0306  311.962 -581.253 -19.2869
      10      -10       10 -7.96046 -6.30945  309.581 -573.292  32.9547
      10      -10       10 -9.86228  -14.246  304.192 -530.963 -48.9389
      10      -10       10 -5.06475  2.26706   307.25 -543.725  27.6219
-2.63452 -8.10729       10 -1.74895 -38.9821  358.196 -541.488 -127.739
-0.915869        10        10   5.77739  -20.1599    330.79  -535.767  -2.44208
-4.81564       10       10 -68.3146 -54.6205  180.265
