-74.3222 -74.3222  74.3222  3.99009  52.6064  443.017 -1046.83  105.705
-54.0173 -54.0173  54.0173  7.39904 -3.47275  416.899 -1017.24   32.483
-43.1344 -43.1344  43.1344  26.0251  24.3673  277.017 -775.297  86.0068
     -10      -10       10 -7.65054 -15.8124   309.65 -640.175  6.73478
     -10      -10       10 -5.57219 -9.83612  307.961 -620.541   34.978
-5.67708       10       10 -9.61399 -33.4516  308.962 -601.773  8.80574
-3.98083       10       10 -8.97273 -33.8104  310.411 -596.117  12.9648
 -5.5805   1.0951  10.1327 -5.10217 -26.0645  309.302 -585.411  20.7464
 -8.47281    10.191    10.191 -0.606069  -36.0136   308.779  -573.053  -12.1899
-3.45623  16.0578  16.0578 -4.84309 -40.9143  277.394 -525.299  23.2486
 25.9701  25.9701  25.9701 -32.4534 -45.9949  236.381 -489.209 -99.3384
 44.4858 -44.4858  44.4858 -49.8201  19.1967  250.068 -578.426  30.6091
 77.2704  4.49083  77.2704 -84.1184 -32.9951  242.003 -683.548  -14.822
  88.068  17.6887   88.068 -88.8988 -45.6268  231.305 -731.189  44.8345
 97.0419  39.2548  97.0419 -96.3643 -70.2447  226.826 -752.557  6.35184
 95.7629  54.0187  95.7629 -85.9933 -79.4839  225.459 -783.039  55.5549
 95.8248  58.9605  95.8248 -87.5906 -90.4172  227.732  -758.88  7.63707
 43.1267 -43.1267  43.1267 -5.69496  31.1041  278.891 -774.162  74.1494
-19.9345 -105.806  105.806  25.4921   75.081   75.081 -539.193  6.86144
-21.4418 -39.1208  39.1208  45.2718  45.2718  45.2718 -345.842 -5.67474
     -10      -10       10 -63.2964 -19.5378  185.802
