-19.6814 -19.6814  19.6814  4.51632  2.68271  364.448 -759.996   118.64
 -19.025  -19.025   19.025  1.56813 -47.0412  387.313 -762.993  14.7671
-2.73308 -31.4683  31.4683 0.699851  10.7513  291.842 -694.185  61.2414
      10      -10       10 -9.78764 -17.9332  308.974 -621.528  1.89567
 10.0852  10.0852  10.0852 -6.55823 -28.8668  313.047 -628.767  31.6926
      10       10       10  -4.1053 -31.1854  311.221 -618.504  11.7636
       10        10        10 -0.346104  -30.6697   310.455  -620.018   17.1168
      10       10       10  2.77188 -32.1256   309.03 -617.544  26.4679
      10       10       10  5.79048  -34.172  308.253 -616.261 -2.45805
      10 -5.00989       10  8.33464 -21.0653  285.518 -577.414  33.6803
      10      -10       10  11.0623 -13.6531  259.262  -537.92 -77.7618
      10       10       10  13.7537 -36.4003  287.049 -579.969  37.2899
      10       10       10  17.4832 -36.0349  310.504 -616.642 -12.4269
      10 -3.06617       10   20.909 -19.7765  308.294 -614.101  38.4664
      10  4.16693       10  21.7705 -28.5673  306.804  -599.38 -10.4743
      10  8.40069       10  25.5292  -26.929  305.177 -601.421  38.0705
      10       10       10  24.4699 -35.3624  308.249  -579.76 -30.0597
      10      -10       10  32.4799 0.227207  313.643 -611.926  40.3423
 18.1187 -18.1187  18.1187  10.5757 -23.3893  284.075 -506.731 -80.0395
 13.7518 -20.6692  46.5118  3.14189  11.6014  158.097 -394.013 -20.4754
      10  8.94349       10 -84.2332 -55.4055  201.401
