     -10   -4.896       10  5.21028 -8.15329  232.427 -524.638  109.249
     -10       10       10 -13.0086 -71.5762  335.768 -612.604  13.6182
-6.49804 -27.5759  33.4649 -4.06748  9.58064  291.454 -690.487  51.7603
-3.64309  12.1763  12.1763  -4.0413 -40.5051  309.909 -629.406  4.65495
-0.137561        10        10  -3.17326  -29.5116   310.976  -631.488   34.7284
 1.65207       10       10 -3.33814 -32.0702   309.13 -621.311  15.3687
 3.05891       10       10 -2.16388 -30.9597  310.369 -624.159  19.0684
 4.22194       10       10 -1.05132 -32.1581  309.604 -621.835  27.5122
  6.21461    6.4289        10 -0.868129  -30.2902   309.589  -620.404   -1.4858
      10 -4.63005       10 -2.02343 -21.5793  288.133 -583.516  34.8232
      10      -10       10 0.300265   -13.93  265.745 -545.941 -75.7586
      10      -10       10  1.41802 -15.8814  288.596 -578.372  39.8124
      10      -10       10  2.78534 -14.5971  310.124 -608.189 -17.9423
      10      -10       10  4.77904  -10.569  309.519 -604.856    41.23
      10      -10       10  5.41574 -12.8149  309.832 -594.223 -21.3895
 10.3963 -10.3963  10.3963  7.09216 -5.98483   308.09 -590.857   42.588
 10.1485 -10.1485  10.1485  5.86235 -15.0476  303.613  -559.02 -46.5264
       10       -10        10   10.0884 -0.222104   312.261  -580.333   50.2545
       10 -0.967941        10    3.4133  -50.8591   375.628  -608.149  -112.291
      10       10       10   3.4064 -23.7929  337.559  -542.98  5.56625
      10       10       10 -86.0313 -57.1333  201.623
