     -10      -10       10  17.3414  -2.0575  286.242 -637.606  136.192
     -10       10       10  7.93615 -73.9702  338.833 -655.175  26.5557
 2.80872 -29.6705  30.0044  6.41612  12.4851   296.43 -705.144  61.5523
 14.7106  14.7106  14.7106 -3.31845 -42.6986  306.477 -650.319  8.00511
 13.2788  13.2788  13.2788  2.57551 -32.0807   307.75 -651.148  38.4506
 11.2518  11.2518  11.2518  7.30531 -32.7935  307.557 -637.635  17.2519
      10       10       10  12.1839 -30.6646  309.944 -638.161  21.5565
      10       10       10  15.2963 -31.9527  309.393 -636.943  29.5261
      10       10       10   18.456 -33.8294   308.95 -636.784 0.951022
      10       10       10  20.0889 -35.9139  286.329 -597.806  36.5763
      10 -7.65768       10  21.8037 -16.0635  259.802 -555.061 -74.9716
      10      -10       10  24.8744 -15.7502  285.614 -589.819   40.041
      10      -10       10  28.3517 -14.8573  308.062 -619.935 -16.0327
      10      -10       10  30.6278 -10.9463  307.287 -613.824  39.1379
      10      -10       10  31.3492  -12.996  307.337 -598.676 -21.3526
      10      -10       10  33.5864 -6.32594  304.725 -589.837  35.2874
      10      -10       10  31.1853 -14.6101  300.547 -550.671 -50.2208
      10      -10       10  36.2914 0.553064  306.915     -567  34.5481
      10      -10       10  34.3189 -38.9849  370.796 -580.007 -122.196
      10  2.59229       10  27.4025 -15.7347  292.061 -457.012 -16.0359
 11.7253  11.7253  11.7253 -83.8971 -55.6325  202.681
