 65.0928 -65.0928  65.0928  -94.395  47.2536  357.808  -920.19  132.163
 34.1007 -34.1007  34.1007 -54.1403  -26.692  381.027 -855.226  21.4429
-33.6674 -29.3851  33.6674  29.2463  9.10417  286.927 -721.434  79.3459
     -10      -10       10  6.78215  -17.174  307.295 -633.006 -1.92137
 -23.198   23.198   23.198  19.8788 -43.3607  297.019 -652.414  41.6566
-34.7355   23.996  34.7355  31.6929 -46.8225  282.305 -657.962  7.96735
-44.5596  21.1731  44.5596  42.3704 -43.3567  275.376  -673.45  22.6737
-48.0809  8.16189  48.0809  47.7397 -31.3534  271.806 -672.876  20.9843
 59.8315 -3.41444  59.8315 -60.1565  -21.228  262.908 -688.692  -1.3951
  86.238 -12.8683   86.238 -90.4715 -13.1241  210.161 -670.486  25.1694
 104.114 -22.4294  104.114 -109.662 -1.00177  165.563 -647.792 -87.5886
 119.146 -21.6933  119.146 -122.647 -4.61916  182.692  -731.62  33.1241
 156.288 -16.4914  156.288 -162.022 -9.16486  162.022 -819.173 -14.5322
  157.05 -9.95795   157.05 -158.427 -12.8741  158.427 -825.086  40.1345
 111.184  4.18258  111.184  -101.07 -29.4138  216.159 -777.916 -4.74198
 25.1504  24.5884  85.9957  -7.1054 -44.6699  232.856 -734.449  45.2203
-60.9963  40.7433  60.9963   81.241 -67.0866  256.033 -666.452 -21.0353
      -10       -10        10   50.5773 -0.993076   317.327  -652.848   52.1568
 42.1381 -42.1381  42.1381 -25.9304   4.6281  238.055 -511.233 -63.2067
 77.0679 -77.0679  77.0679 -73.7678  73.7678  73.7678 -360.123 -25.9463
     -10       10       10 -60.4369 -54.0068  197.585
