 8.57771  10.1998  10.1998       10      -10       10 -159.347  147.937
-57.3165  57.3165  57.3165  49.6381 -115.711  115.711 -359.207 0.309575
 69.4281  35.1938  69.4281 -68.5535 -52.0329  230.643 -677.314  49.7466
-48.8389  48.8389  48.8389  64.2087 -90.4933  272.763 -715.566  14.2377
-23.3976  23.3976  23.3976  45.3791 -54.8026  301.657 -685.301   51.378
     -10       10       10  37.8121 -42.5105  308.515 -658.334  28.3403
     -10       10       10  38.8313 -39.6947  311.932 -655.902  29.4214
      10       10       10  21.7441 -37.8312  308.476 -653.635  36.7732
      10      -10       10  23.6367 -15.7162  306.207 -646.388   3.9861
      10      -10       10  25.0072 -8.32025  289.607 -620.953  46.1263
      10      -10       10  24.2015 -2.71117  281.359 -594.522 -65.7126
      10      -10       10  27.4412 -6.80577   289.56 -608.275  58.1971
      10      -10       10   29.518  -16.696   307.11 -622.162 -40.1139
 41.6527 -41.6527  41.6527 -9.23361  17.9391   276.05 -641.366  67.4921
 80.4265 -80.4265  80.4265 -53.8307  46.6595  236.439 -672.094 -85.8296
 126.948 -126.948  126.948 -115.173  104.243  188.793 -681.334  84.8643
  154.07  -154.07   154.07 -143.731  114.843  143.731  -685.46 -170.936
 162.509 -135.265  162.509 -163.609  118.178  163.609 -660.222   127.64
 155.156  155.156  155.156 -116.428 -225.365   386.46 -1017.36 -328.196
 88.5422  247.548  247.548 -68.2848 -262.252  381.353 -1201.35  48.9662
 54.4697  54.4697  54.4697  -136.37 -82.1404   136.37
