-88.3513 -88.3513  88.3513  25.7599  67.2922  443.057 -1105.68  120.514
-75.5297 -75.5297  75.5297  37.8527  20.5721  388.193 -1053.53  44.1972
-38.4288 -38.4288  38.4288   30.626  20.8829   284.51 -779.361  93.4851
     -10      -10       10 0.821102 -13.8391  310.236 -648.523  10.1759
     -10      -10       10  2.35419  -8.4201  309.903 -627.143  36.4988
     -10      -10       10  3.16378  -12.184  308.312 -602.959   9.8263
 4.20676  12.9704  12.9704 -9.53042 -36.6609  306.204 -599.746   11.363
 10.5667  10.5667  10.5667 -12.8582 -35.6648  309.785 -590.016   21.214
  8.1294  10.8631  10.8631  -8.3178   -37.05  308.991 -579.106 -13.5455
 15.2498  15.2498  15.2498 -14.7411 -39.7899  281.305 -532.652  24.2334
  45.7651  -18.3197   45.7651  -47.3948 -0.828244   217.446  -521.229  -102.631
 51.1389 -18.5994  51.1389 -48.7447  -6.9842  241.489 -588.525  32.4044
  33.991   33.991   33.991 -21.2881 -63.3456  289.343 -639.248 -14.0212
 62.1227  7.86074  62.1227 -47.1491 -36.2445  258.404 -698.803  49.1052
 73.6546  31.4575  73.6546 -56.9884 -62.4805   250.62 -724.989    3.982
 73.6128  48.1469  73.6128 -48.8885 -73.5983  244.318 -747.504  58.8744
  76.448  53.8508   76.448 -52.4551 -85.1144  244.921 -733.985  3.90575
 49.4732  5.87438  49.4732 -2.65454 -17.1215  278.547 -790.047  70.9474
-9.32278 -103.042  103.042  21.4827  72.9244  72.9244 -526.524 -3.60246
-11.4828 -28.7829  28.7829  36.3604  36.3604  36.3604 -293.481 -16.7113
     -10 -1.46952       10 -62.4096 -25.7489  193.112
