 3.37602  11.2284  11.2284 -3.13108 -22.8448  144.959 -400.001  104.505
-13.9558  13.9558  13.9558 -20.8433 -73.3803  298.869 -541.854  15.1274
-7.11701 -26.6597   35.088 -15.8797  10.1762  289.559 -685.755  46.7195
-7.42435       10       10 -11.5886 -39.0485  311.299 -619.136  6.91477
-4.93639       10       10 -10.2141 -30.4289   310.29   -625.4  33.9592
-3.93365       10       10 -9.88648 -33.2099  309.142 -615.017  15.7171
   -3.02   8.2518       10 -8.38332 -30.2702  310.372 -617.579   18.218
-1.61702  4.12479       10 -7.37738 -26.9099  309.555 -615.732  27.4943
0.207916 0.781866       10 -6.45917 -24.6379  309.345 -617.482  -0.9337
  3.9946      -10       10 -5.90676 -14.6721  287.256 -584.448  36.3615
      10      -10       10 -7.67673 -11.7908  261.911 -547.831 -71.2307
 8.06786      -10       10 -6.76836  -14.075  287.649 -579.082  40.8035
 10.0711 -10.0711  10.0711 -9.32396 -14.0352  310.068 -605.359 -17.1167
 18.1343 -18.1343  18.1343 -17.7242  -2.1517  300.958 -606.988  39.6658
 26.9338 -26.9338  26.9338 -27.8718  3.93903  292.658 -605.742 -24.0757
 31.6753 -31.6753  31.6753  -32.196   15.525  288.402 -606.506  39.1553
  19.099 -33.8627  33.8627 -21.2162  7.02187  276.809 -570.215 -54.0375
  12.3914  -12.3914   12.3914  -9.50255 -0.304804   311.437  -560.022   48.1661
 3.49716  10.3732  10.3732 -5.37969 -71.5174  421.955 -679.915 -129.514
 -8.6565    58.17    58.17 -5.46313 -76.1385  386.082 -730.296  2.85142
      10       10       10 -95.1347 -54.7204  199.829
