-11.6642 -11.6642  11.6642 -18.4436 -3.68828  232.743 -529.175  101.242
-10.4499 -10.4499  10.4499 -52.4352 -49.7272  362.073 -625.805 -1.55694
  -18.9392   -19.5616     44.405   -25.2646 -0.0273622    272.763   -684.312    46.5549
     -10  4.80409       10 -28.3552 -32.5715   311.71 -608.487 -1.84683
-7.53752  8.75069       10 -26.2869 -27.9402  309.352 -611.067  30.1288
-4.76809  6.05254       10 -26.6391 -26.9779  307.697 -601.672  11.9368
-6.42981  6.61037       10 -21.6055 -26.6415  308.129 -605.393  16.0155
     -10  5.92197       10 -15.0974 -27.2565  307.604 -604.505  26.8555
     -10  6.17099       10 -12.1298 -29.4999  308.454 -607.659  -3.1652
  -8.2601 -0.352418        10  -8.78032  -25.5527   286.349  -572.053   36.0086
-2.93704   -6.524       10 -8.54996 -17.1596  261.703 -536.106  -76.344
-0.0169358    -3.5902         10   -12.7431   -22.6458    288.456   -570.988    41.8691
  4.1281 -1.97164       10 -17.3455 -23.3311  312.055 -601.604  -16.707
      10 -6.91641       10  -20.796 -14.2744  310.868 -596.414  42.4265
 10.8037 -9.55356  10.8037 -20.8986 -13.5841  310.271 -585.958 -19.4487
 12.0239 -12.0239  12.0239 -19.3042 -4.47949  307.712 -585.885  43.9785
 12.3744 -12.3744  12.3744 -20.4745 -12.2901   303.51 -557.881 -42.6397
 8.35942      -10       10 -11.0984  1.28038  313.088  -579.33  53.4439
-4.95109   2.9312       10 -6.73037 -50.4416  336.233 -552.202 -106.163
-9.75368  27.0619  27.0619 -2.45387 -38.4136  299.285 -540.254     7.53
      10       10       10 -92.5545 -56.9429  187.634
