 12.1952  12.1952  12.1952   10.628  -10.628   10.628 -200.501  145.204
-69.6985  69.6985  69.6985  54.8398 -128.054  128.054 -420.657  7.40398
-45.2679  22.5232   70.724  43.1888  -38.936  235.784 -706.022  48.7676
-43.8964  43.8964  43.8964  53.9784 -82.9569  276.954 -707.133  17.4419
      10       10       10  10.0173 -38.6575  315.783 -675.383  50.4137
     -10       10       10  31.5174 -41.2269  309.395 -655.023  28.2566
     -10       10       10  33.6632 -38.6837  310.832  -655.05  28.8612
      10       10       10  16.3118 -37.6292  309.059 -652.374  36.7253
      10       10       10  18.3776 -35.6103  307.392 -647.413   4.6751
      10      -10       10  20.1235  -9.3523  288.078 -615.523  43.9806
      10      -10       10  19.8364 -3.59348  272.194 -579.734 -66.6163
     10     -10      10 22.1638 -7.6774 287.843 -599.71 51.8464
 14.0882 -14.0882  14.0882  19.0741  -11.743  303.403 -622.643 -33.2052
 43.7175 -43.7175  43.7175 -16.7679  20.6983  274.178 -641.004  55.9489
 71.6833 -71.6833  71.6833 -48.7042  40.5279  246.224 -660.628 -68.6735
 103.417 -103.417  103.417 -90.6696  82.1869  212.953 -659.432  65.9584
 121.245 -121.245  121.245 -109.914  84.9369  179.922 -647.168 -140.598
 125.111 -125.111  125.111  -122.62  107.735  195.152 -614.167   96.059
 106.661  106.661  106.661 -68.0947 -176.946  431.374 -952.309 -280.835
 45.8137  187.484  187.484 -23.7359 -203.486  431.657 -1112.79  25.6659
 54.1722  54.1722  54.1722 -138.658 -84.1116  138.658
