-27.1948 -27.1948  27.1948  25.2407  10.4711  340.679 -738.449  114.539
-19.4492 -19.4492  19.4492  17.5139  -46.046  369.481 -737.974  8.49256
-5.14119 -29.8699  29.8699  14.1957  9.06468  297.938 -697.325  62.2712
       10 -0.824003        10  0.479199  -27.4262   311.236  -626.606  -2.07158
      10  8.57321       10  3.84011  -27.661  311.063 -628.768  33.0184
      10       10       10  5.76329 -31.6154  309.066 -620.289  10.3338
      10       10       10  8.96536 -30.7739  309.799 -624.573  17.6228
     10      10      10 11.6421  -32.19 309.014 -624.15 25.3112
      10       10       10  14.0794 -34.0067  308.457 -623.192 -1.97976
      10  4.42371       10  15.3341 -30.5944  286.106 -584.543  33.2483
      10      -10       10  17.1144 -13.9974  260.438 -545.569  -76.343
      10 -2.17738       10  19.7976 -24.2762  285.933  -582.94  38.1986
      10   5.0545       10  23.3584 -30.7274  308.342 -618.871 -13.9071
      10  3.89369       10  26.0069 -26.1967  308.117 -618.859  40.3724
      10  5.00941       10  26.8757 -29.1813  308.486 -608.985 -13.4513
      10  4.22218       10  29.8569 -22.5008  306.391 -608.768  39.7824
      10   2.2264       10  27.9709 -27.6948  304.588 -579.281 -32.8898
      10      -10       10  34.7343  -0.2969  307.881 -606.442  41.3887
      10      -10       10  23.5102 -33.9743   317.89 -529.565 -81.1542
 7.18583 -18.1545  18.1545  18.1215  7.72974  203.925 -387.158  -8.1839
 10.2694  10.2694  10.2694 -78.4827 -58.8916  205.676
