-11.4228 -11.4228  11.4228 -21.2714 -5.02272  257.702 -544.868  92.6736
-10.1272 -10.1272  10.1272 -46.1514 -51.4267  362.859 -643.993 0.548779
-40.1291 -23.3659  40.1291 0.856918  3.39935  281.199 -681.107  50.6196
      -10        10        10  -24.5975   -38.033   311.042  -608.066 -0.609659
     -10       10       10 -20.4664 -29.1713  309.056 -610.785  32.2534
     -10  7.07226       10 -18.3903 -28.1555  306.939  -601.19  11.5675
     -10  6.07594       10 -15.8475 -26.0695  308.359 -604.069  16.8433
     -10  5.27057       10 -13.4761 -26.6977  308.177 -602.683  24.6263
     -10  5.03092       10 -11.4565 -28.5402  309.069 -602.161 -2.98617
     -10 0.226487       10 -7.53747 -27.1112  288.101 -564.569  31.8551
      10      -10       10 -23.9344 -14.9921  267.298 -527.042 -75.0866
      10 -4.24136       10  -23.522 -22.8785  288.768 -562.801  38.5087
      10 -1.73102       10 -23.2652 -23.4982  310.549 -596.242 -16.8271
      10 -4.48717       10 -20.6872 -16.6658  310.253 -596.058  42.6226
      10 -5.77319       10  -19.631 -17.2539  311.241  -589.83 -18.2048
      10 -8.69646       10 -16.5273 -8.06611  309.562 -589.548  46.8068
      10 -8.05697       10 -17.1118 -16.9126  304.927 -563.412 -39.0024
      10 -3.64984       10 -11.9986 -5.51791  314.236 -594.725  59.6786
   2.105  1.57249       10 -13.6703 -49.0753  331.175 -557.991 -91.2346
-0.708354   17.0572   17.0572  -9.66869  -29.2202   284.313  -497.982   12.7397
      10       10       10 -98.0617 -59.0118  194.146
