      -10       -10        10   23.3303 -0.530962   23.3303  -307.977   136.242
-10.2587 -10.2587  10.2587 -66.2888 -41.7195  314.644 -381.246 -27.2317
 -59.1776 -0.317368   59.1776 0.0725561  -17.0204   227.219  -625.689    18.592
     -10      -10       10 -44.4695 -21.5141  322.483 -582.751 -17.8171
     -10      -10       10 -36.3437 -13.5138  308.866 -587.669  21.1686
     -10      -10       10 -32.3818 -15.6745  305.704 -584.825  4.33919
     -10      -10       10 -28.0692 -14.2409   308.31  -603.58   12.106
     -10       10       10 -23.5255 -34.7751  307.966 -617.439   26.407
-8.76647       10       10 -19.8511 -34.5752   309.43 -636.285 0.359137
-1.60359      -10       10  -17.587 -13.0091  286.182 -622.265  46.7056
      10      -10       10 -21.3952 -8.73256  261.338 -597.464 -61.8016
      10      -10       10   -24.61 -12.1647  286.743 -616.371  55.4099
      10      -10       10    -28.5 -14.1971  310.383 -625.224 -16.6162
 16.7252 -16.7252  16.7252 -36.7617 -4.24094  304.236 -616.011  50.8488
  32.097  -32.097   32.097 -55.4698  7.57681  288.296 -613.051   -34.27
 20.6773 -43.3864  43.3864 -46.9736  26.1052  272.401 -596.847  44.4037
 9.60281 -34.4168  34.4168 -36.6568  6.08197  272.131 -527.776 -84.6963
 11.9902 -11.9902  11.9902 -40.8271 -2.25684  310.371 -478.718  38.1475
     -10       10       10 -33.7458 -77.0291  459.719 -634.674 -210.788
-22.6297  30.8816  30.8816 -25.9564 -49.3646  515.756 -793.251  23.7788
     -10       10       10 -49.6903 -51.7538  148.287
