 -41.692  -41.692   41.692  23.9168  20.6771  410.527 -888.818  115.122
-38.1516 -38.1516  38.1516  26.7147 -27.9053  395.086  -861.52  9.28766
-23.1842 -31.3001  31.3001  27.4494  8.48156  293.749 -704.357  67.7035
 -5.3844      -10       10  10.5771 -18.2278  308.719 -621.739  -1.5315
      10      -10       10 -1.47195 -9.40823  312.396 -626.267  31.5246
  10.6304   10.6304   10.6304 -0.709567   -32.387   310.178  -615.858   8.44257
      10       10       10  3.61111 -31.3184  309.929 -616.209  15.4405
      10       10       10  6.22574 -32.9003    308.5 -611.765  23.2856
      10       10       10  8.74889 -34.7483  307.625 -608.285 -4.81581
      10       10       10  9.58131 -36.4449   286.51 -565.811  29.3894
      10 -7.46533       10   11.053 -16.1484  265.915 -527.879 -80.8744
      10 -2.11396       10  15.7707 -25.2934  287.594 -571.709  36.4001
 10.2097  10.2097  10.2097  20.7072 -37.6386  309.713 -617.113  -13.026
 14.7603  14.7603  14.7603  19.6034 -39.4805   304.05 -630.949  43.7012
 22.7722  22.7722  22.7722  11.8448 -49.2796  295.337 -635.023 -7.59435
 26.4821  26.4821  26.4821  11.5777  -46.963  288.857 -644.625  46.9977
 28.9046  28.9046  28.9046  7.42927 -55.4831  289.387  -626.29 -24.4296
      10      -10       10  40.1475 -1.11498  314.473 -648.655  53.6504
 6.84684 -34.6986  34.6986  19.1631 -1.38881  224.618 -481.209 -65.3008
-2.96385 -59.8158  59.8158  13.0215   53.827   53.827 -300.668 -11.6174
-4.83206  9.93148       10 -65.0971 -56.6578  202.714
