 62.1906 -62.1906  62.1906 -61.9159  40.4391  263.926 -706.142  160.419
 41.4991 -41.4991  41.4991 -30.4419 -13.3035  282.814 -699.032  15.3253
 29.5261 -29.5261  29.5261 -8.30121  11.2273  293.963 -704.677  77.2743
      10      -10       10  13.7576 -14.8546  313.235 -650.159 -3.60811
      10       10       10   16.526 -28.4732  312.938 -647.198   43.262
      10       10       10   18.639 -30.9096  312.648 -639.907  7.27738
 10.3833  10.3833  10.3833  20.9883 -31.8246   311.99 -638.074  23.9829
      10       10       10  24.4454 -32.5313  311.929 -636.787  22.0819
      -10        10        10   46.2687  -35.8444   311.791  -629.884 -0.847753
     -10      -10       10  50.5473 -18.8011  311.164 -635.297  37.3663
-153.686  5.64035  153.686   170.79 -30.8158   170.79 -825.882 -98.0197
-150.825  3.59082  150.825  172.529 -32.4948  172.529 -829.102  42.2443
-11.3395  5.96121  11.3395   61.081 -33.5119   308.96 -644.554 -11.0351
      10      -10       10    41.71 -13.8499  310.047 -634.375  43.1495
      10       10       10   43.099 -34.7713   309.97 -628.155 -11.2979
      10  8.10474       10  46.4648 -27.4302  309.547 -630.694  42.3414
      10       10       10  45.4206 -34.2186  309.883 -606.401 -32.1044
      10  4.78556       10  50.4702 -16.9583   309.14 -618.604   45.048
      10      -10       10  38.3239 -23.4856  309.919 -516.229 -100.862
 15.9778  7.13345   59.062 -18.8065 -18.8065  18.8065 -166.266 -15.5209
-13.9997  13.9997  13.9997 -48.9372 -57.6897  202.192
