 -12.328  -12.328   12.328 -41.3293 -9.39638  402.738 -760.185  91.3438
     -10      -10       10 -42.4548 -55.7243  416.055 -768.093 0.629101
 41.1565  -29.093  41.1565 -72.3111  6.82092  277.802 -696.727  61.9267
      10 -9.74688       10 -38.5833 -18.8574  314.427 -614.713 -4.52232
     -10       10       10 -14.6369 -30.0864  309.212 -606.674  31.9766
     -10  8.42402       10 -12.4506 -30.3596  307.776 -597.469   7.6524
     -10       10       10  -9.8031 -31.0005  308.947 -597.974  15.4554
-4.58119  2.86312       10 -12.5924 -24.8526  308.382 -594.628  21.5738
 3.99845       10       10 -19.0614  -33.495  308.491 -591.533 -4.43074
 16.5158 -5.74906  16.5158 -28.9028 -18.8303  277.047 -556.211  27.7524
 29.2949 -9.89125  29.2949 -38.5429 -12.2271  223.246 -511.381 -79.8378
 28.6595 -5.61708  28.6595 -38.1625 -20.1216  264.276 -572.735  33.2336
 29.3609  3.41928  29.3609 -36.9798  -30.077  290.385 -621.011 -11.5322
 31.2794  8.37149  31.2794 -34.8775 -32.7129  288.923 -633.755  39.8692
  33.882   16.633   33.882 -36.3051  -43.364  288.144 -634.424 -3.67622
 29.9762  20.2528  29.9762  -26.258 -41.2253  290.899 -641.787  43.2282
 30.4283  21.6298  30.4283 -27.8795 -49.1706  287.016 -614.901 -12.6022
 12.2083  -2.6865  12.2083  4.80359 -7.08855  314.265  -649.24  51.0834
-2.47314 -47.5801  47.5801  0.73911  9.25166  233.117 -537.727 -42.0773
-7.71842 -66.7308  66.7308  10.2296  62.6755   107.69 -426.588 -8.42415
     -10       10       10 -71.5777 -56.0953  189.674
