 7.38289  16.5951  16.5951  16.3852 -16.3852  16.3852  -255.42  145.207
-78.1787  78.1787  78.1787  59.6603 -133.635  133.635 -494.368  33.9527
-12.5497  22.0137  73.8135   5.9139 -37.6697  241.003 -759.742  47.3863
 47.1658  47.1658  47.1658 -44.1528 -84.5326  269.233 -722.826  31.2054
 24.3394  24.3394  24.3394 -13.9421 -52.2814  296.866 -700.755  49.2013
-2.07376  10.0171  10.0171  16.3958 -39.8852  309.771 -664.923  35.5693
-7.70813       10       10  23.1739 -37.6122  311.955 -659.158  27.1863
-3.16141       10       10  20.2014 -36.6222  310.861 -650.228  40.2652
        10        -10         10    9.05347   -15.6682    308.308   -640.135 -0.0456885
      10       10       10  9.94663 -31.2806  292.571 -607.573  45.1994
      10      -10       10  10.3422 -5.86018  288.401 -588.897 -83.2384
      10      -10       10   12.856 -9.88747  293.603 -595.542  53.2757
 17.4174 -17.4174  17.4174  5.55974 -9.09125  301.406   -618.1 -37.8944
 43.6358 -43.6358  43.6358 -24.6688  21.0858  274.843 -640.704  58.6813
 66.0226 -66.0226  66.0226  -50.231  36.0046  252.762 -653.744 -66.8606
 88.5356 -88.5356  88.5356 -78.8636  68.3502  233.049 -659.475  70.9384
 99.6631 -99.6631  99.6631 -90.0511  64.6007  213.409 -647.609 -134.498
 102.295 -91.0656  102.295 -101.024  74.0054  211.163 -592.062  101.708
 86.4646  86.4646  86.4646 -61.4419 -159.562  424.342  -873.62 -277.404
 30.9878  144.417  144.417 -17.0569 -162.811  445.279 -1016.15  57.8139
 54.8318  54.8318  54.8318 -140.929 -88.9347  140.929
