     -10      -10       10 -2.73742  -5.3602  280.161 -600.215  115.411
     -10 -8.01832       10 -14.9045 -53.4396  352.787 -658.024  15.7994
-0.769019  -28.2852   33.6527  -11.3643   9.50466   290.411   -693.94   55.1974
 12.8744  12.8744  12.8744 -21.5622 -40.5866   308.84 -634.356  4.67907
 10.5465  10.5465  10.5465 -14.6498 -29.7482  310.415  -633.46  35.0478
 9.45837       10       10 -11.0818 -31.3845  309.219 -623.627  16.0442
 8.19853       10       10 -6.73488 -30.5479  310.049 -625.106  19.2868
 7.75332       10       10 -3.38995 -31.8959  309.302 -623.225  28.7789
 8.22637       10       10 -1.35761 -34.0477  309.269 -620.876 -1.55639
       10   5.79134        10 -0.642891  -32.7769   289.717  -584.992   36.3238
      10      -10       10   1.9454 -14.7987  271.244 -552.498 -79.7147
      10 -3.63362       10   3.8362 -23.3357  290.291 -580.019  41.3986
      10 -2.79864       10  6.12803 -22.4411  310.097 -608.422   -17.35
      10 -6.49265       10  8.84197 -14.6907  309.441 -605.964  41.8958
      10 -8.64789       10  9.72468 -14.5004  309.945 -594.203 -20.6744
      10      -10       10  12.6957 -6.88332  308.512  -591.98  41.9829
      10      -10       10  11.3155 -14.9731  305.855     -562 -46.1986
      10 -6.10419       10  16.8092 -3.62303  311.959 -584.456  47.9827
      10 -2.21457       10  8.58084  -44.564  342.951 -553.256 -112.492
      10       10       10  7.19552 -22.1217  271.374 -442.611  2.69087
      10       10       10 -86.7591 -56.5464  201.361
