     -10       10       10  11.3098 -21.5051  191.333 -474.764  116.603
-18.5699  18.5699  18.5699 -4.40737 -78.0598  307.915 -594.127  19.2632
 -9.23094  -23.4716   36.7641 -0.600143   6.68196   285.678   -699.31   51.2546
  -4.241   15.755   15.755 -2.82789 -44.1799  306.293 -642.038  9.61202
0.0349695        10        10  -2.04895  -29.9481   311.872  -640.176   36.2887
 2.17035       10       10 -2.67764 -32.6691  308.993 -626.574  18.9521
 3.30721       10       10 -1.24402 -31.5357  310.119 -628.642  19.3383
 3.70741       10       10 0.523004 -32.7006  309.737 -625.759  29.2513
 4.08807       10       10  2.09685 -34.4205  310.216 -623.661 -2.09312
 5.26531 -8.16635       10  3.43213 -18.6827  291.847  -590.18  36.5391
 6.50096      -10       10  3.76581 -14.2933  278.256 -563.238 -78.8588
      10      -10       10  2.22727  -16.286  291.403 -583.421  42.5321
      10      -10       10  3.76013  -14.748  309.343 -607.925 -19.7561
 10.5648 -10.5648  10.5648  5.12574 -9.69976   309.44 -607.443  43.6692
 17.3794 -17.3794  17.3794 -2.41492  -5.3571  301.877 -602.479 -26.1697
 19.5913 -19.5913  19.5913 -3.22773  3.51995  298.489 -599.351  45.3721
 18.2413 -18.2413  18.2413 -3.36794 -6.98438  295.742 -564.936 -56.6401
      10      -10       10  9.29927  -0.6657  313.947 -571.198  53.8764
 6.41034  1.93518       10  7.38553 -55.5987  390.199 -619.186 -133.166
 9.42565  10.0214  10.0214  3.78627 -25.3382  364.515 -566.404  13.4071
 14.1738  14.1738  14.1738 -90.8541 -59.7435  195.207
