 4.96675      -10       10 -17.4422 -3.88455  302.707 -623.659  88.9822
      10      -10       10  -31.333 -53.4902  339.995 -625.896  21.0042
 32.6462 -27.6491  32.6462 -42.7385  9.49368  286.235 -671.961  44.1805
      10       10       10 -17.7536 -38.7426  316.766 -626.377  4.56119
      10       10       10 -13.2509 -29.4645  311.258 -625.941  29.8214
      10       10       10 -11.4267 -31.9299  312.162 -622.539  15.5602
      10       10       10 -8.48459 -30.7911  311.689 -624.272  17.1396
      10       10       10 -5.89916 -31.8867  309.276 -620.972  28.3269
      10  6.26725       10 -3.53167 -30.0423  309.832 -621.929 -0.23677
      10  0.41607       10 -1.38964 -26.5681  293.913 -593.014  33.8524
      10      -10       10  1.64272 -14.2973  256.483 -533.994 -74.4829
      10 -4.37945       10  2.15904 -21.7449   292.97 -586.019   37.586
      10 -2.47806       10  3.60222 -22.4133  311.365 -610.903 -14.1766
      10 -6.13331       10  5.52741  -15.104  306.657  -600.41  39.0209
      10 -8.27143       10   5.9469 -14.6316  314.205 -599.882 -17.8365
      10      -10       10  8.37737 -7.36771  307.847 -590.123  37.4146
      10      -10       10  6.98904 -15.2721  315.774 -578.323 -39.1697
      10 -8.04503       10  11.1798 -1.39671  306.204 -574.842  38.1354
      10 -3.13434       10  1.92207 -46.3113  331.963 -538.415 -87.2419
      10       10       10  5.47196 -21.5882  307.727  -514.03 -4.75348
      10       10       10 -84.3799 -56.8202  198.803
