-33.2529 -33.2529  33.2529 -23.6949  9.90873  430.697 -877.813  105.109
-27.5384 -27.5384  27.5384 -19.9163 -35.6353  428.596 -883.439  10.1077
-24.7337 -40.2955  40.2955   2.4821   18.469  275.941 -711.774  69.3505
     -10      -10       10 -9.88968 -17.6899  308.934 -621.472  1.28342
-3.27158  4.19607       10 -14.1559 -24.2544  310.833 -616.513  31.1648
0.369863       10       10 -15.9542 -32.5149  309.328 -603.259  10.1864
0.808785       10       10 -13.3232 -32.2052  309.126 -600.742  14.3075
-2.61523  10.2915  10.2915 -7.54881 -33.8574  307.509 -593.214  23.1274
-10.5476  10.9612  10.9612  2.22832 -35.8961  306.933 -586.888 -8.41467
-25.9331 -3.67999  25.9331  16.8415 -21.7799  270.538 -560.085  26.2931
0.493947 -7.44018  39.8397 -8.99493 -14.5479  234.606 -540.845 -89.4811
 36.1219 -2.70048  36.1219 -40.2494  -24.175  263.129 -586.553   34.756
 41.1035   7.2317  41.1035  -41.721 -35.7498  280.157 -641.177 -15.0705
  46.656  16.8653   46.656 -42.7845 -43.4198  274.262 -663.434  45.9698
 52.9041  29.4797  52.9041 -47.5213  -58.437  268.106  -671.08 -4.76434
 52.7658  36.8616  52.7658 -41.3322 -59.7931  266.935 -686.262  54.7401
 53.6235  33.2257  53.6235 -42.1836 -61.8057  270.431 -677.515 -13.7509
  34.151 -8.13668   34.151  -5.6438 -2.10988  296.837 -717.543  70.4696
-5.86798 -88.4741  88.4741  9.00987  57.1903  116.062 -508.581 -36.4185
-19.1011 -56.9913  56.9913  29.4276  56.4613  56.4613 -339.164 0.529615
     -10 -4.67977       10  -67.141 -36.2882  188.503
