-29.9051  74.4221  74.4221  42.6368 -76.6014  76.6014 -548.625  108.689
 -17.328  100.277  100.277  5.48248 -166.582  166.582 -649.585  58.0876
 89.1698  26.4822  89.1698 -82.8511  -44.527  212.981 -783.708  53.1975
 69.4858  69.4858  69.4858 -57.5814  -107.78   242.21 -761.207  44.3431
 39.3095  39.3095  39.3095 -18.1641 -66.7317  282.096 -740.328  50.7081
 20.4284  20.4284  20.4284  4.36824 -49.5471  298.219 -691.545  41.0493
      10       10       10  17.9387 -36.3292  311.196 -672.321  31.3614
      10       10       10  18.7985 -35.1155  309.479 -659.201  38.5302
      10      -10       10   20.052 -14.8546  305.584 -643.449  8.04365
      10      -10       10  21.6945 -9.44884  303.691 -636.506  37.1843
 116.182 -10.1742  116.182 -111.638 -6.35014  111.638 -598.851  -75.963
  18.2767  -18.2767   18.2767   14.0402 -0.457548   293.982  -626.607   39.0814
 21.6876 -21.6876  21.6876  10.4426  -3.7459  294.697 -620.844 -24.3733
 40.0667 -40.0667  40.0667 -10.5598   18.175  276.492 -632.694  40.5912
 58.5847 -58.5847  58.5847 -31.8649  30.9956   262.24 -644.285 -51.5308
 79.7869 -79.7869  79.7869 -58.6009  60.3082  234.512 -636.918  44.6643
 88.3116 -88.3116  88.3116 -67.2568  56.3221  238.214 -644.373 -110.796
 87.4232 -87.4232  87.4232 -74.9458  72.6122  210.846 -547.317  54.0973
  46.825   46.825   46.825 -6.69639 -117.164   417.43 -731.946 -200.985
 35.1499  78.5883  78.5883  13.7973 -96.6615  505.674 -942.813 -11.6225
-72.7119  72.7119  72.7119 -13.8068 -106.492  106.492
