     -10      -10       10 -44.7762 -10.4463  318.238 -613.058  93.9442
-16.0109 -16.0109  16.0109 -65.3598 -45.0294  415.818 -667.357  -44.856
-60.0677 -20.8109  60.0677  10.1987 0.441998  235.257 -683.031  43.6884
     -10       10       10 -34.7784 -39.6259  319.396 -600.254 -21.2212
     -10      -10       10 -27.7098 -10.1126  308.222 -597.118  27.5068
     -10       10       10 -25.1733  -31.742  307.649 -592.035  1.87452
     -10      -10       10 -21.0915 -9.95084  308.648 -600.334  13.6968
      -10 -0.067091        10  -17.4331  -21.1606   307.878  -605.214   23.2453
     -10       10       10 -13.9654 -33.1089  309.144 -614.161 -3.24782
-0.247277        10        10  -17.2702  -35.3537   284.844  -585.262   37.8265
      10      -10       10 -17.8525 -12.7265  246.741 -549.201 -75.4991
      10       10       10 -22.4546 -36.5972  286.058 -584.624  43.9344
      10       10       10 -23.2365 -36.2713  311.523 -611.906 -10.9929
      10       10       10 -21.0303 -33.4224  310.324 -603.397  41.4062
      10       10       10 -20.5336 -35.1903  311.443  -588.53 -10.8655
      10  8.22784       10 -17.5534 -27.6391  309.817 -585.265  36.3278
      10      -10       10 -18.2383 -15.3284  307.891 -556.233 -28.9603
      10      -10       10 -10.9318  1.33773  312.293  -592.44  37.6757
-31.4388 -31.4388  31.4388  17.7428 -5.59846  270.899 -512.293  -67.775
-37.6526 -37.6526  37.6526  37.3132  32.8167   188.94 -470.156  23.9233
     -10      -10       10 -47.6738 -37.1403  152.405
