 58.2256  43.8909  58.2256 -50.8056 -50.8056  50.8056 -429.513  119.977
 1.37889  79.9755  98.3141 -27.8286 -139.285  175.432 -674.217  42.6947
-30.4777 -15.8968  120.314  20.1791  2.62141   180.18  -864.94  81.7695
-16.3602  38.4208  87.3032  2.07008 -70.4848  242.449 -798.628  23.8898
-12.1562  25.6032  25.6032  13.0402 -48.8397  299.311 -706.007  56.1605
-17.7527  17.7527  17.7527  18.6438  -43.623  298.247 -651.364  23.0787
-11.7846  11.7846  11.7846  14.0716 -35.8466    309.6 -639.851  30.5764
-10.5724  10.5724  10.5724  14.0401 -34.7584  308.668  -624.69  25.0909
     -10      -10       10  14.5356 -15.3866  311.633 -617.134  3.21991
 21.7262 -21.7262  21.7262  -16.672 -2.41742  290.474 -615.547  29.6381
 117.105 -15.3612  117.105 -130.135 -7.42807  130.135 -611.297 -82.0705
 19.2134  19.2134  19.2134 -10.4071 -42.7698  294.249 -608.049  34.5421
 42.9643 -42.9643  42.9643 -35.4614  18.2499  289.887  -667.23 -18.3781
 147.167 -37.8368  147.167 -159.217  17.4265  159.217 -740.993  30.8159
 149.044 -46.4613  149.044 -160.463  22.3653  160.463 -736.178 -33.8669
 63.1622 -63.1622  63.1622 -54.6176  45.7087  267.378 -666.929  39.1641
 53.7044 -53.7044  53.7044 -43.9425  23.8934  255.158 -601.628 -57.9739
 41.6084 -41.6084  41.6084  -26.388  25.7757  283.907  -614.04  60.1768
 44.5659  44.5659  44.5659 -22.6595 -112.592  410.922 -807.097 -119.388
 33.6671  98.4824  98.4824 -24.9747  -118.82  435.589 -939.072 -3.76935
-68.3283  30.2867  98.7087 -33.9748 -68.0969  68.0969
