 6.57301 -3.70659       10       10      -10       10 -262.188  131.793
-16.3714 -16.3714  16.3714 -57.7602 -38.9083  267.047 -335.984 -19.4445
-61.1072 -20.9534  61.1072 -6.05465  3.28485  225.175 -610.219  16.0257
     -10      -10       10 -53.2321 -24.4857  319.812 -560.311 -19.4625
     -10      -10       10 -46.2839 -15.4446  307.588  -564.88  19.2204
     -10      -10       10  -42.705 -18.1877  305.385 -564.966 0.642302
     -10      -10       10 -39.5374 -15.5896  307.359 -579.029  8.71988
     -10      -10       10 -34.3307 -15.1617  305.369 -594.461  21.8987
     -10      -10       10 -29.0358 -14.1913  306.748 -619.682 -1.06476
     -10      -10       10 -18.2137 -11.6904  285.291 -619.627  46.7662
     -10      -10       10 -8.95868 -6.65953  261.606 -604.417 -54.2323
     -10      -10       10 -13.3522  -10.602  286.755 -623.003  58.0984
      10      -10       10 -38.9952 -14.5052  309.389 -625.736 -14.2632
  20.4576  -20.4576   20.4576  -52.6253 -0.846238    298.57  -617.968   51.3464
 47.7322 -47.7322  47.7322  -86.155  21.7282  269.287 -625.394 -38.2884
 68.0089 -68.0089  68.0089 -112.844   49.979  249.265 -626.238  46.5538
  70.221  -70.221   70.221 -116.344  39.3877  233.775  -568.92 -94.2602
 43.5025 -43.5025  43.5025 -93.3844  26.6981  276.883 -510.206  47.1209
-32.5036   62.954   62.954 -43.0629 -140.201  430.559 -747.562 -226.839
-79.9815  144.681  144.681 -24.2137 -172.511  449.351 -1011.57  17.3401
      10      -10       10  -75.666 -31.6025   148.42
