 104.727 -104.727  104.727 -115.036  82.6087  441.282 -1159.28  134.036
-109.068 -109.068  109.068  112.583  46.9215  334.811 -1056.13  46.4091
-30.0075 -30.0075  30.0075  55.0464  8.91083  302.103 -765.201  89.1787
      10      -10       10  10.9054 -15.9808  306.657 -639.914  8.65747
      10      -10       10  13.5394 -9.08808  308.602 -634.133  33.2597
      10       10       10  13.9808 -32.0156  309.104 -617.489  8.92938
      10      -10       10  17.4733 -12.9881   309.09 -615.157  11.8559
 11.5919  11.5919  11.5919  17.7252 -35.8898  307.185 -611.098  20.8497
      10       10       10  21.9342 -36.4246  308.162 -601.346 -10.1519
      10       10       10  21.0333 -36.8109  288.238 -551.768  24.9191
      10 -1.58761       10  20.8251 -21.2834  275.083 -514.124 -92.1581
      10       10       10  28.6853 -37.8502  286.896 -559.988  34.7269
  14.624   14.624   14.624  32.2655 -43.8813  302.319 -624.604  -14.663
 24.4059  24.4059  24.4059  27.2484 -51.2621  292.486 -661.158  50.6636
 38.0354  38.0354  38.0354  14.7031 -67.1033  279.838 -686.276 -3.33316
 44.7711  44.7711  44.7711  13.0555 -67.7105  270.213 -715.543  60.4632
 47.8692  47.8692  47.8692  8.92581 -77.0999  269.395 -700.389 -14.2457
      10      -10       10  68.3969 -2.25689   319.57 -724.072  68.9965
 102.013  -59.703  102.013 -84.5061  28.1423  84.5061 -470.608 -58.2673
 21.8704 -21.8704  21.8704 -6.37518  23.2842  23.2842 -176.888 -26.1992
 12.9494  12.9494  12.9494 -79.4935 -50.8162  205.003
