-89.1382 -89.1382  89.1382  65.0127  65.8256  407.352 -1023.17  110.256
-64.9076 -64.9076  64.9076  58.7825  0.51492  370.692 -946.622  14.5424
-31.5395 -31.5395  31.5395  41.0323  8.41563  299.703  -731.82   77.038
      10      -10       10 -1.20573  -18.189  308.755  -627.61 -3.33661
      10      -10       10  1.05533 -9.71193   309.04 -619.696  31.7223
      10      -10       10  2.61894 -12.5576  308.817 -610.247  5.27962
  12.279   12.279   12.279  2.49075 -34.5221  308.403  -615.92  13.4216
 11.3446  11.3446  11.3446  6.16185 -35.2129  307.911  -610.37  20.7996
      10       10       10  9.40123  -35.467   308.79 -600.185 -8.56236
       10 -0.108172        10   9.27511  -26.9841   288.667  -553.106   27.1585
     10      10      10 9.30712 -33.708 273.984 -517.76  -88.52
      10       10       10   15.585 -38.1345  289.192 -562.989  37.0118
 11.4711  11.4711  11.4711  20.8597 -40.1254  307.003 -617.766 -14.6235
 20.7158  20.7158  20.7158  15.1063 -46.7051  296.483 -646.461  50.7667
 32.0549  32.0549  32.0549  4.04957 -60.1142  287.687 -665.386  -5.0894
 39.6525  39.6525  39.6525 0.283238 -61.8816  280.193 -692.998  58.0563
 44.3409  44.3409  44.3409 -7.06674  -72.512  274.705  -672.62 -19.3425
      10      -10       10  45.0099 -1.58054  310.096 -675.601  68.1536
 46.6341 -46.6341  46.6341 -23.4739  13.9119  184.106 -469.214 -55.8743
 9.54621 -33.4681  33.4681  4.30819  30.4594  30.4594  -223.75  2.04237
      10  7.00664       10 -77.4779 -51.6826  206.773
