 3.22127 -1.28302       10       10      -10       10 -206.984  119.055
     -10      -10       10 -41.3453 -46.9837  166.105 -158.296   -32.96
-17.8112 -17.4061  58.9799 -57.0307 -1.01212  226.277 -571.774  14.7069
     -10      -10       10  -58.441 -30.0698  320.061 -554.192 -21.5961
     -10      -10       10 -51.5496 -18.7285   308.62  -557.56  21.8083
     -10      -10       10  -45.278 -21.7219  303.756 -562.149 0.469938
     -10      -10       10 -41.8275 -18.7409  307.578 -579.725  12.2325
     -10      -10       10 -34.8557 -17.9074  304.656 -597.616  23.4346
     -10 -3.33714       10 -28.8709 -22.3646  305.101 -619.861  3.37555
      10      -10       10 -37.4116 -9.67156  287.412 -625.995  50.6324
      10      -10       10 -30.6595 -4.00956  274.002 -616.683 -42.9837
     -10      -10       10 -12.7808 -8.84724  289.833 -624.759  65.6916
      10      -10       10 -37.9211 -16.9468  308.392 -619.103 -24.3273
 31.9601 -31.9601  31.9601 -66.7139  8.51917  285.774  -617.94  63.9633
 68.1752 -68.1752  68.1752 -110.042  38.0273  247.996 -636.629 -67.8755
 105.165 -105.165  105.165 -160.146  86.8485  209.709 -639.247   69.932
 121.078 -121.078  121.078 -175.237  87.6872  175.237 -606.789  -150.68
 110.112 -110.112  110.112 -180.442  98.1452  208.228 -544.729  88.5077
 144.404  144.404  144.404 -231.582  -226.97  378.868 -911.926 -314.822
-9.05166  276.678  276.678 -129.396 -307.196  397.716 -1274.33  38.6787
      10      -10       10 -86.3886 -26.9877   152.37
