-17.0592 -17.0592  17.0592  26.3089  1.11941  342.773 -711.534  111.333
-13.5902 -13.5902  13.5902  22.0233 -52.5893  367.202 -716.078  8.43439
-4.58728 -28.9772  28.9772   21.364  8.43211  299.014 -695.935  60.0613
      10      -10       10  8.61665 -18.3656  310.256 -630.612 -0.79613
      10       10       10  11.7634 -28.9977  310.625 -634.963  34.1135
      10       10       10  13.5406 -31.3139  308.664 -627.116  11.3179
      10       10       10  16.4237 -30.3905  309.434 -630.769  18.5748
      10       10       10  18.7576 -31.7757  308.775 -629.834  25.5376
      10       10       10   20.962 -33.7352  308.189   -628.8 -1.49639
      10  4.54303       10  21.3096 -30.9308  285.989 -588.582  32.8723
      10      -10       10  22.3749 -14.5324  259.553 -548.366 -75.6522
      10 -2.21655       10  25.3534 -24.4557  285.381 -586.291  37.5211
      10  2.44657       10  29.1944 -27.8114  307.527 -622.249 -13.7297
      10       10       10   31.378 -31.6835  306.995 -621.354  39.2914
      10  2.70872       10  32.1162 -26.3114  307.754 -611.361 -13.8711
      10 0.459766       10  34.5526 -18.2579  305.736 -609.358  38.4274
      10 -3.52897       10  32.4349 -21.8349  303.546 -578.992 -34.1412
       10       -10        10    38.867 -0.344508   307.521  -606.858   41.4348
      10      -10       10  29.1456  -34.988  330.321 -548.837 -83.3889
 4.18286      -10       10  26.2692 -1.50436  221.811 -390.915 -4.98773
 11.0149  11.0149  11.0149 -74.9479  -60.091   206.36
