     -10      -10       10 -56.8636 -12.8493  402.775 -739.261  76.4938
     -10      -10       10 -60.6273 -54.6982  420.613  -728.04 -6.14352
 52.9752  -38.296  52.9752 -97.2411   17.195  257.176 -703.244  46.6514
      10       10       10 -51.2036 -39.8355  321.754  -613.36 -10.5912
      10      -10       10 -44.1424  -10.585  306.741 -597.593  27.6905
 1.98605       10       10 -34.5988 -32.5235  309.359 -593.793  4.58587
      10  0.69547       10 -39.0441 -21.8682  309.396 -596.281  14.5511
      10       10       10 -36.3061 -32.0747  308.735 -594.125  19.9697
      10      -10       10 -33.2874 -12.4618  308.034 -591.015 -3.13796
 10.6241  10.6241  10.6241  -29.498 -33.8793  276.612 -537.331  24.2978
      10      -10       10  -17.724 -9.57411  207.313 -441.067  -75.651
      10      -10       10 -22.7717 -14.4618  277.396 -539.898  31.6869
 13.4823  13.4823  13.4823 -26.2806 -39.9722  306.762 -601.329 -8.97306
 16.5175  16.5175  16.5175 -25.3932 -41.6311  301.762 -612.477  40.0005
 20.8338  20.8338  20.8338 -29.3844 -48.2599  303.071  -618.37 -2.51911
 17.6513  17.6513  17.6513 -20.2402 -39.6842  304.038 -623.999  41.9796
 16.5507  16.5507  16.5507 -19.8861 -44.8692  302.679 -593.918 -10.7431
      10      -10       10 -0.51332 0.306475  311.357 -638.411  50.1273
-12.4282 -44.2968  44.2968  5.84225  6.49624  242.814 -551.669  -36.693
-9.79647 -60.4373  60.4373  14.8621  59.5986  149.696 -516.482 -5.82829
     -10      -10       10 -61.2451  -35.044  171.857
