     -10      -10       10 -14.7552 -5.93386  174.276  -474.96  117.166
-12.5142 -12.5142  12.5142 -70.2986 -42.9284  388.198 -555.127 -37.7095
-2.30792 -15.8648  62.8587 -52.6929 -2.90401  226.465 -659.013  30.0332
     -10      -10       10 -37.5714 -18.5087  319.782 -594.876 -19.8988
     -10       10       10 -30.1405  -31.052  307.933 -595.164  24.0847
     -10      -10       10  -25.728 -11.9542  306.913 -595.305  4.68447
     -10 -5.55093       10 -21.2606 -15.0624    309.5 -610.276  13.8608
     -10   5.1617       10 -16.5012  -26.859  308.982 -620.256  26.0909
      -10        10        10  -12.0998   -33.493   310.448  -631.835 -0.756546
     -10       10       10  -4.4056 -36.0746  285.964 -606.928  43.0321
-3.38188  6.38717       10 -3.07814 -30.1803  255.724 -573.626  -71.227
-2.19036   3.1925       10 -7.10146 -29.1953  286.556 -597.929  48.8297
 1.02907      -10       10 -11.6451 -14.5097   311.17 -615.816 -14.7735
      10      -10       10 -19.0926 -10.9937    310.4 -601.408  44.0706
      10      -10       10 -18.6851 -13.3333  311.689 -583.487 -20.2319
      10      -10       10 -16.5817 -7.48421  311.036 -573.915   37.336
      10      -10       10 -17.3108 -15.0428  305.067 -535.449 -49.3671
-2.22745      -10       10 -2.53581 0.129046  310.943 -540.819  33.5069
-7.44214      -10       10 -6.41434 -37.4186  364.838 -546.964 -124.216
 1.33276       10       10 -5.63815 -21.0292  347.527 -559.801  24.4032
      10      -10       10 -63.8228  -35.693   145.29
