-21.5963    36.25    36.25  39.1445 -39.1445  39.1445 -348.842  139.459
-86.5865  86.5865  86.5865  67.1417 -143.844  143.844 -528.053  25.2955
-73.6402  19.9871  73.6402   70.767 -34.7904  246.153 -761.588  50.5531
-32.5875  32.5875  32.5875  39.9791 -67.5959  291.454 -699.713   20.472
      10       10       10  5.37547 -35.5513  312.119 -671.004  47.8263
      10       10       10  6.43334  -38.491   309.58 -655.042  27.6077
      10       10       10  8.40829 -36.3811  310.851  -653.86  27.1433
 6.74282       10       10  13.6827  -35.915  309.452 -648.292  36.4984
      10       10       10  12.2766 -35.1688  307.448 -641.263  2.13173
      10      -10       10  14.0458 -11.6675  287.703 -605.973  42.4253
      10      -10       10  13.9225 -6.66605  272.895 -570.893 -74.8498
      10      -10       10  16.5806 -10.4219  289.502 -596.462  48.1751
 15.4123 -15.4123  15.4123  11.4132 -10.0038  304.049 -622.717 -30.9654
 37.6276 -37.6276  37.6276 -14.1642  15.6872  280.011 -638.129  50.3884
 56.6952 -56.6952  56.6952 -36.6679  28.7078  262.154  -645.03 -52.7191
 74.1071 -74.1071  74.1071 -58.5028   54.983  245.341 -645.987  54.8569
 81.9869 -81.9869  81.9869 -68.8672  48.9472  224.409 -610.087 -109.338
 70.9793 -70.9793  70.9793 -60.4072  54.2582  242.417 -564.085  72.1193
 35.1745  22.9145  51.1851 -3.19946 -95.1822  459.177  -817.17 -232.847
 5.18371  84.4604  84.4604  23.1431 -102.188  478.337 -915.422  29.5005
 55.8337  55.8337  55.8337 -141.478 -91.5604  144.788
