-38.5273 -38.5273  38.5273 -29.4119  14.5157  424.977 -888.354  102.476
-27.0625 -27.0625  27.0625 -31.3508 -34.1914   436.01 -894.448  5.98312
-16.7418 -39.0712  45.0505 -11.2316  18.1123  264.482 -729.099  71.8166
     -10      -10       10 -17.2387 -17.8083  311.565 -624.761 -0.46409
-0.930687        10        10  -23.7053  -30.3656   310.418  -612.229   30.1973
 6.14077      -10       10  -28.488 -12.1608  308.141 -596.112  8.46016
 4.16125       10       10 -23.7164 -32.4108  308.581  -594.28   12.117
0.742617       10       10 -17.5778 -33.7173  309.112 -591.101   22.317
-3.65104  2.67609  18.7046 -12.5026 -27.8956  299.262 -595.102 -9.96789
-8.56327   18.065   18.065 -4.62328 -43.8729  280.092 -553.505  27.6966
-9.13391 -9.21973  47.7302 -5.99104 -12.6921  224.424 -548.539 -91.3046
-1.56335 -2.23615  52.9517 -11.2294 -24.6629  244.154 -607.946  35.9839
 17.6662  8.11739   56.941 -27.2388  -37.113  263.853 -663.681 -15.4756
 57.9294  16.9676  57.9294 -61.8532 -43.9722   263.16 -682.592  47.8922
 66.9249  31.0462  66.9249 -69.8124 -60.4111  254.343 -694.399 -4.34531
 67.0757  39.6038  67.0757 -63.6878 -63.0794  252.018 -710.193  56.8222
 68.7479  35.2404  68.7479 -65.8883 -63.9325  255.624 -700.998 -13.5642
 45.6025 -14.2933  45.6025 -24.3362  4.76608  286.659 -741.162  73.2178
-15.5129 -106.759  106.759  12.3669  78.2576  81.0802 -518.129 -30.9617
-36.8106 -55.5856  55.5856  49.0254  57.5149  57.5149  -362.66  10.4107
      10      -10       10 -82.5121 -29.1557  178.015
