     -10      -10       10 -13.9782 -4.94713  244.964 -546.624  105.351
     -10      -10       10 -41.6018 -51.0088  360.121 -631.052  3.39889
-12.9116 -22.6909  40.6743 -21.7637   3.1419   278.54 -682.679  48.5972
      -10        10        10  -19.4249   -37.906   311.097  -610.971 -0.518269
-5.28462       10       10 -19.9032 -29.0459  310.405 -615.815  31.0877
-3.12659  6.73383       10 -19.6858 -27.6731  308.748 -606.776  12.8328
-2.53327   5.3151       10 -17.0154 -25.2241  309.039 -609.428  16.5943
-2.69272  3.20562       10 -13.6848 -24.2377  308.266 -609.697   27.677
-3.54097       10       10 -10.1604 -33.1644  309.654 -613.044 -2.90359
 -1.54454 -0.932105        10  -6.99664  -24.2819   285.441  -576.698   37.1738
  1.8715 -5.94089       10 -4.42501 -16.7792  255.037 -535.913 -78.2437
 3.51333 -4.95632       10  -7.9539  -20.598  286.935 -573.287  41.6933
 7.12335 -3.14389       10 -11.8099 -21.7954  312.298 -605.016 -15.7394
      10 -9.32676       10  -12.211  -11.802  311.232 -600.336  40.9237
 10.2639 -10.2639  10.2639 -11.7974 -12.9725  310.681 -587.407 -16.7942
      10      -10       10 -8.52458 -6.66178  309.628 -585.272   39.784
 10.1039 -10.1039  10.1039 -9.81877 -14.5913  306.592 -556.335 -39.3739
      10 -9.57271       10 -4.58265  0.59482  314.497 -581.884  43.9081
-1.73981  8.33621       10 -1.77669  -56.511  346.166 -564.177 -100.902
-4.71016  17.3275  17.3275   3.1928  -28.802  311.766 -533.629 -3.29834
      10       10       10 -91.4879 -56.8291  192.788
