     -10      -10       10    11.48 -3.71771  283.623 -608.693  116.314
     -10  2.99853       10  1.30354 -66.9872  347.828 -648.024  12.9319
 1.40932 -29.2077  30.4128  1.63461  10.7917  296.011 -691.738   55.721
 5.62291       10       10  0.39131 -38.3398  312.053 -632.124  3.58766
      10       10       10 0.145909  -29.086  311.247 -637.611  35.9393
      10       10       10  2.08797 -31.5062      309 -628.005  15.0873
      10       10       10  5.11381 -30.4634  309.869 -631.362  20.1136
      10       10       10  7.65564 -31.7591  309.387 -630.188  28.1887
        10         10         10    10.2906   -33.5503    309.323   -630.818 -0.0731357
      10  6.72996       10  11.9029 -32.7664   286.92 -591.895  35.4639
      10      -10       10  14.1461 -13.9635  259.354 -550.146 -74.5571
      10 -5.61963       10  15.6273 -20.3341  286.619 -584.623  38.9518
      10 -6.19348       10  18.0787  -18.465  309.169 -615.284 -15.7805
      10      -10       10  19.9553 -10.9918  308.379  -609.46  38.2846
      10      -10       10  20.4851 -12.9396  308.651 -596.823 -19.2616
      10      -10       10  22.8174 -6.73978  306.494 -592.136  36.1325
      10      -10       10  20.8447 -15.1354  302.774 -558.928 -42.9332
       10       -10        10   26.3329 -0.106483   310.023  -583.836   39.4234
 9.26472      -10       10  21.3242 -39.1579  364.626 -585.345 -104.727
 8.46174       10       10  18.5909  -23.165   290.77 -473.589 -5.83814
      10       10       10 -80.8339 -56.7412  204.806
