-14.5191 -14.5191  14.5191 -41.3782 -8.78527  426.279 -801.266  99.7495
-10.2138 -10.2138  10.2138  -40.699 -55.0978  432.054 -806.567 -3.26721
-42.7026 -41.7441  42.7026  13.3472  19.9204  273.963 -698.306  64.9851
     -10      -10       10 -16.5127 -18.2263  312.258 -611.355 -7.43386
0.656659      -10       10 -23.4843  -9.7147  309.919  -605.27  30.9182
0.500401       10       10 -21.2775 -32.1865  307.771 -594.579  6.22385
-3.65135       10       10 -13.9203 -31.6429  309.169 -597.876  13.9387
     -10       10       10  -4.8837  -32.886  309.007 -595.391  22.8029
-9.35076       10       10 -3.01589 -34.4617  308.871 -592.524 -6.53616
-4.38626  11.3572  11.3572 -4.89306 -36.8553  285.692 -554.698   30.346
 9.04841 -7.68617  34.6295 -17.8827 -14.6072  231.016 -539.759 -85.9794
 34.9429 -4.69636  34.9429 -42.6568 -21.7897  261.435 -590.377  36.6788
 39.6328  4.24553  39.6328 -45.4679 -31.9145  280.676 -641.226 -13.0689
 44.4701  10.7424  44.4701 -46.6999 -36.2323  276.785 -659.337  44.2256
 49.2277  21.9599  49.2277 -50.4795 -49.6462  273.597 -663.248  -4.3978
 47.4852  28.6329  47.4852 -42.9465 -50.5896   272.65 -671.315  47.8711
 47.2771  28.8731  47.2771 -43.8953 -56.5318  272.229 -646.583 -14.4561
  21.629 -5.09133   21.629 -1.44192  -4.5482  306.476 -674.349  56.5952
-68.4661 -68.4661  68.4661  66.8756  35.3369  170.795 -509.647 -40.7722
-60.8728 -67.9553  67.9553  65.7284  65.7342  65.7342 -376.867  1.45052
     -10      -10       10 -67.7656 -33.8352    188.1
