     -10      -10       10 -61.5326 -11.7382   302.65  -568.54  83.8509
     -10      -10       10 -97.9065  -49.984  438.284 -672.121 -46.4134
-7.37321 -5.66724  70.9033 -60.4366 -16.5429  215.066   -681.7  42.3967
     -10      -10       10 -51.5253 -18.6166  317.153 -594.627 -20.8089
     -10      -10       10 -44.4716 -10.4336  305.363 -582.952  27.9474
     -10 -3.83474       10 -41.0672  -17.855  304.341 -578.643  1.17997
     -10 0.528578       10 -37.3552 -21.2361  305.631 -584.771  13.7518
     -10  2.11903       10 -33.7176 -24.1035   305.32 -586.107  19.9841
     -10   5.5769       10 -30.7024 -29.4659  307.068 -589.453  -3.9043
     -10  4.35999       10 -24.3509 -31.2531  285.928 -556.315  30.9894
-6.97313 0.453872  10.6254 -19.4732 -25.7158  258.095 -522.653 -73.5527
-6.47883  7.14657  11.0006  -22.248 -35.0783  286.097 -559.468  37.4111
-3.36838  11.1124  11.1124  -25.033 -37.8054  308.188  -594.57 -11.1968
 2.07794  12.5216  12.5216 -27.4196 -36.1587  306.165 -595.754  40.0613
 12.4901  12.4901  12.4901 -35.6236 -37.7716  306.227 -589.587  -7.1928
      10       10       10 -28.8062 -29.6848  309.375 -590.862   40.926
-4.31796  7.43391       10 -13.7832 -33.8361  307.211 -571.657 -17.5232
      -10       -10        10 -0.126251  0.311948   315.759  -615.211   47.4082
-43.5435 -43.5435  43.5435  20.3719  2.72142  246.973 -533.453 -37.8865
-47.9262 -47.9262  47.9262  38.3827  42.7143  185.609 -495.986  22.6026
      10      -10       10 -65.7989 -40.0357  128.981
