-25.4231 -25.4231  25.4231   10.003  6.43672  364.709 -764.862  109.585
-19.4405 -19.4405  19.4405  5.28727 -45.5772   383.68 -762.361  6.22448
-7.10035 -29.7419  31.8413  6.20091   8.2504  293.585 -697.646  62.6061
   3.15203        -10         10   -2.03652   -18.2188    310.963   -624.243 -0.0557693
      10       10       10 -5.50058 -29.1798  310.938 -626.475  32.9436
      10       10       10 -3.28397 -31.4091  308.283 -617.015  11.5688
       10        10        10 -0.210925  -30.6236   309.534  -620.391    16.811
      10       10       10  2.24436  -32.147  309.588 -618.717  24.8692
      10       10       10  4.29851 -34.2813  309.946 -615.611 -3.84699
      10  3.60952       10  5.39171 -30.8327   289.03 -573.539  30.9532
      10      -10       10  6.44713 -15.0516  270.277 -535.449  -78.788
      10 -1.75178       10  10.3942 -26.1321  288.455 -572.884  38.2242
      10       10       10  14.2992  -36.513  309.323 -611.816 -15.5901
      10  9.76475       10  17.8187 -32.7739  309.157 -616.637  44.3729
      10       10       10  19.4074 -34.8195  310.214 -611.674 -14.3292
      10       10       10  22.7948 -28.9691  307.243 -611.952  47.8428
 10.8716  10.8716  10.8716  20.3223 -36.4938  305.136 -587.018  -34.867
       10       -10        10   28.8233 -0.373487   312.123  -619.127    54.652
-13.5407 -13.5407  13.5407  37.9932  -26.422  287.517 -500.186 -83.2528
 -23.445 -34.6646  34.6646  37.1248  25.7716  138.809 -336.605 0.313103
      10       10       10 -81.3587 -58.9014  203.245
