-11.3109  30.5697  30.5697  18.0146 -40.1858   88.572  -399.76  123.616
-38.1412  38.1412  38.1412  8.52942 -94.7088  253.963 -567.496  23.2924
 -15.9521  -19.6018   41.0765 0.0129624    4.3927   284.796   -718.79   52.6883
-8.08278  17.9737  17.9737 -3.52068  -47.383  302.385  -650.34  13.7272
-2.89257  10.0778  10.0778  -3.1457 -31.0736   310.14 -644.214   39.264
   0.338       10       10 -4.77531 -34.0807  309.131 -632.051  20.9458
 1.17488       10       10 -3.05366 -32.9362  311.203 -633.941  21.4414
  1.9795       10       10 -1.20629  -33.737  310.137 -630.388  31.2164
  3.53688        10        10 -0.478068  -34.8662       310  -626.989 -0.566755
  5.1802      -10       10  1.34166 -15.5142   288.98 -590.583  38.0177
  5.6889      -10       10  1.60732 -12.3322  273.848 -554.088 -75.0744
 8.41913      -10       10  1.64222 -14.3675  289.789 -583.086  44.4354
 11.8792 -11.8792  11.8792 -1.26385 -12.6223  308.438 -610.166 -23.3778
 21.3718 -21.3718  21.3718  -10.812  1.33193  297.758 -614.183  46.2686
  31.353  -31.353   31.353 -22.2086   7.8241   288.43 -612.424 -36.3796
 37.8384 -37.8384  37.8384 -28.9442  21.6756  281.314 -608.871  48.1213
 20.1593 -43.0647  43.0647 -13.5547  15.2335  266.911 -574.215 -77.2338
 11.4299 -25.2678  25.2678 -1.25018  11.8238  297.739 -558.094  61.5534
  2.4113       10       10   12.386 -72.7076  439.837 -695.538 -171.587
-13.5903  50.9669  50.9669  18.5272 -68.8163   412.04 -733.938  16.4978
 17.9243  17.9243  17.9243 -101.956 -59.5103  192.076
