     -10      -10       10 0.956724 -2.33337  163.966 -451.947  116.492
     -10  4.53833       10   -42.44 -62.3425  330.372 -573.608  8.84376
-11.2693 -22.1764  41.3253 -26.1485  4.71137  278.833 -692.151   45.668
     -10       10       10 -21.2935 -37.2662   311.97 -619.676  2.46541
-6.83735       10       10 -19.4188 -29.0492  309.939 -623.594   32.912
  -4.603       10       10 -18.7461 -31.2641  308.471 -615.558  14.8374
-3.97394       10       10 -15.9709 -30.3169  309.544 -618.238  18.4728
-3.10859  6.81161       10 -13.2455 -28.2904  308.326 -617.171  28.8903
-2.01177  4.59363       10 -11.1153 -27.8661  309.621 -620.072 -0.83999
0.253882 -5.48617       10 -7.91711 -20.1269  287.271 -586.276  38.5937
 2.10379      -10       10 -5.21373 -13.3115  263.884 -548.358 -74.5561
 2.32513      -10       10 -5.43598  -15.548  289.069 -581.641  44.5266
  2.9846      -10       10 -6.27975 -14.5263  312.028 -607.049 -17.4888
 11.3572 -11.3572  11.3572 -12.6415 -8.83154  308.371 -599.242  43.1556
 14.7247 -14.7247  14.7247 -16.2191 -7.74838  305.393 -587.557 -25.2141
 16.9584 -16.9584  16.9584 -16.4843  1.97141  301.725 -583.075  41.6429
 14.7883 -14.7883  14.7883 -15.4878 -9.42784  298.424 -542.577 -59.5306
 4.41175      -10       10 -1.52931  1.71572  312.004 -548.433  47.3702
     -10       10       10  5.65756 -62.3416  387.145 -603.407 -148.956
-10.1239  19.5309  19.5309  6.95855 -33.4969  375.251 -607.915  4.01285
      10       10       10 -93.3487 -53.6834  192.803
