     -10      -10       10 -27.4476 -7.54986  217.049 -500.844  102.787
     -10      -10       10  -75.656 -47.0065  402.471 -587.617 -38.1042
-9.96077 -14.2522  65.3086 -47.1247 -5.69674  224.713 -674.724  33.3703
     -10      -10       10 -39.9419 -17.9825  319.562 -598.287 -20.4266
     -10      -10       10 -32.6902 -9.92796  307.474 -594.307  25.5932
     -10 -6.81436       10 -28.9598 -14.4562   306.59 -593.757  3.01525
     -10  1.32598       10  -24.883 -21.6888  308.209 -605.133   14.267
     -10  5.56134       10 -20.5092 -27.2573  307.371 -612.185  24.7407
-9.57208       10       10  -17.214 -33.6353  309.686 -622.691 -1.15518
-6.79065  8.11289       10 -12.9101 -34.7739  286.485 -595.984  39.6565
-2.23919  1.66535       10 -9.14055 -26.1831  255.418 -562.171 -71.7072
-1.89773  5.24019       10 -12.7299 -32.1721  287.218 -590.325  45.2029
 1.16649  6.03837       10 -17.1453 -31.2226  311.175 -611.559 -12.7338
      10 0.509291       10 -24.1771 -22.0329   309.95 -598.729  41.3219
      10      -10       10 -23.5262 -12.9075  310.519 -581.725 -16.5161
      10      -10       10 -21.1341  -7.1822  309.307 -574.514   36.365
      10      -10       10 -21.8248 -14.5657  305.364 -541.616 -39.9827
-0.119793       -10        10  -7.07817  0.603946   312.622  -564.895   37.4645
     -10      -10       10  -7.1138 -34.8367  340.155 -528.131 -94.5674
     -10      -10       10  4.48946 0.673607  307.319 -526.129  25.0657
      10      -10       10 -63.4434 -37.4429  141.311
