     -10      -10       10  24.9406  1.05021  230.212 -550.201   132.67
-23.5563  23.5563  23.5563  22.2366 -86.7443  301.672 -616.986    24.61
  2.28081  -15.6206   40.4301   8.80828 -0.556544   285.843  -716.298    56.456
 20.1446  20.1446  20.1446  -5.0653 -49.2347  300.145 -660.605  9.68466
  13.364   13.364   13.364  6.93152 -32.9982  308.265 -658.342  39.8971
      10       10       10  12.8537 -32.2372  309.072 -642.863  19.3355
      10       10       10  15.6088 -31.1087   309.86 -643.697  22.6122
      10       10       10  18.2582 -32.1374  309.115 -642.139  30.3107
      10       10       10   20.768 -33.7759  308.846 -640.905   1.0685
      10 -3.75158       10  22.2371 -21.9123  286.026 -602.102   37.058
      10      -10       10  23.1391 -13.1582  260.998 -560.415 -73.7457
      10      -10       10  25.8623 -15.2942  285.639 -593.316  40.3114
      10      -10       10  28.7653  -14.473  308.236 -622.181 -17.1684
 10.9609 -10.9609  10.9609  29.2257 -9.45995   306.35 -615.423  38.7247
 15.7403 -15.7403  15.7403  23.7318 -7.08156   301.06 -604.035 -24.5945
 21.3155 -21.3155  21.3155  18.5929  5.37531  294.366 -601.338  35.3887
 25.8149 -25.8149  25.8149  10.1401 0.319874  282.569 -561.409 -57.4397
 13.8574 -13.8574  13.8574  27.8628   3.5223  304.169 -560.165  36.9161
      10      -10       10  36.2201 -43.6711  405.943 -634.057 -133.378
 5.67745       10       10  37.3363 -24.6279  355.075 -554.096 -4.33588
 23.3659  23.3659  23.3659 -95.8147 -66.8189  189.958
