 3.59711  81.8868  81.8868  5.74818 -89.7736  115.668 -608.393  123.448
 11.1066  86.3562  86.3562  -18.547 -150.166  207.523 -662.077  40.8121
 61.8978  8.26795  61.8978 -47.3011 -24.7358   257.27 -758.815  56.6384
 29.1535  29.1535  29.1535 -9.33893  -60.945   290.41 -690.093  24.8073
 12.4634  12.4634  12.4634  13.9799 -34.6348  309.653  -675.87  44.1276
      10       10       10  17.6791 -35.0335  308.731 -654.854  27.0284
      10       10       10  19.6793  -33.259  309.639 -652.745  25.6702
      10       10       10  21.6794 -33.7241  307.635 -646.485  32.5335
      10       10       10  23.5385 -33.8446  307.292 -642.246  4.21334
      10      -10       10  24.4024 -13.0581  283.902 -600.096  35.1557
      10      -10       10  23.3512 -9.46599   245.45 -531.893 -68.7366
      10      -10       10  26.8633  -12.159  282.656 -585.663  37.1304
  11.055  -11.055   11.055  28.4185 -12.9292  306.251 -617.916 -18.1881
 24.5206 -24.5206  24.5206  13.6617  3.56943  291.402 -624.317  35.1305
 37.5633 -37.5633  37.5633 -1.72045  13.1073  280.211 -624.955 -31.4572
    48.6    -48.6     48.6 -14.3635  30.3211  266.852 -622.227  31.2034
 54.5046 -54.5046  54.5046 -23.4729  25.3325  261.691  -596.84 -71.0945
 47.9352 -47.9352  47.9352 -16.3792  32.6397  261.882 -562.922  33.3381
 22.0566 -22.0566  22.0566  26.9196 -44.5275  430.346 -694.366 -148.886
      10       10       10  49.0996  -27.645  471.277 -729.701 -10.7767
 46.7515  46.7515  46.7515 -125.448 -86.8686  153.221
