-86.6706 -86.6706  86.6706  80.2373  65.1195  396.493 -1005.56  120.569
 -65.5807  -65.5807   65.5807   71.1119 -0.760351   361.282  -914.464   11.0819
-30.3102 -30.3102  30.3102  48.8315  7.46217  300.593 -715.305  71.7828
      10      -10       10  8.63454 -18.1276  308.394 -625.519 -5.49264
      10      -10       10  11.4396 -9.49983  310.717 -624.641  30.9916
      10       10       10  12.8308 -31.7749   309.16 -614.417  5.12392
      10      -10       10  16.6396  -11.525  309.121 -617.419  14.2559
10.4256 10.4256 10.4256 18.5482 -33.269 308.213 -616.97 21.5121
      10       10       10  21.9422 -34.6461  307.587 -615.851 -5.08033
      10       10       10  22.1146 -36.2417  285.611 -573.924  29.7914
     -10       10       10  42.8526  -33.498   260.13 -533.379  -81.226
      10       10       10  28.0515 -37.0944  284.563 -578.744  36.7562
      10       10       10  34.2479 -37.3406   307.13 -625.103 -10.6952
 14.3053  14.3053  14.3053  33.3453 -38.9966  302.805 -640.725  43.9575
 23.7061  23.7061  23.7061  23.7426 -50.1902  294.418 -648.429 -4.78184
  27.141   27.141   27.141  23.8196 -48.1234  287.614  -659.43   45.115
 30.0797  30.0797  30.0797  18.4342 -56.9306  285.751 -636.184 -19.8227
      10      -10       10  52.0701 -2.20714  306.292 -650.298  47.3193
 -1.6283 -12.1995  12.1995   41.529 -24.5569  260.324 -466.195 -59.3884
-21.1091 -45.2655  45.2655  34.0883  39.4572  39.4572 -244.462 -15.4762
-11.9411  11.9411  11.9411 -53.4003  -57.862  206.886
