-29.9057 -29.9057  29.9057  20.0853  12.8621  352.307 -761.235  106.812
-22.7919 -22.7919  22.7919  11.5909 -43.8741  383.621  -764.71  3.14337
-10.4176 -31.6555  31.6555  12.6212  9.76521  294.518 -693.009  60.6826
-0.519942  -2.04695        10   3.97762  -27.0144   309.765  -616.806  -3.65225
 5.83184       10       10 0.853854 -29.5358  312.189 -623.829  31.0616
      10       10       10 -1.72042 -31.6496  310.814 -615.192   9.1168
     10      10      10 1.25668 -30.715 310.549 -617.63 16.1458
      10  7.63656       10  3.45767 -29.5662  309.344 -614.439  24.7786
 9.44423  5.59793       10  6.22338 -29.4241   308.72 -612.896 -4.05753
      10 -2.74924       10  7.27593 -22.8516  285.122 -572.457   31.759
      10      -10       10  10.2663 -13.4103  255.237 -533.063  -79.022
      10 -2.39571       10   11.728 -23.8661   285.44  -573.95  35.9723
      10  5.15494       10   14.971 -31.1302  309.618 -614.154 -12.4132
      10  7.66272       10  18.0911 -30.5683  309.251 -617.845  39.8832
 14.5429  13.3953  14.5429  13.8323 -38.0956  304.324 -616.208  -7.2309
 16.0248  16.0248  16.0248  15.5956 -34.8812  301.484 -622.992  40.5406
   16.47    16.47    16.47  13.2488 -42.1138  300.573 -597.918  -21.959
       10       -10        10   29.0192 -0.645414   310.634  -624.923   43.5692
 4.06211 -18.8852  18.8852  19.9706 -23.7965  288.147 -526.613 -61.2768
-0.893105  -32.1303   32.1303   18.6304   22.7101   179.942  -401.891  -12.7194
      10  7.09646       10 -80.5634  -56.065  203.361
