 7.62837  7.17988       10       10      -10       10 -218.278  124.689
-33.7503  33.7503  33.7503 -5.22527 -102.389  102.389 -146.927  -33.878
  48.108 -5.54169   48.108 -110.608   -13.74  282.176 -624.154  19.0766
     -10       10       10 -36.5471 -51.3487  320.828 -575.089 -16.2326
     -10      -10       10 -29.9262 -17.2963  313.183 -587.048  29.2128
     -10       10       10 -23.9036 -41.3537   307.58 -589.694  7.29252
     -10      -10       10 -18.7623 -17.2486  309.769  -609.14  19.5654
      10       10       10 -32.5035 -36.6085  306.965 -624.851  31.1685
      10       10       10  -26.531 -33.6892   307.14 -645.251  8.25217
      10      -10       10 -16.7822 -5.85935  286.948 -642.002  56.5243
      10      -10       10 -9.75607 0.339771  265.362 -621.469 -45.3169
      10      -10       10 -13.6587  -6.2529   288.19 -628.394  67.1954
      10      -10       10 -18.9859 -17.2305  311.786 -624.005 -25.5408
 44.4795 -44.4795  44.4795 -63.0578  20.1749  275.291 -631.383  59.1905
 82.1106 -82.1106  82.1106 -108.726    50.02  236.638 -646.807 -74.6937
 121.173 -121.173  121.173 -161.558  102.157  191.195 -638.157   59.891
  130.27  -130.27   130.27 -169.253  97.4557  169.253 -610.674 -167.453
 51.9114 -141.803  141.803 -111.514  132.814  169.529  -545.02  75.4032
-15.1082  132.317  132.317 -38.1019 -204.985  406.154 -909.456 -363.902
-94.0091  243.769  243.769  5.49161 -266.593  447.019 -1241.93  27.8815
      10       10       10 -102.733 -46.9879  200.798
