-76.2011 -76.2011  76.2011  15.6107  54.5866   419.64 -995.882  95.1814
-52.9498 -52.9498  52.9498  11.8097 -8.97438  409.954 -978.313  13.9499
-41.1754 -41.1754  41.1754   25.699  19.0181  280.089 -746.596  78.2752
      -10       -10        10  -5.47535  -18.2124   309.557  -627.582 -0.870709
-0.727197       -10        10  -12.5557   -10.771   309.654  -615.971   31.7772
 2.70075       10       10 -15.3187 -33.6549  308.759 -599.705  6.29129
 2.56946       10       10 -12.5786 -33.6007   309.84  -598.53  12.3351
-0.134911   3.68195    13.563  -8.59607  -28.5511   305.631  -595.309   20.6733
 -0.4425  12.5884  12.5884 -6.69343 -38.9058  307.022 -585.347 -10.7039
 15.8026  21.2159  21.2159 -23.5842 -47.5448  278.177 -549.779  24.2913
 65.7255 -31.5597  65.7255 -79.2753   10.315  207.989 -563.337 -94.6205
  74.578 -23.3606   74.578 -85.1044 -3.72426   220.45 -630.193  32.9228
 51.7811  51.7811  51.7811 -52.7463 -81.4953  272.546 -669.829 -13.9318
 95.7673  8.31333  95.7673 -98.4379  -36.052   222.52 -743.981  49.1763
  113.638   28.5276   113.638  -117.129   -58.099   208.628  -777.195 -0.266847
 114.125  44.4217  114.125 -110.719 -68.1954  206.108 -802.138  57.8706
 77.3045  41.6979  126.768 -78.0132 -70.4481  194.866 -796.305 -7.00428
 81.0632 -29.9203  81.0632 -57.3186  20.2811  237.012  -801.14  76.2563
-20.7228 -108.694  108.694  22.5691  79.4134  79.4134 -548.073 -13.1787
-30.2476  -46.795   46.795  48.7586  48.7586  48.7586  -354.07   16.295
     -10 -7.09231       10 -63.2019  -31.221  189.498
