-38.6251 -38.6251  38.6251   5.1021  16.4523  431.148  -894.26   101.38
 -35.924  -35.924   35.924  11.5615 -30.0996  402.719 -867.299 0.816612
-30.5706 -35.5956  35.5956  24.0999  12.1035  287.521 -708.303  70.3936
     -10      -10       10  5.02719 -18.6456  310.195 -621.113  -4.0135
      10  1.11518       10 -12.1123 -21.2095  311.013 -619.331  32.5851
      10       10       10 -10.4406  -32.278  308.388 -607.045  7.64022
      10       10       10 -7.61847 -31.7609   309.36 -608.249  14.6641
      10       10       10 -5.53741  -33.149  309.644 -604.438  21.8929
      10  6.88796       10 -3.56422 -31.5334  310.364 -600.761 -7.38206
  15.0762 0.0703999   17.8623  -9.08967    -26.28   280.117  -564.729   27.6512
   26.86 -7.35571    26.86 -20.4902 -15.7593  247.504 -536.335 -85.4171
  30.867 -2.35192   30.867 -21.3723 -25.1464   266.09 -587.926  35.8317
  33.516  6.77805   33.516 -19.4949 -34.8289  286.579 -642.691 -13.3333
 38.1876  15.4346  38.1876 -20.4815 -41.1154  282.387 -662.157  46.3514
 43.5601  29.0547  43.5601 -24.7576 -56.6755  278.399 -669.771 -5.27533
 43.3549  41.0025  43.3549 -19.9165 -62.8978  274.861 -677.039  51.1977
 43.8445  43.8445  43.8445 -22.1099 -71.2932  274.497 -653.365 -18.2877
 12.7265 -12.7265  12.7265  26.9717   2.2862    316.6   -676.6   60.131
-11.1507 -71.5982  71.5982  20.6495  38.4393  162.007 -508.939 -46.3323
-25.8477 -57.5027  57.5027  36.9918  53.9984  53.9984 -331.121  1.33986
     -10  2.76522       10 -61.5094 -49.1393  197.994
