-12.1895 -11.0423  12.1895 -4.31482 -1.34842  226.582 -533.064  100.056
-4.64358  9.24547  20.9031 -39.7987 -70.8401  326.995 -620.653  14.1541
 38.8767 -26.3181  38.8767 -67.0956  7.81255  282.807 -695.063  49.6505
 11.1376  11.1376  11.1376 -35.6585 -39.8352  311.326 -622.161  4.29547
 4.41612       10       10 -24.5139 -29.7844  309.828 -622.405  33.0802
0.590269  8.98387       10   -18.74 -30.9886  308.586 -613.337   15.132
0.0708827   7.31765        10  -15.5408  -28.2503   309.912  -615.964   18.1312
 0.86296       10       10 -13.7017 -31.8199  309.438  -615.35  27.5729
 3.37702   5.1671       10 -13.8324 -28.3792  309.694 -614.373 -1.38939
      10      -10       10 -15.7682  -14.368  284.317 -574.633  35.5799
 10.0683 -10.0683  10.0683 -10.7027 -11.7246  246.574 -517.485 -76.2771
      10      -10       10 -12.1238 -14.2511  283.914 -567.481  39.8924
 10.3749 -10.3749  10.3749 -12.9528 -13.7466  309.869 -600.747  -15.713
 10.4633 -10.4633  10.4633 -10.7346 -10.1442  309.773 -599.254  39.5655
 12.8715 -12.8715  12.8715 -13.1972  -10.352  309.064 -591.492 -18.7229
 14.3822 -14.3822  14.3822 -12.2499 -2.45314  306.218 -591.517  38.4315
 14.3012 -14.3012  14.3012 -13.5433 -11.3485  300.423 -556.391 -43.8534
      10      -10       10 -4.88219 0.139293  307.727 -561.621   43.567
      10  9.60324       10 -13.7581 -63.3137  384.073 -613.269 -112.696
   11.661   25.7448   25.7448  -14.0407  -38.0802   353.406  -620.303 -0.896484
  3.8934       10       10 -84.9337 -56.0055  195.065
