       10       -10        10   3.81757 0.0280266   21.0434  -307.639   135.984
     -10      -10       10 -64.2321 -42.0898  327.547 -410.109 -18.0321
-10.9763 -19.3405  60.8336 -46.2424  1.69867  227.782 -627.101  12.2682
     -10      -10       10 -40.1739 -20.4087  319.468  -580.68 -16.3047
     -10      -10       10 -32.5026 -13.0864  308.375 -590.149  19.9744
     -10      -10       10 -28.3446 -15.0616  307.777 -596.212  6.91615
     -10       10       10 -24.1795 -34.2936  309.306 -612.634  13.2283
     -10       10       10 -18.8446 -34.4059  307.382 -626.028  28.6933
     -10       10       10 -14.4971 -34.5115  309.049 -641.156 0.878316
     -10      -10       10 -5.88827 -13.5154  287.154 -626.898  48.1047
0.425798      -10       10 -9.39423 -9.35474   263.92 -602.045 -65.2192
 5.38519      -10       10 -17.1198  -12.704  288.438 -619.384  55.7129
      10      -10       10 -25.2476 -14.2049  310.895 -625.568 -16.0458
 17.7352 -17.7352  17.7352 -34.1422 -2.78339  301.801 -616.992  48.9454
 32.3838 -32.3838  32.3838 -52.5992  8.51764  286.975 -609.564 -33.8194
 30.5146 -41.1095  41.1095 -53.0834  24.5231  277.554 -598.087    41.81
 33.6684 -33.6684  33.6684 -57.5098   5.7374  276.385 -530.312 -85.3913
      10      -10       10   -33.65 -3.55152  308.454 -472.828  38.3802
     -10       10       10 -27.6937 -75.1063  455.566 -626.216 -215.289
-22.4155  51.2366  51.2366 -21.5054 -69.1339  478.225 -800.885  25.9485
     -10      -10       10 -48.0909  -32.008   149.41
