     -10      -10       10  13.5525  -4.5703  337.172 -696.929  118.206
     -10      -10       10  8.96711 -55.9798  365.621 -698.014   17.792
-3.10464 -29.8946  29.8946  12.2603  10.2094  297.281 -698.624  59.9473
      10       10       10  1.48801 -38.3639  311.165 -634.086  2.91045
      10       10       10  5.32804 -29.0457   311.25 -637.856  35.5883
      10       10       10  7.33597 -31.3754  309.009 -628.059  13.8463
      10       10       10  10.4595 -30.4538  309.557 -630.447  19.7314
      10       10       10  13.2336 -31.6729  308.987 -629.807  27.1447
      10       10       10  15.8609 -33.4324  308.618 -629.152 -0.34678
      10  5.28478       10  17.1036 -30.6639  284.357 -587.114  34.0117
      10      -10       10  18.9244 -13.1686  250.344 -536.978 -75.0834
      10 -3.07022       10  21.3333 -22.4886  283.579 -581.286  37.0719
      10  0.33063       10  24.7934 -25.2334  308.277 -617.464 -13.4698
      10 -2.60188       10  27.3269 -18.9617  307.461 -614.847  36.9935
      10 -3.09059       10  28.1041 -20.4828  308.058 -603.161 -14.3848
      10 -6.70114       10  30.9881 -10.9742  306.004 -600.995  34.3271
      10 -8.71646       10  28.9367  -16.824  303.291 -567.809 -35.4875
       10       -10        10   35.2061 -0.229326   306.963  -592.004    33.655
      10      -10       10  27.7205 -37.1297  343.187 -557.564 -89.6384
      10 -4.14917       10   22.013 -7.09292   253.68 -428.841 -18.3639
   10.49    10.49    10.49 -79.7637 -57.2653  204.565
