-20.4622 -20.4622  20.4622 -59.6464 -5.50544   428.64 -812.534   84.494
-22.1606 -22.1606  22.1606 -59.2106 -38.6983  456.463 -857.903 -22.9838
-59.1987 -22.8546  59.1987  17.6791  3.66612  233.249 -749.369  61.1737
     -10      -10       10  -30.408 -18.8987  318.163  -626.67  -9.1934
     -10      -10       10 -25.1179 -10.9256  307.355  -603.76  27.3899
     -10 -7.61938       10 -22.9233 -15.1739  307.959 -592.022  4.33439
     -10  3.18456       10 -19.5421 -25.6718  308.972 -593.078  10.8251
     -10       10       10 -16.1511 -33.6915  307.505 -589.061  20.7678
     -10       10       10 -13.5779 -34.9439  308.682 -584.881  -9.6758
-4.76501  2.58347  15.7949 -15.3638 -28.0464  280.762 -553.935  29.7233
 4.34858 0.111124  30.5081 -21.3264  -22.037  237.351 -537.443 -89.0619
 17.0205  6.29003   38.102 -34.5186 -33.5889  258.617 -596.748  38.3744
 39.4514  14.5528  39.4514  -53.889 -43.6697  281.862 -649.708 -13.0027
 47.3529  22.6998  47.3529 -58.0045 -50.1439  272.516  -673.23  47.5475
  54.105  34.2504   54.105 -63.7239 -64.2057  267.193 -680.516 -3.17584
 52.2525  39.5178  52.2525 -55.4437 -63.3933  268.252 -694.136  52.9306
 53.7729  25.4383  53.7729  -57.514 -54.5946  269.276 -676.972 -11.8569
 34.5352 -34.5352  34.5352 -21.0543  25.2616  291.997 -714.628  67.5364
-43.6486 -110.522  110.522  33.4688  83.8001  83.8001 -535.926 -24.5534
-47.0865  -57.504   57.504  60.7327  60.7327  60.7327  -415.83  32.7595
     -10      -10       10  -46.745 -29.5965  147.294
