-12.3604 -12.3604  12.3604 -14.0202 -2.82988  230.618  -516.94  97.1918
-11.1908 -11.1908  11.1908 -44.4166 -49.3985  353.719 -618.402  1.73092
-15.8261 -23.3014  41.4057 -23.1934  3.72187  278.428 -680.851  46.8329
     -10  7.13091       10 -24.0007 -35.0754  310.656  -605.79 -1.14069
     -10       10       10 -20.0219 -29.1969  309.593 -611.069  30.9318
     -10  4.90839       10 -17.8483 -25.9095  308.024  -603.12  11.6076
-9.52143  4.37227       10 -15.6392 -24.3587  308.901 -605.929  16.3549
-7.99328  3.62245       10 -14.4785 -24.9116  308.101 -605.273  25.9176
-5.94405  4.54376       10  -14.243 -27.7702  309.237 -607.123  -3.2272
 -2.05013 -0.255278        10  -13.3421  -25.7217   287.035   -572.56   34.9984
  2.5481  -7.1425       10 -12.7994 -16.5522  261.495  -534.78  -76.266
 5.65417 -5.13368       10 -17.2657 -21.0167  287.926 -569.734  40.5025
      10 -4.61238       10 -22.1857 -20.1643  310.567 -599.317 -16.0279
      10      -10       10 -19.8346 -10.9235  309.457 -595.947  41.5055
      10      -10       10 -19.2138 -12.8335   310.54 -587.001 -17.0831
  10.371  -10.371   10.371  -16.854 -6.08469  309.736  -588.31  42.8842
      10      -10       10 -17.4471 -14.8879  305.735  -558.55 -39.7414
      10 -5.80229       10 -12.9943 -3.42931  313.395 -583.859  53.1981
-0.629884        10        10  -12.5099  -59.1549   350.384  -576.573  -100.309
-5.83782  25.3442  25.3442 -7.18208  -37.824  307.976 -553.178  9.49697
-0.352767        10        10  -83.5905  -58.3464   192.664
