-21.1085  45.7765  45.7765  28.8383 -56.0051  115.767 -471.327  121.459
-46.5152  46.5152  46.5152  35.3774 -105.696  255.698 -596.902  21.8744
-16.0769 -11.7469  44.7631  21.3243    -4.09  281.281 -724.783  53.2532
-4.04965  15.4756  15.4756  14.5148  -45.375  306.289 -655.835  14.4762
  3.7665       10       10  11.1713 -31.1621  311.635 -654.437  40.2826
      10       10       10  5.95083 -34.0212  309.488 -641.336  21.7618
      10       10       10  8.06853 -32.6461  310.423 -641.772  22.2866
      10       10       10   10.064 -33.4675  308.891 -637.567  30.7708
        10         10         10    11.6704    -34.447     309.02   -634.029 -0.0415477
      10      -10       10  13.1644 -15.4259  287.901 -596.026  35.9616
      10      -10       10  13.0864 -12.2957  268.992  -556.28 -74.1117
      10      -10       10  15.8601 -14.4684   288.04 -588.052  40.8287
  10.026  -10.026   10.026  17.6732 -14.1508  309.625 -616.423 -21.2096
  19.2873  -19.2873   19.2873   8.01475 -0.930075   298.424   -620.15   42.0012
  29.572  -29.572   29.572 -3.99667  6.26228  288.056 -618.752 -31.2874
  36.706  -36.706   36.706 -11.7463  19.9952  280.665 -617.876   42.683
 39.9542 -39.9542  39.9542 -17.7494  12.2912  270.546  -582.87 -66.6173
 25.9643 -25.9643  25.9643 0.141654  11.6005  294.956 -572.576  52.6225
      10      -10       10  23.2351 -52.0323  433.154 -684.118 -148.491
 12.0315  20.2095  20.2095  18.8671 -37.6937  417.606 -675.126  12.4992
  26.128   26.128   26.128 -99.8938 -69.9335  185.284
