      10      -10       10  0.44081 -3.70425  360.646 -749.846  116.691
      10      -10       10 -3.52844 -57.9533  363.356 -706.198  32.6064
 31.3154 -31.3154  31.3154 -15.8371  12.4746  296.276 -707.294  57.1289
      10       10       10  7.69993   -38.65  312.537 -641.753  7.12481
      10       10       10  11.6201 -29.1066   311.14 -642.496  34.3375
      10       10       10  13.6583 -31.8038  309.054 -632.486  14.9455
      10       10       10  16.8585 -30.9003  309.458 -634.004   20.243
      10       10       10  19.7734 -32.2958  308.357 -632.493  26.1503
      10       10       10  22.3578 -33.6445  307.594 -630.046  1.97638
      10       10       10  22.3355 -34.7538  279.266 -577.432  28.9165
 12.9747 -12.9747  12.9747   17.781 -9.21383  222.457  -492.35 -71.6196
      10      -10       10  26.8028 -14.6678   277.47 -569.426  31.9882
      10      -10       10   32.319 -14.6599  307.047 -619.478 -10.5928
      10       10       10  35.0129 -31.4267   305.31 -618.456  35.7714
      10       10       10  36.1644 -33.4493  307.739 -609.902 -13.0641
      10      -10       10  39.3003 -7.97592  304.582 -605.905  33.8421
     -10      -10       10  57.0468 -16.0912  304.673 -573.642 -35.7101
      -10       -10        10   62.5489 -0.748871    300.93  -585.655   31.6916
      10      -10       10  38.0899 -40.2738  350.556 -574.016 -85.8801
       10       -10        10   34.5842 -0.689008   284.432   -485.59  -37.2326
-14.1347  14.1347  14.1347 -56.2969 -59.7944  200.885
