 28.1767 -28.1767  28.1767 -39.2352  8.55115  387.993 -824.339  118.824
-29.3462 -29.3462  29.3462  20.8393 -35.8502  377.917 -800.522  16.0795
-20.9644 -30.3552  30.3552  25.8798  8.79824  295.085 -701.426   64.889
-3.38425      -10       10  10.3654  -17.546  309.996 -629.652  2.42889
      10       10       10 0.261763 -28.9962  312.182 -632.954  33.0952
      10       10       10  2.70076 -31.2671  309.236 -622.456  12.8441
      10       10       10  6.16009 -30.8308  309.152 -623.849  17.4831
      10       10       10  8.95963 -32.3948   308.76 -621.578  25.7783
      10       10       10  11.3636 -34.6082  308.846 -618.182 -3.01959
 5.73372       10       10  16.3405 -37.1269  288.129 -575.357  30.6822
 14.1009 -14.1009  14.1009  7.95351 -10.6532  264.307 -539.031 -78.9498
      10       10       10  17.6712 -37.6518  288.114 -576.283  37.4763
      10       10       10  22.8105 -36.6004  309.286 -617.282 -14.6718
      10       10       10  26.4856 -33.1251  308.625 -620.858  43.5172
      10  1.93318       10  28.2668 -26.9999   308.32 -612.641 -13.7705
      10       10       10  31.4895 -29.0816  304.388 -610.424   46.151
 10.2522  10.2522  10.2522   30.031 -35.8639  305.602 -586.851 -35.6261
       10       -10        10   38.3569 -0.508231   311.667  -620.276   51.4969
 11.8876 -11.8876  11.8876  20.6908 -27.2539  281.207 -481.503 -85.9611
 11.8945 -34.7404  34.7404  3.81291  26.4371  117.403 -298.043 -11.7303
 10.0833  10.0833  10.0833 -80.4541 -57.4743  203.863
