-45.3413 -45.3413  45.3413  3.11387  22.9147   421.65  -905.77  115.317
-36.3794 -36.3794  36.3794  3.83553 -26.2201  431.445 -923.568  11.4895
-22.7463 -36.9896  36.9896  14.1286  15.0858   288.45 -736.306  76.5134
-3.11702      -10       10 -4.12208 -17.8609  310.851 -633.261  1.95889
      10      -10       10 -14.5948 -9.89744  307.738  -617.11  33.5841
      10  1.84656       10 -13.0264 -24.4005  308.236 -606.307  8.06952
      10  7.92451       10 -10.2282  -30.235  310.101 -605.631  13.7884
      10       10       10 -7.67454 -33.6493   309.25 -599.047  21.2661
 6.68253       10       10 -1.61571 -34.9325  309.738 -596.298 -8.07207
 6.59206  1.84645  17.7773 -1.11756 -27.2712  279.247 -560.787  27.9421
  10.421 -2.22648  28.2637 -4.40478 -19.5436  244.352  -533.22 -88.9466
 28.3902  1.99584  28.3902 -17.8845 -29.0329  267.743 -581.774  36.8019
 31.5548  16.3453  31.5548 -16.3756  -45.079  288.831 -637.585 -13.8097
 46.9408  16.2428  46.9408 -29.3208  -43.103  272.676 -671.679  46.5802
 57.9303  28.8917  57.9303 -39.6986 -57.8537  265.387 -690.389 -4.81754
 58.6334  38.5386  58.6334 -34.5166  -61.504  262.858 -707.424  51.3345
 60.6679  36.0306  60.6679 -37.9047 -64.8237  261.356 -686.012 -16.7061
 28.5183 -28.5183  28.5183   13.469   17.591  288.443   -692.8  63.7469
-10.8206 -82.3527  82.3527  22.1299  50.4159   116.81  -492.13 -40.1784
-21.0872 -55.1243  55.1243  37.2876  55.0233  55.0233 -346.931 -3.12181
     -10  2.22357       10 -63.0847 -42.1884  198.237
