-11.8063 -11.8063  11.8063  10.9708  -2.0924  277.751 -599.326  109.246
     -10 0.195838       10 0.479287 -62.8649  347.988 -654.764   15.114
-8.64397 -28.6974   31.473   10.079  9.89643  294.475 -697.303  57.5857
 1.14558  12.2368  12.2368  2.33061 -40.5426  308.989 -634.931   4.3123
      10       10       10 -2.43834 -29.3195   311.22 -636.979   35.805
       10        10        10 -0.899434  -31.7106   309.444  -626.849   15.0327
      10       10       10  1.81838 -30.6862  310.386 -629.719  19.4783
      10       10       10  3.97568 -32.0782  309.751 -627.037  27.1609
      10       10       10  5.95386 -34.0054  309.927 -625.095  -1.4216
        10 -0.0808618         10    7.31082   -26.5862    288.036   -584.172    33.1186
      10      -10       10  8.19003 -14.3429   266.51 -543.003 -75.8241
      10 -6.37079       10   10.878 -20.1632  287.895 -578.865  38.0425
      10 -2.68646       10  13.4438 -22.3456  309.527 -612.316 -17.3638
      10 -5.47059       10  15.8044 -15.6333  308.288  -610.27  41.0663
      10 -6.51931       10  16.5135 -16.5664  308.848 -600.426 -19.7414
      10 -9.64067       10  18.8908 -7.21458  307.412 -597.886  42.9064
      10      -10       10  17.1065 -15.3139  303.816 -567.018 -44.1923
       10       -10        10   22.0746 -0.315505   311.566  -591.434   50.0957
      10 -4.85828       10  15.1294 -44.2141   356.12 -582.117 -103.284
 7.72471       10       10  15.0992 -22.3117  289.855 -479.782  3.84614
 10.3729  10.3729  10.3729 -80.8006 -58.3841  203.332
