 -28.886  -28.886   28.886 -8.87272   7.0104    413.6 -826.727  95.8718
-22.0269 -22.0269  22.0269 -8.55197 -44.0461   411.82 -822.546 -4.43436
-11.9006 -37.1207  37.1207 -1.96901  13.8216  286.815 -700.335  65.9731
      10      -10       10 -21.3709 -19.0516  310.503 -615.153  -7.0388
 7.84221  6.15809       10  -16.307 -26.4826   310.54 -613.744  32.4657
      10       10       10 -16.6001  -32.422  308.973 -605.146  6.73774
 6.36523       10       10 -10.2798 -31.5489  310.143 -606.967  15.5551
 5.15998  5.46939       10 -6.87916 -28.2018   309.39 -602.563  22.0184
 5.99455 0.290413       10 -5.67923 -24.6788   309.04 -598.361 -5.81822
      10       10       10 -8.23347 -36.1525   287.92 -556.083  28.6163
 19.2565 -12.7454  19.2565 -16.1249 -10.7969  252.428 -526.601 -82.7965
 12.8404  12.8404  12.8404 -6.29848 -40.1549   286.25 -566.536  36.2874
 26.7115  3.55659  26.7115  -18.877 -31.1007  293.339 -628.308 -13.4074
 33.6968  11.6826  33.6968 -23.1379 -36.5298  286.353 -647.643  44.3132
 37.7775  24.1506  37.7775 -26.3458  -51.147  283.627 -651.454 -6.23969
  34.623  33.3138   34.623 -18.0648 -54.6089  285.249 -657.216  48.4042
 33.3558  33.3558  33.3558 -18.2728 -60.8159  285.604 -629.975 -18.4231
       10       -10        10   20.2601 -0.378839   313.999  -650.077   56.9255
-16.9951 -58.9786  58.9786  22.2221  23.8419  195.708 -512.815 -50.1138
-27.0205 -66.9559  66.9559  33.4613  62.2348  62.2348 -361.552  6.51156
      10  -1.4716       10 -84.6978 -46.2035  197.997
