-5.67097      -10       10 -7.64783 -3.25926  186.198 -459.384  103.167
     -10 -2.80064       10 -38.7459 -56.4642  333.222 -586.262  9.75886
-12.2193 -25.0277  39.1396 -22.4452  6.97051  282.833 -688.289  48.4282
-8.70603       10       10 -20.8586 -37.7886  310.583 -615.077  3.21763
-6.08827       10       10  -19.347 -29.1908  309.927 -620.545  33.3021
 -4.9483  9.61229       10 -18.3264 -31.0337  308.175 -611.057  14.2568
-4.03948  7.31883       10 -16.4155 -27.7247  309.302 -613.531  17.9015
-3.21145  5.01117       10 -14.4334 -26.7156  308.664 -612.362    27.26
-2.12141  3.68161       10 -13.0418 -27.2804  309.991 -614.053 -1.89057
 1.08293 -3.74239       10 -11.5767  -22.486  287.444 -577.621  35.5062
  3.9404 -10.0495  10.0495 -10.8371 -13.7445  264.765 -537.539 -74.6777
 10.0094 -10.0094  10.0094 -16.6572 -16.0306  288.685 -573.468  41.5474
 10.3086 -10.3086  10.3086  -17.285 -14.3362  311.271 -602.955 -17.9121
 11.6337 -11.6337  11.6337 -16.7691 -8.80369  308.006 -597.679  42.7452
 11.8283 -11.8283  11.8283 -16.4306 -10.7527  308.456 -586.533 -23.6478
 14.2426 -14.2426  14.2426  -16.955 -1.36008   304.69 -585.046  43.8535
 13.9326 -13.9326  13.9326 -17.5139 -10.9777  299.312 -552.692 -52.2306
      10      -10       10 -9.67834 0.618809  314.691 -570.675  55.2158
      10       10       10 -17.6092 -62.6366   379.86 -616.799 -123.065
 10.0844  38.3479  38.3479 -22.8724 -53.0164  339.468 -619.741  8.57116
 3.87429       10       10 -89.3215  -56.199  196.005
