  7.91828 -0.244505        10        10       -10        10  -224.851   124.417
     -10       10       10 -47.7405 -72.1657  230.667  -262.28  -27.768
 48.2334  -6.6384  48.2334 -106.942 -12.5956  255.759 -600.181  18.6126
     -10      -10       10 -42.3211  -25.787  318.146 -558.599 -16.8301
      10      -10       10  -55.318 -14.8668  309.985 -574.753  21.9199
      10       10       10    -51.2 -38.0499  307.662 -579.002   4.4433
      10       10       10 -46.6453 -35.7295  308.442 -596.553  13.0727
 4.64367      -10       10  -35.605 -14.5727  306.975 -612.055  27.4961
 1.96035      -10       10 -27.5265 -13.3109  307.624 -633.243  2.97844
      10      -10       10 -25.6057 -8.97745  286.429 -630.147  51.4978
      10      -10       10 -18.2276 -3.76081  265.983  -613.92 -51.0262
      10      -10       10 -21.6642 -9.03728  288.515 -628.284   62.872
      10      -10       10 -27.2836 -15.8813  311.817 -629.044  -19.126
 32.3444 -32.3444  32.3444 -55.6405  9.99744  286.865  -629.13  55.7568
 62.9335 -62.9335  62.9335 -93.6487  35.2352  255.259 -637.577 -54.1476
 87.3752 -87.3752  87.3752 -126.738  70.7423  228.564 -631.495  52.4758
 92.2523 -92.2523  92.2523 -132.939  62.4807  209.589 -580.268 -129.502
  74.576  -74.576   74.576  -124.42   64.246  240.334 -510.316  58.3849
 74.7533  74.7533  74.7533 -136.372 -147.535  430.172 -774.204 -301.072
-19.5555  180.249  180.249  -74.233 -204.832  440.384 -1078.71  28.5039
      10       10       10 -91.2362 -51.1741  178.751
