-33.5164  41.7351  41.7351  47.8898 -47.8898  47.8898 -340.361  121.928
-84.2923  84.2923  84.2923  71.0864 -143.309  143.309 -495.555  16.4477
-25.4825   8.6114  59.2438  32.4125  -23.463   260.38 -716.693  46.1042
      10       10       10  9.98769 -44.0647  315.112 -658.602  16.8207
      10       10       10  11.7101 -35.2824  310.389 -652.569  42.7003
 -6.6524       10       10  29.5202 -38.2723  311.118 -646.979  22.9945
      10       10       10  14.4548 -36.3603   311.38 -645.853  24.1814
 1.31733       10       10    24.62 -35.7678  308.454  -639.09  31.4318
      10      -10       10  17.9024 -15.0834  306.875  -635.81  1.59461
      10      -10       10  18.9102      -12  287.262 -603.499  38.2817
      10      -10       10  18.8103 -7.25849  270.746 -571.069 -67.9896
      10      -10       10  21.2182 -10.7567  287.706  -597.17  44.4754
 11.7101 -11.7101  11.7101  20.5221 -13.2593  305.715 -620.918 -25.4698
 30.7377 -30.7377  30.7377 -1.99186   8.7633   285.69 -632.798  46.8752
 55.0933 -55.0933  55.0933  -30.609  27.7823   262.26 -649.857 -45.0791
   76.98   -76.98    76.98 -58.3743  57.0518  242.493 -658.504  51.4278
 90.5731 -90.5731  90.5731 -74.9956  57.3483  216.563   -636.1 -95.4149
 84.7679 -84.7679  84.7679 -72.0726  65.8646  234.921 -611.411  70.0832
 77.7669  33.5677  77.7669 -45.7354 -105.893  426.057 -869.451  -202.62
 28.1195  124.962  124.962 -6.87731 -144.126  435.073 -976.932  17.1738
  43.691   43.691   43.691 -121.628 -81.8974  162.237
