     -10      -10       10  22.4195  1.49081  22.4195 -325.477  117.152
-41.8055 -41.8055  41.8055 -43.7637 -5.08946  257.662  -504.42 -0.43389
-19.2007  6.91959  69.3758 -49.1307 -22.7873  214.609 -716.552  28.3478
      10      -10       10 -74.2801 -20.7264  314.325 -612.302 -4.45725
     -10      -10       10 -48.2668 -13.6945  305.042 -600.861  27.8857
      10      -10       10 -64.9862 -16.3159   304.03 -593.075  8.55756
      10 -3.11009       10 -61.9632 -22.2046  306.106 -596.786  14.4467
     -10       10       10 -37.6335 -36.2354  304.512 -599.536   24.164
     -10   5.2192       10 -33.6869 -31.5476  305.341  -605.21 -1.65245
-4.57263 -3.25529       10 -31.5002 -22.8443  287.969 -584.924  37.6953
      10      -10       10 -39.9723 -12.0367   272.78 -563.971 -68.0188
      10      -10       10 -40.8807 -14.1632  289.617 -581.964  44.3624
 12.7876 -12.7876  12.7876 -45.6683  -11.402  304.301 -601.298   -16.36
  24.708  -24.708   24.708 -58.2507  4.40455  292.356 -608.465  42.6029
 34.4107 -34.4107  34.4107 -68.9975  10.9439  283.165 -606.533 -24.7978
 33.7291 -33.7291  33.7291 -67.3408  15.7503   285.74  -596.45  42.1398
-26.9516 -26.9516  26.9516 -5.58033 -3.15587  284.077  -545.13 -57.6282
     -10      -10       10 -21.0997 -7.95891  311.374 -520.306  46.7941
-49.3674  49.3674  49.3674 -8.44472 -123.053  421.506 -747.044 -142.301
-89.5185  89.5185  89.5185  17.4049 -111.003  469.011 -927.532  15.7348
      10       10       10 -66.8948 -50.9776  127.606
