 -0.26752   9.61531   10.0479 -0.322611  -20.4242    148.85  -416.615    110.62
-19.5292  19.5292  19.5292 -18.5141 -77.7904   295.22 -560.158  13.4997
-15.5211 -25.7484  36.9108 -10.2777   9.2335  290.794 -700.854  51.1131
-10.2211  10.2211  10.2211 -10.4592  -38.753  313.469  -630.06  6.96564
-0.0126337         10         10   -16.3165   -30.4521    309.569   -629.056    36.8704
      10       10       10 -24.2817 -33.1406   307.56 -618.692  17.0747
 3.78748       10       10 -15.5947  -32.119  309.516 -621.169  19.6212
 2.16722       10       10  -11.481 -32.9068   310.22 -621.387  28.4881
 1.03701  5.09723       10 -7.75737 -29.0574  311.379     -623 -1.03967
 3.88263      -10       10 -6.18546 -14.9695   287.85 -585.451  36.7709
 5.52848      -10       10 -4.37676 -11.9285  263.581 -545.124  -74.274
      10      -10       10 -8.66168  -14.399  287.183 -577.257  42.9997
 10.8956 -10.8956  10.8956 -9.83843 -13.4773   309.51  -606.18 -18.9353
 15.9325 -15.9325  15.9325 -14.2507 -4.22822  304.603 -606.831  43.2496
 24.0221 -24.0221  24.0221 -23.5285 0.897389  297.786 -604.497 -28.2716
 28.4866 -28.4866  28.4866 -27.2429  12.6292  291.226 -600.236  42.2651
 29.1588 -29.1588  29.1588 -29.2283  2.74866  279.244 -557.677 -61.9761
 13.3974 -13.3974  13.3974 -9.48281  2.20003  306.613 -549.156  51.7161
 6.44787       10       10 -7.05093 -68.4139  418.151 -660.269 -144.386
-0.275657   42.4441   42.4441  -6.61241  -58.5714   387.686  -688.375   8.31873
 10.0385  10.3327  10.3327  -94.465 -54.5287  201.637
