       -10        -10         10    21.5494 -0.0742326    21.5494   -277.023    127.841
-23.3982 -23.3982  23.3982 -57.1084 -30.0021  276.171 -378.282 -26.3176
 -18.4272  -16.4174   64.5423  -49.2073 -0.900387   222.736  -637.144   22.6151
     -10      -10       10 -53.2226  -22.942  318.798 -567.545 -21.2784
     -10      -10       10 -46.0283 -14.5342  307.462 -572.884  23.5607
  -9.07386        -10         10   -43.4195    -16.842    306.065   -573.607 -0.0882385
     -10      -10       10 -38.6907 -15.1022  307.856 -589.058  12.6958
     -10       10       10 -33.9054 -35.6171  305.906 -602.166  22.7653
     -10      -10       10 -28.5661  -14.346  306.873 -622.709 0.770521
 -5.9218      -10       10 -22.6709 -12.3391  285.271 -615.812   44.613
 4.01346      -10       10 -21.6965 -7.77968  256.347  -597.04  -58.366
 7.63089      -10       10 -31.4968 -11.3286  286.197  -614.24  52.3535
      10      -10       10 -38.8866 -14.0712  309.054 -620.094 -11.7895
 19.5683 -19.5683  19.5683  -50.907 -1.50056  298.528  -610.89  44.2376
 39.7293 -39.7293  39.7293 -75.7374  15.1637  277.772 -613.183 -28.0223
 51.9322 -51.9322  51.9322 -91.9298  33.9778  266.686 -607.494  35.8134
 50.8236 -50.8236  50.8236 -91.1186  20.9315  253.965 -548.747 -73.7437
 23.8614 -23.8614  23.8614    -65.3  6.71588   296.17  -498.38  33.5251
-25.4967  37.3401  37.3401 -39.3547 -110.645   447.31 -712.981 -183.979
-59.4444  107.715  107.715 -27.3771 -130.113  468.719 -954.614  10.1471
     -10      -10       10 -52.3974 -31.9908  143.043
