-103.823 -103.823  103.823  51.5109    82.46  418.165 -1095.41  102.192
-72.9312 -72.9312  72.9312  45.6769  12.1437  391.576 -1046.11  29.6838
-37.8506 -37.8506  37.8506  34.6827  16.0648  289.639 -771.056  87.7878
     -10      -10       10  4.94478 -17.2931   307.53 -634.549  2.08382
      10      -10       10 -13.6851 -10.2412  307.738 -617.867   33.564
      10      -10       10  -13.349 -13.3494  308.979 -601.763  5.60804
 9.67698       10       10 -10.9519 -33.7228   311.25 -600.488  11.8563
-14.0006  14.0006  14.0006   13.836 -39.1429  306.308  -597.07  18.2158
-20.9083  1.37865  20.9083  20.9442 -27.4725  297.808 -592.872 -12.3583
-9.31258  16.1864  16.1864  10.3716 -42.4515  280.984  -533.26  21.7336
 20.6884  20.6884  20.6884  -18.863 -41.9774  256.092 -498.961 -95.6857
  58.0835  -26.8227   58.0835  -57.4354 -0.431855   235.125  -598.283   31.5685
 43.1904  43.1904  43.1904 -32.8787 -72.7079  279.812 -656.033 -13.3758
 84.2938   6.7819  84.2938 -74.7821  -35.072  233.135 -730.974  49.3645
 99.7336  30.7568  99.7336 -89.9211 -60.9129  224.111 -767.877  2.71429
  101.39  48.5529   101.39 -84.4612 -73.3455  219.451 -797.659  59.9137
 105.913   47.831  105.913 -90.5903 -77.8361  217.847 -788.267 0.669134
 84.3547 -16.5557  84.3547 -49.3898  5.89081  230.883 -822.584  75.8547
  84.054 -106.406  106.406 -75.6529  75.6529  75.6529 -544.623 -4.92585
-15.5364  -36.036   36.036  38.8111  38.8111  38.8111 -321.175  6.86074
      10 -4.43602       10 -81.3066 -30.4213  195.892
