-11.4203  11.4203  11.4203  34.5851 -14.1254  34.5851  -269.41  130.731
-76.6405  76.6405  76.6405  44.3718 -134.755  134.755 -461.407  10.5175
-25.1255  17.8249  70.6944  3.23132 -33.0009  244.672 -737.862  48.9511
 10.3607  10.3607  10.3607 -19.1596 -43.8982  318.876 -660.068  14.2307
0.620281       10       10 -6.28009 -34.4055  313.161 -648.593  43.0095
      10      -10       10 -13.0505 -18.1141  308.396 -631.784  21.0692
      10       10       10 -10.6439 -36.9811  311.982 -637.296  24.9308
      10       10       10 -6.96387 -36.8078  310.429 -637.913  34.2421
      10       10       10 -3.23403 -35.7662  308.925 -639.672  4.20413
      10       10       10 0.715626  -31.417  288.366 -609.382  44.7387
      10      -10       10  3.16204 -5.98209  268.925 -573.402 -65.2991
      10      -10       10  3.59104 -9.12843  287.575 -593.204  50.6608
 17.8205 -17.8205  17.8205  -6.1001  -6.9328  301.522 -619.992 -26.7029
 40.9247 -40.9247  40.9247  -34.139  19.8106  279.816 -631.495  48.7134
 62.2505 -62.2505  62.2505 -59.3458  34.3602  259.063 -637.983 -55.5628
 84.0317 -84.0317  84.0317 -87.6988  65.3218  231.056 -625.786  49.9001
 94.6669 -94.6669  94.6669 -99.7245  61.2516  206.435 -595.882 -119.041
 87.8668 -87.8668  87.8668 -97.7677   71.023  238.805 -577.971  68.1327
 75.0626  75.0626  75.0626 -68.6191 -149.012  441.948 -859.551 -243.102
 126.256  126.256  126.256 -131.907 -145.639  473.181 -1000.97  24.0976
  49.976   49.976   49.976 -146.199 -82.6505  146.199
