-212.176 -212.176  212.176  201.631  193.722  373.032 -1387.11  152.789
-166.543 -166.543  166.543  180.174   109.43  300.452 -1220.77  67.8405
-67.2077 -67.2077  67.2077  97.8206  51.7427  262.072 -828.551  107.028
     -10      -10       10  41.5834 -13.5284  304.639 -651.704  7.83213
      10      -10       10  22.2602 -8.06765  308.143 -635.057  36.0329
      10      -10       10  22.9987 -12.9367  308.276 -618.327  5.39576
      10       10       10  25.5465 -33.9605  309.242 -615.111  12.0917
      10       10       10  27.7385 -36.0131  308.536 -605.957  17.4417
      10       10       10  29.1476 -37.0334  307.422 -591.152 -12.4934
      10       10       10   26.422 -36.0181  285.237 -529.737  17.7816
      10       10       10  24.8043 -30.2435  266.372 -479.741 -99.2258
      10       10       10  34.9137 -37.0587  283.234 -542.236  29.0423
  13.371   13.371   13.371  42.7934 -43.6178  302.068 -622.492 -12.6398
 27.7769  27.7769  27.7769  33.8773 -56.5099  287.198 -677.514  52.7184
 46.6952  46.6952  46.6952   16.226 -77.7599  270.013 -720.095  6.77366
 59.2704  59.2704  59.2704  8.91009 -84.2488  253.333 -768.549   65.858
 70.2322  70.2322  70.2322 -3.62177  -100.97  247.909 -774.128  2.68752
 43.6357  43.6357  43.6357  40.8879 -56.6384  268.453  -801.08  72.3069
 21.1615 -52.3585  52.3585  17.9023  18.3205  121.924 -458.732 -19.2886
      10 -3.99364       10       10       10       10 -172.955 -32.8014
 51.9932 -43.4504  51.9932 -127.526  25.1594   159.93
