     -10      -10       10 -48.3586 -8.57037  256.131 -537.233  92.1049
-13.0216 -13.0216  13.0216 -94.2592 -46.8648  416.394 -647.681 -40.7527
  -69.205   14.9119    69.205 -0.249566  -36.6383   218.389  -680.465   42.9126
     -10      -10       10 -53.9087 -18.8118  315.272 -586.768 -22.6165
     -10      -10       10 -47.4773 -10.1696  305.272 -577.362  28.7822
     -10      -10       10 -44.2102 -11.5131  304.351 -573.245 -1.56695
     -10 -5.44695       10 -40.5734 -14.7992  306.132 -581.936  14.9979
      -10 -0.267959        10   -36.645  -21.3882   305.519  -586.182   19.3501
     -10  5.89757       10 -33.1832 -29.5862  306.994 -593.518 -1.83313
     -10  5.43014       10 -25.8497 -32.3205  285.572 -565.766  32.3939
     -10  1.35447       10 -15.9706 -27.1962  255.874 -535.598  -71.522
-2.68277   6.4827       10 -27.7682 -34.0703  286.995 -566.178  37.8879
      10  8.43618       10 -41.4669 -34.3034  309.083 -594.125 -10.5301
      10  6.05538       10 -38.8463 -28.3913  308.438 -588.906  37.9869
      10  4.33954       10 -37.1935 -28.1888  309.059 -581.279 -7.60901
      10 0.568217       10 -33.8207 -18.9681  308.947 -582.366  36.5145
      10 -9.46993       10  -33.015 -15.9106  305.036 -559.674 -18.6821
      10      -10       10  -26.488  0.15581  313.705 -597.593  39.6213
-15.6742 -21.8957  21.8957 -11.7183 -23.0505   296.19 -533.511  -41.555
-17.9002 -18.2273  18.2273 0.393672  9.67807  271.522 -506.992  9.54358
      10       10       10 -67.9786 -60.5762  131.463
