 3.63801 -4.49928       10       10      -10       10 -212.741  130.958
     -10      -10       10 -58.0183 -50.1559  249.899 -241.222 -37.3764
-56.4303 -25.4838  56.4303 -11.1251  5.73948  236.104 -569.653   13.257
     -10      -10       10 -50.7382 -26.7371  319.877 -541.965 -26.1601
     -10      -10       10 -43.9773 -16.0679  309.518 -556.893   20.224
      -10       -10        10   -38.662  -18.4982   305.282  -565.865 -0.345362
     -10      -10       10 -35.5602 -16.0083  308.749 -585.326  11.5073
     -10      -10       10 -30.1005 -15.5005  306.314 -602.503  23.4798
     -10      -10       10 -24.5846 -14.2086   307.58 -630.041  1.94964
     -10      -10       10 -13.6985 -10.5585  285.789 -632.351  50.8986
      10       10       10  -26.222  -25.444  264.889 -617.752 -51.6319
      10      -10       10 -29.4745 -9.47252  287.423 -634.296  64.1788
  11.802  -11.802   11.802 -37.8853 -13.1265  308.054 -634.537 -18.8114
-28.8564 -28.8564  28.8564 -3.08788   7.3446  290.643 -629.937  57.4369
 68.9738 -68.9738  68.9738 -109.607   42.341  247.766 -652.833 -52.4482
 95.0327 -95.0327  95.0327 -144.493  78.0475  220.731 -653.792  55.1566
  96.362  -96.362   96.362 -145.648  65.5999  204.648  -597.15  -121.88
 66.3332 -66.3332  66.3332 -121.762  53.0533  251.682 -521.755  65.0002
-83.3735  83.3735  83.3735   5.8378 -159.206  416.256 -783.101 -284.611
-180.029  180.029  180.029  68.1522 -209.156  426.523 -1071.78  35.3834
      10      -10       10 -81.9368 -33.9645  163.295
