     -10      -10       10   5.7404 -3.76516  283.015 -620.183  123.285
     -10   6.0485       10 -5.79983 -69.0461  349.191 -660.164  18.8866
 -6.9732 -29.4247  31.6784  3.37562  11.3297  295.197 -700.521  60.0428
 -0.932534    14.2439    14.2439 -0.0581474   -42.2886    306.976   -639.418    3.78473
 6.63969  10.0033  10.0033  -2.5527 -29.0301  311.597 -638.198  37.6523
 8.54477       10       10 -2.16271 -31.5287  309.343  -627.46   15.412
 8.48896       10       10  1.24226 -30.5977  310.502 -630.468  20.7092
 8.10481       10       10  4.69763 -31.7705  309.872 -629.428  29.2924
   8.32789         10         10    7.63708   -33.6855    309.879   -630.646 -0.0631421
 8.59425   6.5582       10  9.87074 -32.1722  286.714 -591.598  37.2353
      10 -5.48908       10  11.8581 -18.0626  258.096 -551.444 -77.2827
      10 -7.21096       10  12.9556 -18.3827  286.671 -584.296  40.4875
      10 -8.05199       10  15.4553  -16.822  310.175 -615.198 -15.8502
      10      -10       10  17.6162 -11.1313  309.162 -608.207  38.9257
      10      -10       10  18.3991 -13.1972  309.297 -594.281 -19.2489
      10      -10       10  20.9801 -6.81847  307.088 -588.135  34.9942
      10      -10       10  19.1116 -14.9884  302.507 -551.989 -44.8792
      10      -10       10  24.5375 0.195528   308.32 -571.837  34.3482
      10      -10       10  18.8117 -38.6671  360.063 -568.448 -110.007
      10       10       10  16.2482 -22.5498  289.566 -463.211 -14.2072
      10       10       10 -85.2233 -55.1856  204.078
