      10      -10       10  7.48782  2.42386       10 -253.709   116.87
-29.8446 -29.8446  29.8446 -35.7631 -21.0397  176.216 -271.345 -27.5433
-62.4031 -21.7797  62.4031 -11.6842  7.29854  226.216 -636.141  22.3724
     -10      -10       10 -61.8335 -26.5247  319.927  -570.45 -13.9126
     -10      -10       10 -52.2835 -16.1392  305.141 -573.754  21.6878
     -10      -10       10 -48.4313 -19.9131  302.475 -566.452  2.95185
     -10      -10       10 -44.7263 -17.5037  307.152 -585.335  13.0588
     -10      -10       10 -38.4163 -17.1823  304.717 -597.727  21.6244
     -10      -10       10 -32.0078 -15.8958   305.05 -618.349  5.59621
     -10       10       10 -20.9843 -32.2673  285.524 -615.043  44.4964
     -10       10       10 -13.8199 -27.9328  270.049 -599.275 -42.5932
      10      -10       10  -39.505  -9.2145  309.949 -649.769  53.9415
 112.256 -57.3696  112.256 -159.752  31.9255  159.752 -657.264 -24.5267
 28.6584 -28.6584  28.6584 -67.6073  7.38438  310.207 -651.904  50.1968
 49.8734 -49.8734  49.8734   -89.86  21.0683  265.214 -615.679 -45.3172
 70.2921 -70.2921  70.2921 -118.311  51.6276   247.39 -613.046  52.7444
 78.2234 -78.2234  78.2234 -126.012  44.8871  222.614 -567.894 -108.996
 52.6062 -52.6062  52.6062 -108.299  35.4636   268.43 -507.616  59.4771
-79.3941  79.3941  79.3941 0.450273  -163.73  431.797   -809.2 -237.756
-158.441  158.441  158.441  45.7793 -183.718  500.487 -1124.43  19.6309
      10      -10       10 -84.6326 -24.9626  146.426
