-57.3499 -57.3499  57.3499  57.2787  36.3135  420.601 -955.832  112.698
 -59.485  -59.485   59.485   65.069 -9.16073  380.397 -918.459  10.5901
-28.8371 -28.8371  28.8371  48.3042  5.17217  296.869  -707.23  71.0326
      10      -10       10  8.76573 -18.6013  306.932 -624.234 -5.44153
      10      -10       10  11.1105 -9.53954    312.9 -626.573  30.9496
      10      -10       10  12.4628 -11.8995  311.459 -614.954  4.23358
      10       10       10  15.4487 -31.3448  310.097 -615.806  14.4417
      10       10       10  18.0596 -33.1544  308.038 -612.496  20.5782
      10       10       10  20.5569 -34.9347  306.839 -610.248  -4.7544
      10       10       10   20.523 -36.5603  284.809 -567.567  27.7322
      10       10       10  21.3713  -33.625  261.157 -530.059  -80.408
 10.0024 -1.97638  10.0024  26.9654 -25.4968  286.076 -578.084   34.979
 10.0408  10.0408  10.0408  32.9296 -37.8508  309.547  -626.62 -9.10538
 17.0839  17.0839  17.0839  28.8009 -41.8865  302.073 -645.904  42.0152
  29.567   29.567   29.567  14.8373 -56.1941    286.1 -650.025 -3.44354
 34.9984  34.9984  34.9984  12.4365 -55.6431  275.621 -661.972  42.9811
 37.3507  37.3507  37.3507  8.15638  -63.795  278.689 -645.926 -17.2243
      10      -10       10  53.4967 -1.84045  313.863 -675.562  51.2193
  23.9614  -35.2362   35.2362   10.5793 -0.889119   213.671  -486.042  -44.0194
 54.0895 -54.0895  54.0895 -39.7828  47.1834  47.1834 -288.117  -20.375
 11.0765  11.0765  11.0765 -76.0741 -57.2313  203.611
