 6.28363  17.1089  17.1089  17.4369 -17.4369  17.4369 -253.975  135.743
-75.6166  75.6166  75.6166  52.8737 -132.444  132.444 -464.984  16.5638
-17.7692  20.2978  71.1967  6.80867 -35.2494  241.745 -739.392  52.0857
 26.9181  26.9181  26.9181  -25.676 -62.5555  296.253  -689.83  20.2135
-1.81405  11.6536  11.6536  8.50667 -37.9592   312.57 -669.424  48.0211
      10       10       10 -1.27968 -39.4259  309.701 -648.917  26.1981
      10       10       10  1.01853 -37.5102  310.477 -647.399  27.1978
      10       10       10   3.6743  -37.175  309.704 -644.902  35.1874
      10       10       10  5.89726 -35.9052  309.001 -640.751  3.66855
      10      -10       10  8.44639 -11.0585   288.46 -605.317  41.8237
      10      -10       10  7.84553 -5.37454  273.891  -565.76 -68.4502
      10      -10       10  10.9357 -9.19985  288.539 -591.248  50.5923
 14.9057 -14.9057  14.9057  6.29733 -10.6823  304.808 -619.051 -33.1825
 40.1678 -40.1678  40.1678 -23.6481  18.4071  279.002 -634.487  56.0008
 63.5126 -63.5126  63.5126 -50.4787  34.1264  255.242 -646.256 -64.6096
 87.6889 -87.6889  87.6889 -82.2058   68.286  227.997 -639.986  64.5412
 99.5486 -99.5486  99.5486 -94.9153  64.6898   203.84 -619.589 -132.714
 95.7758 -95.7758  95.7758 -96.7992  78.6074  229.031  -593.64  90.9099
 81.7913  81.7913  81.7913 -60.2934 -155.869   441.14 -885.266 -263.354
 132.971  132.971  132.971 -121.585 -150.555  474.127 -1028.13  35.9296
 52.5016  52.5016  52.5016  -142.66 -84.3782   142.66
