-5.81678  18.2598  18.2598  22.3479 -22.3479  22.3479   -195.3  106.094
-63.6379  63.6379  63.6379  52.7867  -124.35   124.35 -371.442  4.43184
-20.0998  21.6042  68.9817  23.1392 -39.6757  235.231 -685.959  45.5221
      10       10       10  10.3009 -47.1648  321.639 -663.265  14.4994
     -10       10       10  30.9806 -37.9877  314.082 -649.356  45.6219
     -10       10       10  32.8983 -40.6065  307.862 -636.812  21.4557
      10       10       10  14.1935 -38.2995  309.618 -637.788  25.9451
      10       10       10  16.0915 -37.2656  308.757 -637.491  31.2712
      10      -10       10   18.364 -15.2192  307.275 -637.818  5.14177
      10      -10       10  19.8905 -9.41565  288.198 -611.568  40.4884
      10      -10       10  21.1268 -4.22767  268.079 -582.622  -59.963
      10      -10       10  21.3127 -8.25009   286.54 -598.233  45.7429
 11.7579 -11.7579  11.7579  20.0077 -13.5288  304.783 -617.684 -25.9005
 44.7335 -44.7335  44.7335 -20.6334  20.7896  273.784 -641.148  44.5102
  79.356  -79.356   79.356 -60.8909   48.419  239.749 -670.325 -51.5791
 118.622 -118.622  118.622 -111.187  94.6215  198.538 -685.547  48.3828
 149.519 -149.519  149.519 -145.571  112.486  150.109 -688.204  -105.78
 162.588 -123.238  162.588 -166.449  100.967  166.449 -704.458  72.2157
 150.117  150.117  150.117  -124.05  -221.43  381.826 -1027.26 -217.425
 61.8416  251.325  251.325 -63.0023 -273.875  365.373 -1206.04 -2.06069
 54.3232  54.3232  54.3232 -137.208  -90.006  137.208
