 -21.1977  -21.1977   21.1977 -0.446451   6.49214   228.325  -557.477    102.98
-22.0511  2.23742  22.0511 -22.8074 -61.6556  334.938 -647.145  8.72274
-18.6761   -24.67  39.2229 -10.0224   5.8196  284.601 -701.512  54.8208
-8.80311  12.0386  12.0386 -15.6106 -39.9917  309.914 -625.046  1.88328
-3.33725       10       10 -16.4858 -29.5506  308.756 -621.049   35.142
-2.79827       10       10 -14.9762 -31.7121  307.794  -612.34  13.4676
-2.50383  8.95972       10 -12.4766 -29.5542  310.724 -618.224  18.4501
-2.69817  7.06658       10 -9.62396 -28.8357  310.794  -617.36  26.9864
-4.39206  6.36706       10 -5.61884 -29.9667  311.424 -616.094 -2.82985
 -6.55725 -0.020597        10  0.490048  -26.0577   287.185  -574.546   34.8609
-8.14068 -7.51249       10  5.29742 -15.5761  263.387 -532.084 -78.8678
-7.33554 -6.41823       10  5.53116  -19.626  286.927 -569.423  42.0984
  -1.05642   -5.70341         10 -0.0741601   -19.2701    310.673    -602.69   -18.4616
      10      -10       10 -8.54041 -10.7724  310.324 -601.118  45.2307
 11.4597 -11.4597  11.4597 -9.47348 -11.7323  310.632 -594.218 -22.1796
 10.8787 -10.8787  10.8787 -5.91511 -5.60851  309.626 -591.328  47.0278
 10.1442 -10.0482  10.1442 -6.31898 -15.1568  304.304 -555.446  -49.396
 3.68601      -10       10  4.23749 0.454561  310.902   -573.2  54.7118
-11.5529  11.5529  11.5529  9.58642 -60.6186  357.351 -575.361 -119.665
-14.5239  14.5239  14.5239  17.2185 -25.9111   308.72 -524.174  13.3069
      10       10       10  -89.848 -56.8394  197.442
