-36.0151  43.9619  43.9619  50.4801 -50.4801  50.4801 -358.727  120.941
  -86.47    86.47    86.47   71.935 -146.033  146.033 -509.934  16.7081
-24.1711  0.51983  52.8532  31.4676 -15.2692  269.743 -717.038  48.4513
 10.0552  10.0552  10.0552  8.28689   -43.59  313.398 -656.141  16.5768
      10       10       10  10.1298 -34.4472  312.976 -657.285  43.4833
      10       10       10  11.0155  -37.605  309.911 -643.802  22.4612
      10      -10       10  12.8714 -15.8008  310.647 -643.334  23.9688
      10       10       10  14.3821 -35.8167  308.473 -638.956  31.3491
      10       10       10  16.2688  -35.301  307.389 -637.288   1.2063
      10      -10       10  17.7565  -12.491  287.024 -604.242  38.4699
      10      -10       10   17.417 -7.54922  269.145 -568.021 -68.2402
      10      -10       10  19.5222 -10.8521  287.295 -594.666  44.3007
 10.3988 -10.3988  10.3988  20.2953 -14.1842  308.364 -619.577 -24.6839
 30.8972 -30.8972  30.8972 -4.09454  9.42716  286.864 -632.406  45.4936
 54.7806 -54.7806  54.7806 -32.1411  27.8393  262.858 -647.756 -45.0056
  76.965  -76.965   76.965 -60.1372  57.2842  239.879 -653.702  49.5185
 87.9494 -87.9494  87.9494 -73.6536  55.1144  218.761 -631.158 -92.8869
  46.513 -86.1046  86.1046 -35.2442  66.5134  234.869 -616.558  67.0095
 24.6349  46.6041  46.6041  10.6526 -118.215  456.419 -831.287 -191.841
-7.14266  106.577  106.577  27.9162 -126.492  443.821 -936.491   14.655
 36.4952  36.4952  36.4952 -113.029 -75.4062  172.154
