     -10      -10       10 -31.4526 -8.79381   234.64  -523.92  100.487
     -10      -10       10 -76.1564 -47.3968  410.302 -610.135 -39.2215
-8.70684 -14.9777  65.5176 -47.9427 -5.37363  223.777 -677.509  35.6244
     -10      -10       10 -39.5583 -17.8063  319.027 -598.529 -21.3608
     -10      -10       10 -32.5287 -9.78286  307.685 -594.033  26.5607
     -10 -6.69098       10 -28.4442 -14.3519  306.013 -593.775  2.19911
     -10  1.01184       10 -24.4517  -21.166  308.089 -604.964  15.0145
     -10   5.6344       10 -20.0856 -27.2352  307.247 -611.386  23.6055
 -9.86118        10        10  -16.8152  -33.6711   310.193  -620.376 -0.969408
-7.77365  8.96892       10  -12.237 -36.2324  287.167 -590.833  37.5485
-3.90073  1.51396       10  -9.0117 -26.7338  259.336 -555.476 -71.7434
-4.77635  6.67866       10 -9.99688 -34.4048  288.042 -586.317   44.387
-3.13555  8.02565       10 -12.3102 -33.5811  311.582 -610.998 -13.2309
-2.23299  3.23384       10 -10.9625 -25.0701  309.657 -599.639  42.9645
-2.52123 -1.32105       10 -9.87312 -21.9041   310.31 -584.358  -17.247
 -3.1906 -9.73493       10 -6.51129 -7.68452  309.096 -578.015  40.0114
-6.67321      -10       10 -3.41394 -14.5237  306.086 -548.878  -40.474
     -10      -10       10  4.93003 0.903148  313.804 -574.829  43.9434
     -10      -10       10 -4.41467 -32.3727  327.358 -516.381 -90.9299
     -10      -10       10  6.94659   1.1501  277.959 -485.635  28.3894
     -10      -10       10 -42.6776 -37.9405  140.304
