-24.5407 -24.5407  24.5407  32.1864  8.19485  339.103 -744.248  127.464
-17.3766 -17.3766  17.3766  24.3264 -47.5476  371.406  -742.75  14.8435
-4.88912 -29.4352  29.4352  21.5968  9.36682  298.832 -703.363  65.0721
  7.70458       -10        10   11.2846  -17.9875   309.167  -633.998 -0.155488
 10.0266  10.0266  10.0266  11.9968 -28.9336  310.098 -635.022  35.4408
      10       10       10  14.2752 -31.5808  308.567 -627.162  10.2534
      10       10       10  17.9518 -30.9039  309.698 -632.696   19.333
      10       10       10  21.0673  -32.487  308.888 -632.931  25.7471
       10        10        10   24.0607  -34.4009   308.784  -633.954 0.0883482
 9.56674       10       10  25.3689 -36.4624  286.284 -594.937  33.9452
 9.04966 -2.33307       10  26.6714 -21.5269  263.324 -555.756 -74.1083
      10 -0.80056       10  29.9289 -25.8503  285.744 -592.425  39.2443
      10   3.3123       10  34.0732 -29.1394   307.73 -625.583 -13.9622
      10  1.89035       10  36.6833 -24.1574  306.163 -622.431  40.7585
      10  2.24631       10  37.4661 -26.3906  307.144 -610.578 -16.6165
       10 -0.223339        10   40.0047  -17.7138   304.672  -605.686   38.3907
      10 -2.66687       10  37.7087 -22.7078  302.494 -570.949 -41.7193
      10      -10       10  43.5818 0.194164   304.24 -589.397  37.0548
     -10      -10       10   53.132  -34.006  316.803 -510.996 -96.2984
-13.2584 -16.9065  16.9065  44.8791  6.03319  205.734 -370.041  -15.199
 12.1937  12.1937  12.1937 -78.8151 -59.5911  205.294
