-30.196 58.9164 58.9164 37.4234 -67.888 76.7133 -466.25 130.745
-58.1974  58.1974  58.1974  43.5917  -116.29  228.984 -603.585  29.8199
 -19.429 -5.27174  52.0647   21.562 -10.0922  273.898 -748.649  57.8173
  -7.441  25.1735  25.1735  14.2357  -55.427  295.456 -677.498  18.3297
      10       10       10   3.2666 -31.3298  311.637 -662.278  43.1431
      10       10       10  4.10616 -34.3727  309.134 -645.179  24.0631
      10       10       10   6.4367 -32.9487  310.423 -645.353  23.7841
      10       10       10  8.46433 -33.7562  309.421 -639.949  32.0378
      10       10       10  10.2757 -34.7496  309.472 -635.396 0.541072
      10      -10       10  12.0094 -15.5548   288.77  -596.77  36.9275
      10      -10       10  11.7834  -12.424  273.165 -558.849 -75.5175
      10      -10       10  15.1514  -14.329  288.965 -587.835  42.0662
 10.9308 -10.9308  10.9308  16.0713 -13.1805  308.484 -615.196 -23.0865
 21.8916 -21.8916  21.8916  4.65456  1.84905  295.947 -620.898  43.7139
 31.9008 -31.9008  31.9008 -7.00555   8.4029  286.272 -617.741 -36.0425
 40.3427 -40.3427  40.3427 -16.2817  23.6856  277.019 -615.787  44.5076
 45.1744 -45.1744  45.1744 -23.9642  16.8567    264.1 -580.546 -76.1058
 32.9105 -32.9105  32.9105  -8.2968  17.8946  288.491 -571.054  56.2399
      10      -10       10   26.854 -53.3894  447.193 -705.956 -164.623
 19.0681  28.4393  28.4393  12.8537 -46.5467  426.558 -699.618  13.6277
 33.3977  33.3977  33.3977 -112.741 -75.4168  174.853
