      10       10       10  14.3008 -14.3008  14.3008 -210.489  107.511
-69.2311  69.2311  69.2311  38.5193 -126.629  126.629 -420.521  18.7015
-69.0166  7.29883  69.0166  45.9973 -23.2878   248.34 -751.424  48.4428
     -10       10       10 -5.25943 -43.0229  323.805 -658.746   19.503
      10       10       10 -21.8006 -34.6272  310.439 -638.251  40.3988
      10       10       10 -20.8793  -38.728  307.857 -621.846  21.4584
      10       10       10 -19.5704 -36.8074  310.577 -622.977  21.6369
 4.15672      -10       10 -11.5222 -16.1533  310.076 -619.823  29.2515
  1.3152 -3.04726       10 -6.24215 -22.1475  308.359 -618.283  0.48777
  4.0926      -10       10 -4.72164 -11.6853  289.314  -592.04  39.1651
      10      -10       10 -9.10887 -7.09436  276.716 -566.269   -64.66
      10      -10       10 -7.75786 -10.4447  290.354 -587.065  48.1534
 13.7847 -13.7847  13.7847 -13.0266 -11.7343  304.738 -607.768 -26.9762
 37.9081 -37.9081  37.9081 -42.0474  15.7726  281.217 -624.774  49.5848
 63.0956 -63.0956  63.0956 -71.8133  35.1086  258.094 -642.223  -52.861
  89.936  -89.936   89.936 -105.843  69.7764  228.585 -647.382  55.9477
 106.612 -106.612  106.612 -123.905  72.7773  198.158 -629.227 -108.485
 102.955 -102.955  102.955 -125.927   82.884   222.35 -617.566  81.3693
 105.046  105.046  105.046 -121.872 -182.186  413.768 -929.843 -221.204
 35.2257  195.089  195.089 -84.3116 -220.439  410.079 -1095.64  21.6201
 47.6205  47.6205  47.6205 -146.688 -84.8838  146.688
