      10   1.0051       10  4.94248      -10       10 -262.832  122.642
-19.4229 -19.4229  19.4229 -42.2141 -30.7858   207.15 -277.719 -22.3192
-60.6935 0.834577  60.6935  -6.4533 -17.1299  225.967 -631.577  21.9405
     -10      -10       10 -50.8872 -26.7346   319.27 -586.454 -13.5895
     -10       10       10 -44.0217  -37.844  308.629 -589.557  27.2161
     -10      -10       10 -38.8567 -20.2069  304.935 -587.521  6.17886
     -10      -10       10 -35.7597 -17.5764  308.643  -599.35  15.7978
     -10      -10       10  -29.908 -17.1821  306.035 -610.661  26.1228
      10       10       10 -44.4956 -36.1027   306.01 -628.442  3.41257
     -10       10       10 -14.8584 -32.1905  286.364 -620.823  47.7807
      10      -10       10 -27.5441 -5.92704  267.282 -599.632 -52.8045
     -10      -10       10 -10.7552 -9.99998  288.001 -611.032  57.8279
      10      -10       10 -35.1441 -15.0174  308.665  -613.27 -21.3898
 30.1685 -30.1685  30.1685 -60.5097  7.97332  288.068 -614.972  53.8846
 54.3736 -54.3736  54.3736 -91.1752  27.5112    274.5 -639.184 -54.8587
  121.35  -121.35   121.35 -171.908  103.337  171.908 -626.896  48.5491
 74.5474 -74.5474  74.5474 -116.592  41.3652  238.567 -579.592 -120.121
 53.8141 -53.8141  53.8141 -101.514  36.7493   268.73 -508.567  66.1073
 76.9196  76.9196  76.9196 -141.077 -159.197  438.958 -816.575 -253.695
-11.6152   170.12   170.12  -83.781 -193.364  473.148 -1119.08  36.4331
      10       10       10 -76.0242 -46.5736  146.421
