     -10      -10       10 -35.3708 -7.70904  350.692 -687.075  84.1738
      10      -10       10 -62.9845   -55.18  387.765  -709.85    16.46
-38.4088 -24.6775  38.4088  5.31279   3.9769  281.037 -684.211  52.1009
     -10       10       10 -20.3441 -38.6997  314.335  -615.22  2.05953
      10       10       10 -35.0882 -30.2644  308.176 -610.479  32.8935
 23.5296  1.01438  23.5296 -49.2045 -22.2947  307.774 -651.187  13.1779
 130.282 -5.15183  130.282 -172.111 -14.9362  172.111 -745.249  12.2006
  138.94 -11.4359   138.94 -179.494 -8.84302  179.494 -789.296  19.1928
  138.74 -12.8069   138.74 -176.255  -9.4202  176.255 -779.989 -2.56608
  128.36 -18.6786   128.36 -159.411 -5.48497  159.411 -717.311  25.6807
  111.985  -21.9044   111.985   -133.91 0.0510186    133.91  -629.169  -69.4728
 123.695 -13.1625  123.695 -150.111 -12.1792  150.111 -672.763  28.0488
 34.9316 0.266955  34.9316 -43.5397 -25.6539  295.636 -652.413  -8.2369
      10      -10       10  -10.724 -13.3923  310.033 -600.223  38.8806
      10       10       10   -10.11 -35.3101  312.359 -594.006 -7.16871
     -10       10       10  14.2126  -29.681  310.456 -598.263  37.9267
     -10   3.9262       10   13.661 -30.8966  308.189 -575.303 -20.0506
      10      -10       10  2.48504 0.302946  314.092 -615.038  43.0939
 16.2226 -16.2226  16.2226 -14.4531 -29.9427  302.743 -547.643 -53.7513
 -12.127  -12.127   12.127  19.9994  4.73346  269.638 -495.063  -27.449
      10       10       10 -97.9988 -56.6235  192.453
