      10      -10       10   10.199  2.43281   10.199 -347.198  97.9565
-16.1657 -16.1657  16.1657 -69.3046 -35.4954  315.693 -426.448 0.516259
-86.2528 -32.9774  86.2528  22.5343  13.8468   168.62 -652.075  7.50903
     -10      -10       10 -53.4778 -22.6587  328.155 -595.372 -8.59845
     -10      -10       10 -42.2295 -16.3403  303.083 -583.285  19.7944
     -10 -5.32029       10 -39.0649 -23.7559  305.588 -588.644  8.84483
      -10 -0.203914        10  -37.3447  -26.7921   328.379  -646.403   15.4853
 116.467  1.89781  116.467 -174.976 -28.3272  174.976 -750.571  14.8711
  121.27 -2.47978   121.27 -176.029 -22.7314  176.029 -781.986 -3.69314
      10      -10       10 -35.7866 -10.4958  304.022 -665.106  45.0992
      10      -10       10 -21.4424 -6.26379  234.615 -563.192 -45.6285
      10      -10       10 -29.3749 -9.77729   281.89 -609.393  49.6915
-12.2553 -12.2553  12.2553 -12.8613 -11.3843  307.033 -623.794 -9.39998
 34.0957 -34.0957  34.0957 -63.3554  12.8565  283.351 -631.305  43.2397
 47.2875 -47.2875  47.2875 -80.1691  21.9294  271.827 -624.461 -30.2518
-54.0814 -54.0814  54.0814  17.8151  35.0348  264.937 -603.298  33.9122
-46.3181 -46.3181  46.3181  7.94281  14.3519  269.208 -539.416 -86.6016
 19.3018 -19.3018  19.3018 -58.0306   1.6277  286.021 -437.837  23.4871
 44.3044  44.3044  44.3044  -108.52 -124.382  441.793 -681.506 -204.001
  93.219   93.219   93.219 -171.429 -113.876  553.417 -1033.99 -7.64873
 30.5965 -30.5965  30.5965   -89.92  -7.9308    89.92
