 41.4907 -41.4907  41.4907 -79.5895   22.542  416.545 -873.188  96.2521
 34.4784 -34.4784  34.4784 -62.4978 -28.4734  409.583 -884.291  15.8165
-78.7872 -71.4268  78.7872  65.1245  52.7859  230.918 -768.411  68.0649
      10      -10       10 -19.4046 -18.5145  323.512  -640.22  1.34007
      10      -10       10 -14.8973 -9.51657  329.371  -654.58  27.4739
 127.526 -6.79203  127.526  -155.55 -15.1363   155.55 -696.116 0.655958
 21.2552  5.41134  21.2552 -23.6597 -28.0892  318.424 -661.575  12.6156
 15.2018  15.2018  15.2018 -14.6802 -41.0764  301.465 -605.619  24.3598
 27.1605  3.57333  27.1605  -26.822 -29.7122  291.788  -620.29 -6.69411
  36.942 -3.12585   36.942 -37.4089 -24.9117  260.219 -586.383  28.4989
-53.4409 -5.03947  53.4409  53.7337 -18.8709   225.43 -584.534 -84.2711
 108.713 -6.17817  158.202 -126.797 -20.7507  126.797 -734.923  30.9957
-165.181  13.6054  165.181  155.829 -39.7215  155.829 -842.387 -12.7951
 102.201  11.5206  198.018 -116.375 -36.8723  116.375 -869.272  42.5381
 -144.38  34.7897  188.215  138.723  -60.105  138.723 -896.464 -2.56338
 84.1917  71.7955  205.997 -93.7627 -93.7627  93.7627 -868.214  45.5919
  -17.51  31.2706  121.579  27.9874 -59.0199  223.006 -820.631 -11.5127
-147.685 -17.2843  147.685  162.683  8.48334  162.683 -845.582  60.1391
-97.8596 -132.021  132.021  99.8284  99.8284  99.8284 -619.678 -33.4206
 -60.316 -72.9742  72.9742   72.907   72.907   72.907 -416.639 -1.22118
 51.4771 -51.4771  51.4771 -137.255  14.9892  137.255
