 -13.343  -13.343   13.343 -40.1551 -10.3227  392.787 -737.358  95.1867
 10.5818 -10.5818  10.5818 -60.3449 -51.3473  407.297 -762.018   3.3587
 43.4951 -43.4951  43.4951 -73.5667  22.4022  273.993 -709.867  61.2675
      10      -10       10 -37.5109 -17.9336  318.712 -627.959 -1.29897
      10       10       10 -32.7604 -30.2325  308.527 -612.328  30.9377
     -10       10       10 -10.8365 -32.0651  309.593 -605.177  10.5841
      10       10       10 -27.7191 -31.4376  309.078 -603.535  14.8358
      10       10       10 -25.1781  -32.472  308.244 -598.402  24.4926
       10 -0.257118        10  -22.9098  -23.9217   308.028   -592.43  -6.69937
      -10        10        10 -0.717842  -35.7619   289.772  -552.441   30.4009
-11.1328 -11.1328  11.1328  4.73254 -11.8226  261.842 -511.071 -88.3112
-10.4204 -10.4204  10.4204  5.65382 -16.5307  290.205 -556.179  37.5561
-15.5826  15.5826  15.5826  12.5181 -43.4134   305.01 -602.088  -14.507
 4.43189  19.9767  19.9767 -3.32537 -45.0683  298.941 -618.207  43.9623
  22.734   22.734   22.734 -20.2011  -50.093   299.97 -622.876 -6.46124
 23.2893  23.2893  23.2893 -15.2347 -44.4066   297.46 -636.148  50.0595
  23.518   23.518   23.518 -16.3227 -51.0108  295.331 -611.469 -19.1064
 10.2142 -10.2142  10.2142  11.1001 0.117199  321.995 -662.228  65.0954
 53.9175 -53.9175  53.9175 -51.7435  20.4758  202.791 -524.109 -55.2179
 69.4281 -69.4281  69.4281 -65.1777   66.513   66.513 -382.418  15.3031
     -10 -6.60196       10 -66.2202 -37.2571  188.048
