-57.2169 -57.2169  57.2169  21.6935  35.2262  398.195 -909.972  113.446
-47.6259 -47.6259  47.6259  24.6922 -15.0007  374.361 -869.897  17.9313
 33.8232 -33.8232  33.8232 -38.0009  12.2075  293.018 -721.147  71.2812
      10      -10       10 -13.0123 -17.2715  314.361 -635.327  2.84835
      10  1.50702       10 -10.0102 -21.0128  311.078 -624.677  32.5804
      10       10       10 -8.22768 -31.9698  309.569 -612.553  11.3643
      10       10       10 -5.24199 -31.7975  309.453 -610.385  14.7761
      10       10       10 -2.74387 -33.0809   308.86 -605.279  23.7944
       10        10        10 -0.755303  -34.8079   308.298  -597.657  -7.49539
      10 -3.51575       10 0.666186 -22.3736  289.012 -555.872  29.1972
 10.3486 -10.3486  10.3486  2.44885 -12.7456  265.129 -515.612 -88.5554
     -10       10       10  26.8023 -37.0151  288.932 -560.152  36.3494
-11.8351  11.8351  11.8351  33.7961  -39.729  307.477  -607.96  -14.326
-14.9309  14.9309  14.9309  41.3366 -40.2005  305.024 -625.403  45.3868
 22.2643  22.2643  22.2643  5.26307  -49.843  298.783 -634.612 -6.96013
  24.836   24.836   24.836  7.67739  -46.625  294.333 -650.517  51.7175
  26.446   26.446   26.446   5.3824 -54.3104  289.941 -629.425 -18.9019
     -10       10       10  56.9961 -21.1056  319.512 -675.382  63.1238
-39.1557 -39.1557  39.1557  62.2514  4.53549  214.325 -499.004 -56.3826
-43.5981 -43.5981  43.5981  55.6317  40.4483  55.6317 -271.921 -4.90212
     -10       10       10  -64.024 -53.2593  201.793
