     -10      -10       10 -27.9121 -5.03925  193.155 -454.678  94.7382
-24.7623 -24.7623  24.7623 -72.3653 -32.1884  366.411 -569.253  -34.484
-69.4308 -7.75792  69.4308  2.63326 -11.6708  216.496 -669.896   28.072
     -10      -10       10 -51.2184 -18.5906  318.717 -588.584 -19.4441
      10      -10       10 -64.0436 -10.4254  304.471 -581.068  24.3017
     -10      -10       10 -41.6024 -11.8685  306.311 -583.766  2.91039
      10 -2.13907       10 -57.9213 -18.7712  306.522 -594.109  12.9614
      10  2.12014       10 -54.1179 -24.2598  305.228 -600.245  23.5966
     -10  5.28602       10 -31.5821 -29.3072  307.723 -607.352 -2.36869
      10  5.62508       10 -44.4674 -32.7023  287.385 -585.676  37.9476
      10  1.10197       10 -36.0855 -26.2439  259.521 -554.487  -72.293
     -10   3.3873       10 -20.5246 -30.3424  288.686 -581.946  43.1264
         10 -0.00648168          10    -42.4586    -24.5382     308.287    -600.636    -12.7602
      10      -10       10  -40.815 -10.6766  306.968 -590.207  40.2776
      10      -10       10 -40.7135 -12.2244    308.4 -577.126 -14.6869
      10      -10       10 -38.9788 -7.08597  309.606 -575.116  36.9936
      10      -10       10 -39.4631  -15.229  306.188 -546.961 -34.0869
       10       -10        10  -35.3848 -0.739153   308.233  -562.418   41.2833
      10       10       10 -50.6117 -60.5563  357.536 -555.589 -79.0113
      10       10       10 -41.1277 -21.5969  350.392 -586.535  25.4674
      10      -10       10  -64.256 -38.4556  132.702
