   10.5381    10.5381    10.5381 -0.0543824   -20.1578    91.2273   -327.602    102.575
 10.3826  10.3826  10.3826  -42.194 -66.0472  269.829 -487.479  27.8774
 34.6984 -29.5992  34.6984 -58.6075  14.9351  296.731 -710.124  41.8048
 129.556  11.8461  129.556 -172.416 -42.1325  172.416 -752.924  8.97891
 139.298  5.54134  139.298 -180.662 -26.6486  180.662 -810.402  25.2903
 131.251  3.10599  131.251 -168.823 -29.0749  168.823 -750.151  16.5932
      10  3.46613       10 -23.1963 -26.9658  327.702 -660.586  20.5787
      10       10       10 -21.0651 -35.2309  306.989 -615.761  31.7343
       10       -10        10  -18.8442   -14.748   309.101  -618.651 -0.501006
      10 -2.49996       10 -15.5956  -22.569  292.676 -591.631  38.4843
      10      -10       10 -12.6262 -11.4697  278.367 -567.958 -72.1085
      10      -10       10 -12.3199 -13.6691  293.241 -587.393  44.1357
 12.9222 -12.9222  12.9222 -16.3722 -11.6589  306.909 -607.999  -19.475
 28.1075 -28.1075  28.1075  -33.583  7.75662  291.453 -618.436  43.0097
 41.9695 -41.9695  41.9695 -49.8282  18.1823  277.519 -621.697 -32.0663
 50.4233 -50.4233  50.4233 -59.7381  33.5997  270.158 -622.262  45.4965
  48.426  -48.426   48.426 -58.3736  19.7152  267.169 -588.475 -71.8008
 30.9289 -30.9289  30.9289 -40.2432  15.2546  291.155 -554.244  57.1053
 45.0376  45.0376  45.0376 -61.9451 -114.245  404.628  -735.21 -165.123
 12.8811  113.438  113.438 -50.0392 -136.025  388.725 -858.913  16.3657
     -10       10       10 -81.3549 -52.2753  203.399
