 9.06583 -114.946  114.946 -36.2828  91.5642  210.261 -767.581  149.083
 76.0915 -76.0915  76.0915 -77.7926  35.1838  247.726 -812.638  70.0503
 82.5881 -82.5881  82.5881 -74.4809  70.2919  241.151 -864.607  97.3391
 152.802 -10.5821  152.802 -171.474 -9.13567  171.474 -858.049  5.25651
      10      -10       10  6.88618 -5.45635  313.623  -678.49  46.9362
 12.9433  12.9433  12.9433 -1.01637 -34.0411  310.691 -635.329  18.6813
-14.1228  14.1228  14.1228  30.5188 -35.7812  309.561 -646.245   22.164
 155.256  3.89963  155.256 -168.799 -27.6366  168.799 -799.453  17.2199
 157.081 -17.1031  157.081 -167.053 -8.89152  167.053 -803.308 -14.0106
 156.853 -36.8097  156.853 -167.012  9.51959  167.012 -778.585  23.4493
 156.724 -41.8405  156.724 -167.956  17.2095  167.956 -752.524 -119.839
 41.5752  41.5752  41.5752  -21.366 -69.5924  281.936 -650.485  35.2779
 160.832 -19.2325  160.832 -163.072   -10.75  163.072 -787.018 -18.9685
 -20.668  -20.668   20.668  57.7603 -4.94595    302.5 -663.327  47.6924
 34.4306  34.4306  34.4306 0.957874 -62.5124  288.807 -677.373  9.38427
 44.0061  35.7584  44.0061 -2.86307 -59.0556  279.114 -721.949  59.4354
 45.4766  45.4766  45.4766 -4.14416 -73.5577  277.769 -712.267  7.19465
-23.7179  23.7179  23.7179   81.213 -40.2735   299.06 -743.326  81.2966
 19.7082 -16.7772  19.7082  27.8033 -17.0172  303.393  -646.43  -33.208
      10      -10       10  2.58754  6.85074       10 -123.556 -10.0272
 59.1642 -51.9184  59.1642 -140.991  30.3184  140.991
