 9.81916  52.6877  52.6877 -33.3198 -68.7425  271.725 -716.127  149.259
      10       10       10 -18.7332 -71.5162  313.942 -663.098  10.3475
 44.1467 -23.4531  44.1467 -50.1192  1.63088  279.998 -743.131  85.9077
 25.4418  25.4418  25.4418 -29.7062 -50.9528  298.708 -683.131  9.19723
      10      -10       10 -8.60351 -8.09071  314.018 -651.263  39.3796
-15.5487  15.5487  15.5487  16.5671 -33.9825  308.388 -644.388  22.8889
 13.6733  13.6733  13.6733 -9.17571 -33.6209  310.223 -640.526  17.9351
 11.7833  11.7833  11.7833 -4.87151 -32.4047  311.908 -630.931  33.1158
   10.0531    10.0531    10.0531 -0.0227984   -35.0801    313.638   -626.984   -6.02133
      10      -10       10  2.01209 -18.5711   313.41 -618.433  41.1969
 10.7136 -10.7136  10.7136  3.03684 -16.2513  313.362 -614.234 -100.398
 12.3961 -12.3961  12.3961  4.36127 -17.5183   311.03 -616.445   39.467
      10       10       10  9.92678 -36.6706  313.417 -613.651 -7.91588
  13.806  -13.806   13.806  8.28407 -8.96098  309.495 -614.426  28.4906
 17.0347 -17.0347  17.0347   6.1998 -6.74337  306.317 -610.083 -2.83288
     -10       10       10  37.1046 -28.4245  313.142 -599.549  23.6992
      10       10       10  17.6615 -33.8881   313.52  -583.92 -25.3607
      10       10       10  24.0426 -14.9282  313.072 -601.039  34.8091
-24.4993 -24.4993  24.4993  40.6932 -9.76221   298.55 -503.777 -104.871
 -30.099  -30.099   30.099   27.878  17.9359  84.2559 -167.205  16.5407
-21.6463  21.6463  21.6463 -58.0597 -70.0162  184.274
