 10.2678  10.2678  10.2678  7.07423 -21.5554  44.7422 -240.684  84.2638
      10       10       10 -39.2718 -66.6488  246.127 -417.065  22.1347
 32.9209 -24.1505  32.9209  -56.784   8.0163  277.307 -646.872  37.9753
      10       10       10 -31.0212 -42.3937  310.765  -609.17  14.0936
      10       10       10 -27.6586 -34.3534  310.981 -621.112  33.8543
      10       10       10 -25.9205 -37.3602  309.215  -612.59  21.7731
      10       10       10 -23.5231 -35.6123  309.968 -616.861  20.4933
      10       10       10 -20.9006 -35.4443  308.704 -617.224  32.3076
      10       10       10 -17.9508 -34.6415  306.939 -618.895  2.97197
      10       10       10 -13.5519 -31.8248  286.816 -591.829  41.2369
      10      -10       10 -10.7292 -8.01313  265.183 -553.126 -61.3479
 13.3169 -13.3169  13.3169 -16.3717 -6.33054  302.269 -618.511  45.2981
 135.012 -39.0964  135.012 -163.136  13.8302  163.136 -711.285 -27.9966
 144.272 -58.7868  144.272 -174.686  37.2145  174.686 -748.803  35.9292
 144.127 -78.4747  144.127 -173.987  51.1806  173.987 -731.176 -44.5956
 143.608 -104.002  143.608 -173.992  83.9682  173.992 -714.608  43.0271
 142.475 -103.694  142.475 -170.433  70.2336  170.433 -692.516 -84.0682
  149.67 -44.1477   149.67 -183.955  22.8904  183.955 -707.532  64.4666
 215.817  146.203  215.817 -264.373 -226.605  264.373 -988.521 -189.374
 86.7822  272.203  272.203 -159.965 -303.507  303.507  -1160.8  10.8025
     -10       10       10 -77.1998 -51.2736  190.704
