     -10      -10       10 -14.9847 -4.60057  251.627 -555.225  100.127
      10 -1.93592       10 -58.2286 -59.3518  344.727 -619.749  12.2793
-38.3665 -23.9424  38.3665  5.14732   5.3113  280.709  -679.65  49.3071
-14.7984  14.7984  14.7984 -14.5058 -42.8302  306.567 -623.457  2.45022
      10       10       10  -33.396 -29.4303  310.157 -622.077   33.569
 10.2189  10.2189  10.2189 -30.7149 -31.9552  308.059  -615.38  16.8277
 25.8665  5.13567  25.8665 -46.6581 -25.2731   308.05 -669.126  19.5388
   133.1 -4.32039    133.1 -170.485 -16.1691  170.485 -758.784  21.8348
 134.015 -6.04826  134.015 -168.654  -15.944  168.654 -756.375 -6.60929
 28.5718 -9.74733  28.5718 -38.3045 -14.8719  279.022 -630.368  37.0537
 11.8056 -11.8056  11.8056 -13.7118 -11.9309  249.146 -525.167 -71.9244
      10      -10       10  -12.692 -15.0301  284.052 -566.971  40.2297
      10 -9.67441       10 -12.7257 -14.4002  309.976 -600.402 -15.2777
 10.2608 -10.2608  10.2608 -10.6289 -10.1169  309.838  -597.94  40.4294
      10      -10       10 -9.65885 -12.8648  310.629 -585.295 -19.2511
     -10      -10       10  13.2299 -6.92156  308.568  -580.89  39.9259
     -10      -10       10   12.037 -15.2671  304.697 -550.306 -44.2506
       10       -10        10  -3.25655 -0.197093   316.052  -577.776   44.6734
      10       10       10 -12.5099 -61.6811   371.53 -595.897 -113.169
-12.2732  12.2732  12.2732  13.9543 -24.7777  327.311 -541.066 -4.58194
      10       10       10 -96.3303 -55.1617  193.541
