 30.2434  30.2434  30.2434 -6.13388 -34.4239  34.4239 -334.071  130.215
 77.8482  77.8482  77.8482 -86.0778 -138.262  138.262 -507.751  44.1364
 89.0289  42.1338  89.0289 -87.3867 -60.2939  216.715 -767.454  57.7803
 65.4029  65.4029  65.4029 -55.0961 -106.022   252.64 -751.577  33.2991
 29.7837  29.7837  29.7837  -10.272  -59.309  293.049 -713.323  56.9598
      10       10       10  13.5943 -41.0943  308.716 -663.346  35.5161
     -10       10       10  34.1745 -37.8318    309.6 -655.023  33.2393
     -10       10       10  35.4443  -36.643  308.531 -646.472  36.5472
     -10       10       10  36.3995 -34.7976  307.484 -636.707  5.93526
      10      -10       10  16.4716 -10.0821  287.759 -594.344  37.1651
      10      -10       10  15.2707 -4.60036  261.823 -539.484 -72.5286
     -10      -10       10   37.676 -8.83495  288.337 -575.169  39.2418
 39.6511 -39.6511  39.6511 -13.4323  15.3566  289.687 -658.804 -27.6135
 152.477 -62.5384  152.477 -150.099  38.3247  150.099 -733.959  32.8498
 162.414 -76.5524  162.414 -158.262  46.5026  158.262 -768.608 -52.3701
 161.905 -102.465  161.905 -156.881  78.8554  156.881 -753.646  41.9639
 161.379 -110.349  161.379 -153.629  73.0271  153.629 -735.271 -92.6292
 171.346 -81.0726  171.346 -164.295  58.1552  164.295 -764.234  70.5339
-187.483  61.2597  317.335  188.437 -141.602  188.437 -1186.39 -202.107
-283.648  254.332  320.639  286.412 -279.249  286.412 -1302.53 -7.38213
 24.0801  72.9715  72.9715 -111.271 -111.271  111.271
