 112.479 -112.479  112.479 -166.297  93.9069  426.998 -1156.37  117.261
 94.2082 -94.2082  94.2082 -121.021  38.8109  364.815 -1088.38  57.2053
 45.6524 -45.6524  45.6524 -46.0131  28.5931  279.512  -796.91  96.2677
 10.0677 -10.0677  10.0677 -11.3391 -14.2059  310.439  -654.27  13.8174
      10      -10       10 -10.0495 -8.60937   309.58 -631.805  37.1969
     -10       10       10  9.77401  -33.035  308.936 -607.441  11.3322
     -10       10       10  12.1402 -33.5392  309.809 -600.495  11.8437
-12.0623  12.0623  12.0623  15.3296 -37.9062  305.889 -587.483  21.8785
     -10      -10       10  17.0356 -15.1086   325.21 -608.039 -13.9489
  122.94 -9.37467   122.94 -140.446 -14.3093  140.446 -616.263  16.8939
-48.3551 -8.57428  48.3551  52.0626  -10.045  235.207 -561.888 -100.089
 129.803 -11.8047  129.803 -139.752 -13.1206  139.752 -653.217  26.7728
 68.8369  4.48448  68.8369 -55.7589 -33.6052  261.117 -705.238 -12.4276
 -51.427  24.3541   51.427  75.9025   -52.92  283.591 -718.405  49.2834
 149.819    37.67  149.819 -145.795 -68.1061  145.795 -778.288  2.14513
 65.9526  65.9526  65.9526  -31.837 -91.1638  266.943 -777.814  59.9928
-58.5431  58.5431  58.5431  91.6085 -91.5651  260.424 -716.881  10.5523
  40.0192  -11.9474   40.0192   16.2805 -0.744454   292.394  -805.067   77.7183
 100.905 -100.905  100.905 -82.0536  68.8227  88.0719 -566.175  1.89158
 32.3802 -32.3802  32.3802 -6.25494  40.0577  40.0577 -312.148 -18.9616
 20.1714 -7.44294  20.1714 -95.5305 -17.4875  184.061
