 116.112 -116.112  116.112  -168.93   98.774   435.64 -1185.25  118.187
 102.838 -102.838  102.838 -129.306  48.7648  368.911 -1130.94  62.6428
 36.3711 -36.3711  36.3711 -32.3987  19.1814  292.289 -799.048  98.6489
  21.033  -21.033   21.033 -22.5524 -2.24657  294.901 -665.288  18.8376
      10      -10       10 -8.43253 -8.48738  308.643 -632.263  35.7555
      10  -9.9883       10 -8.44294 -12.4638  309.141 -608.825  12.3943
     -10       10       10   13.305 -33.7885  310.038 -599.159  11.2925
     -10       10       10  15.1459 -35.4755  309.874 -586.869  20.2905
 16.6526  16.6526  16.6526 -11.1697 -42.8551  302.112 -582.013 -15.1566
 42.5451  1.86713  42.5451 -42.0143 -26.2405   249.92 -553.293   20.277
 51.1744 -51.1744  51.1744 -47.7617  31.4384  214.964 -528.303  -100.47
 137.847  -2.8555  137.847  -147.11 -21.4557   147.11  -689.53  25.4869
 157.989  5.81957  157.989 -161.163 -33.4662  161.163 -807.723 -18.6554
 157.478  19.9754  157.478 -153.655 -47.7558  153.655 -821.836  45.4736
  102.22  44.9532   102.22 -81.6794 -76.9871  227.147 -788.471  7.75777
 73.6718  58.8745  73.6718 -39.3168 -86.0595  248.986 -776.266  64.7418
-73.0762  59.3195  73.0762  106.926 -92.5714  248.682 -751.509  10.6952
-37.3635 -22.5164  37.3635  98.5077  8.97753  292.309 -814.696  83.9872
 89.8837 -101.557  101.557 -69.9662  69.9662  69.9662 -556.196  6.58596
 25.7466 -25.7466  25.7466  1.37603  34.9851  34.9851 -290.881 -15.0027
-11.9444  11.9444  11.9444 -60.5777  -34.949  196.324
