 72.9101  63.3925  72.9101 -64.5866 -64.5866  64.5866 -501.925  128.856
  88.204   88.204   88.204 -101.676 -149.906  184.754 -642.502  41.1911
 92.3441  35.5713  92.3441 -89.9124 -53.1208  226.043 -817.384  64.4887
 56.1932  56.1932  56.1932 -45.5867 -91.8636  263.927 -754.387  34.7031
 28.4374  28.4374  28.4374 -9.14784 -53.7034  293.248 -720.387  55.7181
 10.2877  10.2877  10.2877  12.6135 -37.3601  308.398 -671.955  35.8563
      10       10       10  13.9309 -34.5052  309.829  -662.63  31.2297
      10       10       10  14.9019 -34.0882   309.95 -651.972  36.4597
      10  1.91791       10  16.1078 -25.8126  307.915 -638.943   2.7246
 10.2974 -10.2974  10.2974  15.7401 -11.7649  285.093 -589.667  36.0862
 10.6562 -10.6562  10.6562  14.7431 -7.02405  254.411 -530.097 -77.6846
-10.3492 -10.3492  10.3492  38.8735 -10.5483  283.874 -572.987  37.9217
-15.8173 -15.8173  15.8173  46.1448 -8.88573  301.398 -609.864 -25.7986
 30.7047 -30.7047  30.7047 -1.02086  9.30246  288.176 -626.169  38.5746
 46.7461 -46.7461  46.7461 -19.4635  20.1984  272.561 -630.099  -40.685
 59.3229 -59.3229  59.3229 -33.7289  40.0463  260.776 -632.655  38.7393
 65.5416 -65.5416  65.5416 -41.2019  34.4394  249.294 -611.177 -85.3733
 59.0204 -59.0204  59.0204 -34.9883  41.6407  253.424  -574.33  54.1165
 39.8237 -8.30656  39.8237  5.15185 -60.3923  430.971 -768.878 -178.325
 54.2987  54.2987  54.2987 -7.09362 -70.6844  462.329 -834.412  18.1731
 23.3745  75.7962  75.7962 -115.182 -115.182  115.182
