 107.357 -107.357  107.357 -141.113  86.9416  412.735 -1110.16  116.146
 89.2072 -89.2072  89.2072 -100.525  28.4179  352.205 -1038.46  46.3236
  39.935  -39.935   39.935 -30.5479  19.6169   289.89 -785.369  94.1538
      10      -10       10 -2.34443 -16.3668  312.082  -654.08  8.15845
      10 -6.07959       10 -1.35517 -13.2403  310.682 -632.935  37.0911
      10       10       10 -1.29577 -32.7976  309.906 -612.503  8.33813
      10       10       10  0.77663 -33.1445  310.113 -605.305  13.2849
 10.1461  10.1461  10.1461  2.30159 -34.5832   309.25 -595.215  19.1116
 11.1374  11.1374  11.1374  2.09159 -36.5583  307.603 -581.951 -12.2037
 16.9985 -16.9985  16.9985 -4.44775  -7.5898  279.257 -537.822  20.9496
 38.7645 -11.6187  38.7645 -29.7461 -8.57561   223.35 -507.631 -97.7748
 42.0588 -10.0722  42.0588 -26.9502 -15.5045  252.873  -583.85  28.8009
 43.5209 0.529465  43.5209 -20.9038 -29.2081  274.851 -649.526 -12.9193
 34.9974  34.9974  34.9974 -3.51596  -62.127  284.907 -671.314   47.096
 46.5557  46.5557  46.5557 -14.1505  -76.599  274.521 -691.769  5.61234
 51.2201  51.2201  51.2201 -11.9708 -75.2693  266.367  -726.47  58.4007
 56.0109  56.0109  56.0109 -18.5824  -86.152  261.054 -710.615  3.93228
 39.2222  4.78446  39.2222   17.898 -17.1218  286.102 -779.579  72.4152
   75.38   -75.38    75.38 -49.5894  42.1983  140.326 -554.905 -10.2705
 2.90461 -36.4333  36.4333   19.858  38.4469  38.4469 -301.713 -15.3623
 16.6595   1.7344  16.6595 -87.5674 -35.1529    193.2
