      10      -10       10  5.93138 0.432552  58.3581 -290.169  106.403
 13.7185  13.7185  13.7185 -58.5887 -71.4116  261.334 -444.977  10.9787
 35.8376 -22.2996  35.8376 -73.7881     7.87  278.229 -639.692  28.3761
      10      -10       10 -42.0131 -19.8529  309.139 -595.769  3.81815
      10      -10       10    -37.9 -11.8197  310.327  -606.87  26.0144
      10       10       10 -35.0577 -35.7463  308.519 -601.904  13.7508
      10       10       10 -31.2867 -34.8187  309.707 -609.501  15.9701
      10       10       10 -26.6507 -35.3764  308.421 -616.279  28.5707
      10       10       10 -22.3235 -35.1229  307.756 -623.324   3.0706
     -10 -3.00257       10  4.44086 -18.7711  288.691 -604.413  42.5279
      10      -10       10 -10.3041 -7.09248  265.253 -570.766 -59.8622
      10      -10       10 -11.5492 -10.9001  289.948 -600.441  49.6435
 11.4744 -11.4744  11.4744 -15.6864 -14.0149  308.458 -614.135 -15.9871
 26.0797 -26.0797  26.0797 -33.0192  4.41308  294.037 -618.458   45.902
 40.1697 -51.2011  51.2011 -52.4503  25.2366  267.944 -625.804 -37.8994
 53.6972 -70.8285  70.8285 -71.1491   53.963  249.097   -629.3  43.6745
 71.2477 -71.2477  71.2477 -90.0774  42.1494  241.082   -588.7 -93.1077
 56.8494 -56.8494  56.8494 -79.6154  43.9724   260.92 -536.363  48.7224
 72.1489  72.1489  72.1489 -102.492 -144.157  395.323 -754.497 -215.343
 130.378  130.378  130.378 -176.415 -153.277  425.356 -937.263  11.9493
     -10       10       10   -83.11 -46.2096  194.168
