      10      -10       10 -15.4467 -2.04369  88.2782 -372.186  110.606
 -21.959  -21.959   21.959 -64.7238 -33.8675  324.403 -457.591 -15.2513
-65.7014 -13.7933  65.7014 0.602834 -4.97281  216.117 -632.092  15.0509
      10      -10       10 -70.6527 -20.6914  318.341 -571.308 -17.7718
      10      -10       10 -63.6105 -12.5195  306.254 -575.495  19.1374
      10      -10       10 -60.6534 -14.1395  306.701 -579.992  2.39476
     -10      -10       10 -36.8996 -13.0972  307.488 -593.911  11.9136
     -10       10       10 -32.5927 -34.0746  305.716 -606.486  22.8883
     -10      -10       10 -28.5518 -13.7747  308.017 -623.299 0.607942
      10      -10       10  -39.842 -13.7262  285.295 -607.651  40.8315
     -10      -10       10  -8.9739 -10.0963   246.75  -566.98 -63.2938
     -10      -10       10 -15.8466 -12.8594   286.37 -604.037  46.9002
 12.3021 -12.3021  12.3021 -42.4722 -11.1066  306.691 -620.171 -10.4349
 15.5882 -15.5882  15.5882 -45.6965 -4.95498  301.223 -607.267  41.5795
-20.5588 -20.5588  20.5588 -11.4734 -3.03531   296.57 -590.331 -18.9223
 20.8548 -20.8548  20.8548 -52.4946  3.05509  296.262 -578.382  35.6906
 15.5531 -15.5531  15.5531 -48.9347 -12.5969  297.528 -524.337 -52.9508
      10      -10       10 -44.1889 -4.24418  310.497 -510.173  28.4486
 20.7622  20.7622  20.7622 -79.7252 -85.2093  427.345 -635.006 -145.143
 39.8662  39.8662  39.8662 -100.194 -57.1114  459.246 -781.748  8.42549
      10      -10       10 -66.4503 -35.2166  136.297
