 10.9871  10.9871  10.9871 -9.64971 -22.4198  218.949 -526.369  120.653
-21.1834  21.1834  21.1834  4.27707 -82.4014  290.921 -589.747  26.3077
 36.9018  -25.238  36.9018 -42.0921  9.31042  285.632 -704.539  55.1036
 21.6966  21.6966  21.6966 -25.4364 -50.0903   301.32 -656.058  7.57702
 12.6059  12.6059  12.6059 -10.3389 -32.5098  309.294 -647.507  37.9831
 10.2608  10.2608  10.2608 -5.85626 -33.1605  309.891  -632.41  17.6229
      10       10       10 -2.62809 -31.6686  310.147 -632.488  21.7498
     -10       10       10  19.8902 -32.7105  309.315 -629.534  28.5662
      10       10       10  2.32668 -34.3107  309.425 -628.308  1.16797
      10      -10       10  5.09579 -15.7485   289.81 -594.593  36.1519
      10      -10       10  7.25094 -13.0867  264.647 -552.719  -74.708
      10      -10       10  8.73175  -15.211  289.498 -586.207  40.2163
     -10      -10       10  30.5707 -14.5797  309.435 -611.975 -16.2573
-15.7095 -15.7095  15.7095  37.2101 -4.83841  302.723 -613.186  39.1529
-20.0373 -20.0373  20.0373  40.7471 -2.96265  298.903 -602.166 -23.7442
-21.0247 -21.0247  21.0247  43.5801  4.82771  296.256  -596.55  36.3609
 20.1608 -20.1608  20.1608 0.475527 -5.37814    292.1 -558.433 -53.4868
-12.6449 -12.6449  12.6449  37.8157  2.59368   308.44 -562.564  39.1673
      10       10       10  13.1681  -65.094  410.959  -640.34 -132.093
     -10       10       10  34.2086 -24.6086   365.26 -574.841  1.10251
-15.6319  15.6319  15.6319 -61.6499 -58.7509  193.545
