     -10      -10       10 -14.5401 -2.99499  131.553 -416.746  99.4402
-15.3372 -15.3372  15.3372 -90.7255 -39.9131   375.19  -558.38 -23.6732
 73.4511 -5.44445  73.4511 -144.916 -14.1977  204.996  -690.04  32.9021
     -10      -10       10 -57.9661 -18.6245  319.272 -603.833  -13.811
     -10      -10       10 -49.2325 -10.9824  302.555 -588.264  27.4348
     -10      -10       10 -47.1289 -12.2366  305.225 -583.619  3.92132
      10      -10       10  -62.623 -11.0667  304.499 -588.769  14.3584
      10       10       10  -58.733  -32.923  304.495 -594.066  21.6219
-10.7988  10.7988  10.7988 -34.6463 -35.3791  305.069 -599.691  -1.4049
-11.9711  11.9711  11.9711 -26.0988 -39.2763  282.983 -573.453  33.1189
     -10      -10       10 -18.4592 -14.8978  256.393 -532.891 -67.7729
     -10      -10       10  -22.496 -16.0507  286.609 -565.463   37.626
     -10      -10       10 -23.4358 -14.0417  307.336 -591.444 -11.4255
     -10      -10       10 -21.2225 -10.4921   306.87 -583.775  35.9378
     -10      -10       10 -19.7243 -12.3871  307.585 -574.198 -11.6322
      10      -10       10 -37.0208 -7.02874  310.636  -577.83  34.4199
      10      -10       10 -36.1101 -16.2345  303.709 -547.333 -27.6155
      10       10       10 -32.8391 -22.4496  310.209  -563.53  36.3724
      10       10       10  -46.043 -66.5342  379.011 -607.616 -66.3053
-12.0289  12.0289  12.0289 -22.1299 -25.4521  420.339 -691.526  4.78006
     -10      -10       10   -43.06 -37.3912  119.244
