-27.5964  27.5964  27.5964  37.7304 -36.9036  183.443 -539.264  141.645
-46.3234  46.3234  46.3234  39.2354 -105.885  245.188 -610.464  32.3645
 -43.768   -16.06   43.768  51.1883  1.44384  283.898 -737.235  61.4262
 28.5467  28.5467  28.5467 -17.6859 -58.6871  294.519 -690.523  14.7414
 23.1151  23.1151  23.1151 -7.63152 -43.9406  298.553 -682.232  44.8984
 14.7533  14.7533  14.7533  4.67583 -38.8086  302.304   -657.2  24.7171
      10       10       10   12.646 -32.4983  308.764 -649.154  26.4616
      10       10       10  14.6491 -33.6979  308.513  -643.28  32.4802
      10  8.74398       10  16.7187 -33.3374  308.454 -638.436  1.22015
      10 -4.19879       10  18.1027  -21.768  290.275  -602.93  38.2627
     -10      -10       10  39.0779 -12.9043  274.071 -570.881 -79.6535
     -10      -10       10  41.9263 -15.0562  290.589 -594.159  42.6228
-11.2731 -11.2731  11.2731  45.7418  -13.203  307.447 -618.856 -20.7089
 18.0451 -18.0451  18.0451  17.2288  -2.2304   300.74 -622.385  41.4415
 23.7327 -23.7327  23.7327  10.9519 0.488897  296.293 -614.828 -31.4051
-29.2432 -29.2432  29.2432  64.1024   12.909  287.397 -606.869  38.7374
-30.9748 -30.9748  30.9748  62.3198  4.53086  277.654 -560.628 -68.1165
 21.8301 -21.8301  21.8301  13.6613  9.81914  293.154 -552.509  43.4553
 11.1827 -11.1827  11.1827  32.4606 -45.8065  429.231 -658.143 -156.965
      10       10       10  30.8805 -25.7885  371.247 -566.845  6.47585
-25.9991  25.9991  25.9991 -49.7306 -67.2227  186.909
