 16.7286  16.7286  16.7286 -12.5133 -27.3463   185.98 -495.688  127.578
-30.5492  30.5492  30.5492  14.6718 -90.0238   264.58 -576.689  29.2069
 39.4449 -21.5204  39.4449  -42.831   6.6214  280.807   -708.3  54.7967
 24.2269  24.2269  24.2269 -25.8377 -52.7208  297.707 -663.237  9.84194
 14.2551  14.2551  14.2551 -9.73415 -34.5504  308.137  -655.92  39.1605
 10.2656  10.2656  10.2656 -3.17284 -33.5891   309.86 -637.739  19.7664
      10       10       10 0.103834  -31.992  310.097 -637.649  22.8794
     -10       10       10  22.6555 -33.1174  309.271 -634.499  30.7545
      10       10       10  5.16888 -34.5604  309.656 -633.725  1.28832
      10      -10       10  7.37463 -16.0126  292.246 -600.444  37.6773
      10      -10       10  9.32866 -13.2559  272.876 -566.995 -76.9785
      10      -10       10   11.146 -15.4309   292.44 -592.737   41.526
 -11.078  -11.078   11.078  33.9897 -13.5993  309.061 -616.058 -17.7543
 -18.119  -18.119   18.119  41.6107 -2.43932  300.557 -617.303  40.2737
-24.0779 -24.0779  24.0779  46.5437  1.02843  294.123 -606.724 -26.7136
-25.4451 -25.4451  25.4451  49.2203  9.28104  291.298 -598.862  38.1106
 24.3356 -24.3356  24.3356 -2.49742 -1.66156  287.775 -559.899 -60.0037
-14.1392 -14.1392  14.1392  40.2021  3.50646  307.635 -556.409  41.9342
      10       10       10  16.9676 -66.8961  423.552 -653.796 -148.251
     -10       10       10  38.0979 -25.4491  383.033 -595.723  7.44506
-19.1957  19.1957  19.1957 -57.8497 -61.0873  188.317
