 25.9607  25.9607  25.9607 -2.61572 -29.1075  29.1075 -300.816  137.234
 73.6113  73.6113  73.6113 -81.6905 -131.649  154.199 -528.452  39.8882
 82.3658  33.2607  82.3658 -79.9628 -49.3585  236.255 -782.958  60.0045
 52.0041  52.0041  52.0041 -39.9346 -89.3779  267.326 -737.339   35.258
 24.2393  24.2393  24.2393 -4.64434 -51.3063  295.448 -699.851   55.342
      10       10       10  12.3531 -38.8849  307.373 -658.929  35.7819
     -10       10       10  33.0515 -36.6028  310.338 -653.453   29.599
     -10       10       10  34.4125 -36.2719  310.298 -646.032  38.1788
     -10       10       10  35.4963 -35.9479  308.526 -634.545  1.77578
      10  2.84354       10  15.6595 -25.5828  290.515 -594.709  40.7053
      10 -5.99739       10  15.1066 -11.5521  277.756 -561.017 -81.0719
     -10      -10       10  37.6193 -11.4276  291.469 -578.993  45.7354
 31.1935 -31.1935  31.1935 -3.34098  5.90021  301.213 -653.457 -31.8173
 152.568 -51.0147  152.568 -150.328  27.5925  150.328  -734.31  40.3366
 163.129 -68.8184  163.129 -159.077  40.0381  159.077 -772.761 -57.6997
 163.799  -97.318  163.799 -159.352  75.8139  159.352 -761.213  48.2422
 161.613 -106.609  161.613  -153.84   71.287   153.84 -739.666 -98.4614
  168.72 -74.3149   168.72 -161.895  54.1906  161.895 -755.213  78.7041
-177.161  41.0077  298.702  178.732 -117.773  178.732 -1128.96 -198.376
-277.127  239.756  311.266  278.188 -262.391  278.188 -1260.04  23.2427
 41.3157   66.846   66.846 -129.542   -108.2  129.542
