     -10      -10       10  2.75559 -2.87384  223.168 -518.555  111.622
-15.5358  15.5358  15.5358 -13.4807 -76.3285  320.298 -611.289  18.6639
 34.7193 -27.8651  34.7193 -50.4043  10.9115  289.824 -697.036  52.6059
 16.7139  16.7139  16.7139 -30.2567  -44.971  304.916 -637.726  6.34174
 10.3599  10.3599  10.3599 -18.1894 -29.7117  310.296 -634.134  36.2624
      10       10       10 -15.9017 -32.2812  308.648 -622.117  16.4495
      10       10       10 -13.2425 -31.0962  309.756 -622.983  20.4549
      10       10       10 -10.4433  -32.288  309.133  -621.79  27.5787
      10  8.51481       10 -8.08618 -32.6147   309.26 -619.803 0.302903
      10 -2.43953       10  -5.0464 -24.0022  289.944 -585.752  35.0379
      10      -10       10 -2.45623 -14.3588  270.427 -551.282 -75.9293
      10      -10       10 -1.06544 -16.0141  290.713 -580.471  40.3327
      10      -10       10 0.326479 -14.8526  310.035  -606.14 -16.9401
-11.0312 -11.0312  11.0312  23.3974  -9.4374  309.096 -604.715  40.5714
-14.5155 -14.5155  14.5155  26.7605 -8.32838  305.647 -595.621  -22.666
-14.5247 -14.5247  14.5247  29.3069  -1.5349  304.678 -592.605  40.7448
-14.3571 -14.3571  14.3571  27.3272 -10.8138  299.362 -556.491 -50.7825
       -10        -10         10    27.4177 -0.0849136    309.859   -564.787    47.1859
     -10   4.9136       10  20.8543 -58.0459  380.312  -604.44 -123.376
 11.5891  11.5891  11.5891 0.154747 -26.3729  343.997  -549.18   5.4449
   11.12    11.12    11.12 -92.7099 -56.3343  199.325
