      10      -10       10  6.55662  2.68465       10 -356.324  131.295
      10   1.8702       10 -88.0467 -50.7551  333.483 -462.646 -5.26565
 66.0618  7.66605  66.0618 -124.273 -26.2386  212.002 -679.161  21.0395
      10      -10       10 -63.2041 -20.7035  321.364  -616.75 -8.92501
      10      -10       10 -54.7996 -14.0656  306.218 -610.338  26.5238
      10      -10       10 -51.3298 -15.9806  307.745 -610.227  10.1311
      10       10       10 -47.0113 -35.0089   308.95 -620.989  16.1208
     -10       10       10  -21.549 -35.7582   306.16 -627.111  30.4727
      10  7.14555       10 -39.0267 -32.0497    329.4 -679.525  2.33885
 116.808 -6.42992  116.808 -156.476 -17.6836  156.476 -740.661  34.9543
 110.218 -27.6035  110.218 -140.713  8.00782  140.713  -702.85 -73.7352
      10      -10       10 -25.0789 -12.9025   306.33 -643.671  51.3569
      10      -10       10 -25.8442 -14.4548   308.02 -618.321 -11.3559
 17.8753 -17.8753  17.8753 -34.4367 -2.70436   300.99 -614.747  45.3358
 27.1237 -27.1237  27.1237  -45.633  3.20977  292.298 -604.214 -24.6623
  27.927  -27.927   27.927 -46.5341  9.98432  293.752 -589.128  37.8341
 21.4069 -21.4069  21.4069 -40.5247 -7.50576  291.588 -527.934 -67.1413
      10      -10       10  -29.045 -5.82574  305.586  -486.52  32.8178
      10       10       10 -41.9874 -77.7931  458.204 -652.963 -171.908
-44.1221  44.1221  44.1221  9.27425 -61.3283  508.793 -851.166  13.0555
      10       10       10 -60.0363  -52.497  128.214
