-49.1431  49.1431  49.1431  67.1665 -55.3284  67.1665 -396.423  119.354
-86.4974  86.4974  86.4974  87.5138 -147.738  179.811 -586.671   28.601
-66.9492  8.37853  66.9492    89.24  -25.327  254.548  -751.34  55.1055
-27.0775  27.0775  27.0775  59.9743 -61.9045  292.866 -695.017  27.9285
      10       10       10  27.9602 -34.9181  310.435 -675.835  49.4427
      10       10       10  27.4434 -36.8843  307.602 -656.169  30.0074
      10       10       10  28.3311 -34.9268  309.256 -653.218  26.4155
      10       10       10  29.4128  -34.811  308.053 -646.939  34.6265
     -10       10       10  49.8962 -34.9981  306.514 -636.809   1.1874
     -10      -10       10  49.6041 -13.0994  285.802 -598.142  37.0729
-10.3054 -10.3054  10.3054  48.0537 -8.66316  265.007 -554.996 -75.8301
-10.6554 -10.6554  10.6554  51.2541 -10.8036  284.419 -584.429  39.0551
 14.0617 -14.0617  14.0617  28.7397 -10.4499  301.273 -615.336  -25.223
 -32.106  -32.106   32.106  71.9774   10.806  283.837 -629.996  39.6526
-51.7712 -51.7712  51.7712  88.3142  25.2243  264.744 -640.679 -40.0635
 84.4406 -84.4406  84.4406 -52.3734   63.876  244.043 -690.257  42.0705
 157.655 -119.932  157.655 -141.991  85.2211  141.991 -714.603 -81.9797
 174.077  -93.013  174.077 -157.832  72.0375  157.832 -777.662  61.6169
 243.885  15.4814  243.885 -220.708 -87.5619  220.708 -1056.15 -166.292
 142.104  243.753  265.156 -124.643  -263.08   263.08 -1128.85  11.8314
-54.6357  54.6357  54.6357 -20.2259 -97.9985  150.236
