 -32.721  -32.721   32.721 -27.7743  8.81597  428.435  -890.23  111.982
-23.9445 -23.9445  23.9445 -26.4928 -37.5583  421.924 -860.793  14.0493
 44.0296 -44.0296  44.0296 -69.9184  24.0826  271.825 -729.166  69.7377
      10      -10       10 -34.0406 -16.7115  314.457 -626.757 -1.13323
      10      -10       10 -30.4094 -8.91899   309.95 -611.602  30.3379
      10      -10       10 -28.1253 -11.4311  308.728 -598.307  7.61651
 10.0211  10.0211  10.0211 -25.2603 -31.7679  309.685 -597.074  12.3083
      10       10       10 -21.8419 -33.0366  308.512  -593.53  22.3514
      10       10       10 -19.3445 -34.1957  308.734 -587.406 -8.82675
 13.1928 -13.1928  13.1928 -19.1315    -10.9  279.777 -544.668   29.163
      10       10       10 -10.9434 -30.7234  248.225 -486.923 -89.5489
      10       10       10 -8.53883 -35.6939  283.494 -547.372  36.7679
     -10       10       10  15.2172 -37.8571  310.644 -597.528 -12.4395
 12.0561  12.0561  12.0561 -1.29774  -38.058  308.685 -617.321  46.0856
 24.8158  24.8158  24.8158 -14.4317 -53.4826  297.978 -631.401  -1.9532
 27.6522  27.6522  27.6522 -10.6128 -50.2621   293.56 -656.556  51.5045
 6.37066  38.0313  38.0313  7.20189 -66.9362  281.411 -638.994 -11.7934
      -10       -10        10   43.1905 -0.377582   317.803  -674.571     62.28
-51.5729 -51.5729  51.5729  61.2232  18.3289  186.601 -494.396 -42.2547
 -48.914  -48.914   48.914  61.6891   50.026  61.6891 -330.032 -7.98403
     -10 -7.34218       10 -63.6852  -30.613  185.113
