-0.926445   24.3454   24.3454   28.9942  -28.9942   28.9942  -341.804   134.224
 -83.237   83.237   83.237  68.9445 -146.529  146.529 -612.377  68.6245
-8.58195  14.3273  85.3582  3.19245 -34.3975  230.081  -846.17  86.7924
  63.827   63.827   63.827 -67.4119 -102.735  249.211 -770.307  45.7701
 54.4584  54.4584  54.4584 -54.7053 -82.2576  277.428 -786.584  64.1697
 142.546  33.4328  142.546 -161.031 -63.9454  161.031 -818.779  33.8223
 150.083  10.1494  150.083 -169.573 -36.6668  169.573 -842.662  29.0239
 149.989 -4.25657  149.989 -169.825 -21.9455  169.825 -821.129  31.3049
 148.682 -13.4049  148.682 -168.534 -12.1401  168.534 -794.974 -3.18461
 139.443 -23.0156  139.443 -158.006 -1.07093  158.006 -728.119  25.3203
 125.806 -31.9278  125.806 -141.799   11.023  141.799 -643.928 -88.1281
 84.5564 -37.5044  84.5564 -89.1819  15.1029  229.294 -673.728  29.7043
 147.086 -41.8671  147.086 -161.441  17.4157  161.441 -737.366 -27.2889
 154.395 -52.4349  154.395 -166.215   31.218  166.215 -769.763  29.3274
 155.907 -61.4678  155.907 -164.494  36.0779  164.494 -769.795  -27.503
 157.081 -70.2664  157.081 -162.328  49.7317  162.328 -770.484  37.2967
 156.849  -66.787  156.849 -158.067  34.5632  158.067 -761.688 -42.7919
 161.216 -15.5909  170.059 -160.578  -6.3925  160.578 -807.469  62.8984
 174.239  115.827  174.239 -160.306 -190.046   324.06 -1071.51 -104.072
 209.939  209.939  209.939 -211.646 -242.262  384.691 -1164.69 -23.8463
-64.7235  64.7235  64.7235 -27.0701 -117.989  117.989
