-138.573  144.857  144.857  165.736 -165.736  165.736  -926.66   160.41
-114.632  114.632  114.632  146.672 -207.798  207.798 -843.081  93.1798
 69.4426  18.0633  69.4426  -25.896  -49.125   247.33 -794.146   108.75
-117.993  117.993  117.993  159.965 -168.859  206.667 -892.515  68.9895
 139.951  139.951  139.951 -100.135 -176.322  176.322  -913.59  82.8762
 43.2727  43.2727  43.2727  17.0555 -72.0281   281.48 -791.626  66.2668
 16.0808  16.0808  16.0808  46.1644 -40.0079  297.931 -711.586  48.1533
 25.1353  25.1353  25.1353  36.6008 -45.3392  299.606  -729.08  54.7876
 170.925 -3.66454  170.925 -144.535 -22.3622  144.535 -839.412 -9.01168
 98.4118 -7.87444  98.4118  -55.097 -16.4438  224.302 -758.883  39.1508
 162.937 -3.27569  162.937 -141.392 -21.2945  141.392 -752.353 -121.578
 173.475 -164.407  173.475 -142.809  142.809  142.809 -821.385  27.7281
 178.006  9.26678  178.006 -147.806 -34.0013  147.806 -832.462 -33.8021
-40.8971 -80.7313   255.92  60.4085  60.4085  60.4085 -936.818  20.1074
 -46.601 -93.3279  258.795   70.145   70.145   70.145 -960.473 -32.0869
 178.087 -71.3288  178.087 -136.501  52.1471  136.501 -852.002  27.4134
 188.093 -113.674  188.093   -141.4  87.3481    141.4 -895.467 -33.5554
 9.81688  -10.754  306.484       10      -10       10 -1019.21  20.0057
  141.51   141.51   141.51 -89.7263 -189.394  189.394 -761.663 -62.9094
 158.923  82.1201  158.923 -123.434 -123.434  123.434 -673.814  43.3805
-59.4792  59.4792  59.4792  4.46693 -135.857  135.857
