 169.907 -169.907  169.907 -185.807  145.971  185.807 -902.067   134.21
 112.823 -112.823  112.823 -98.1928  69.9747  215.174 -901.524  82.0012
 83.6343 -83.6343  83.6343 -57.5134   69.596  242.568 -866.262  94.7307
     -10      -10       10  40.9052 -10.5437  314.207 -683.235  24.1014
      10      -10       10  20.8321  -7.4608  310.492 -656.592  38.5757
 12.2601  12.2601  12.2601  17.0839 -33.5259  313.378 -643.656   16.033
 17.4473  17.4473  17.4473   11.735   -40.52  300.622 -628.736  12.4381
 16.0089  16.0089  16.0089  14.0132   -40.48  311.012 -623.107  21.7688
      10      -10       10  21.7368 -17.3393  304.292 -583.487 -14.4733
 50.7657 -6.83791  50.7657 -26.6135 -20.7599   276.52 -635.825  22.4448
 150.303 -26.8189  150.303 -147.156  3.53722  147.156 -702.484 -118.901
 168.868 -27.9833  168.868 -159.183 0.463248  159.183 -807.208  26.1312
 166.361 -16.1827  166.361 -148.363 -11.8972  148.363 -829.261 -16.0397
 175.985  2.78356  175.985 -153.011 -28.1839  153.011 -885.949  44.1292
 85.7061  31.2987  85.7061  -39.691 -59.4719  227.669 -781.182  13.0293
  58.171   58.171   58.171   1.4076 -81.9902  272.417 -800.834  71.9206
 64.2089  64.2089  64.2089 -7.57912 -92.9171  242.822 -771.178  15.2166
 40.6089  40.6089  40.6089  37.1059 -58.7257  294.993 -855.264  99.7897
 24.0718 -24.0718  24.0718  39.9844 -9.84844  268.532  -675.69 -24.4877
 5.03898 -15.2411  15.2411  12.1545  12.1545  12.1545 -175.841 -14.5563
 64.7219 -52.6367  64.7219 -139.568  32.2097  139.568
