 13.7225  13.7225  13.7225  18.3332 -18.3332  18.3332 -282.312  119.362
-67.2474  67.2474  67.2474  58.8233   -128.5    128.5 -560.489  81.5424
-83.4697 -2.13444  83.4697  70.1323 -17.2982  233.564 -857.471  90.9203
-78.8342  78.8342  78.8342  60.8502   -120.1  253.828 -829.193  52.9797
-162.915  45.4024  162.915  135.323 -76.0171  135.323 -883.723  66.9948
-175.048  12.9017  175.048  140.427 -44.0624  140.427 -889.586  38.1069
-166.801 -7.90941  166.801  133.399 -20.8061  133.399 -824.994  33.0343
-62.6211 -14.2525  62.6211  41.9393  -11.582  284.633 -733.192  31.2965
 134.406 -15.8633  134.406 -168.771 -11.1094  168.771 -717.723 -7.69725
 131.611 -24.7327  131.611 -167.118 0.341565  167.118 -682.005  16.5558
 120.187 -33.0796  120.187 -153.212  12.1681  153.212 -606.476 -96.7875
 90.2829  -41.691  90.2829 -113.989  19.9639   217.34 -638.768   21.626
-168.312 -59.5092  168.312  135.107  34.5002  135.107 -736.294 -30.4314
-175.218 -74.3585  175.218  145.819  52.8311  145.819 -786.047  30.7207
-172.776 -88.1007  172.776   149.75  62.7141   149.75  -794.45 -20.9829
 -173.61 -100.447   173.61  155.609  79.8183  155.609 -814.407  48.8643
 -96.842 -91.4382  235.027  75.5148  58.4471  75.5148 -870.907 -27.1989
-74.9769 -7.78743  271.879  50.0637  -16.782  50.0637 -935.249  85.2691
-164.835  145.441  274.702  152.508 -225.534  225.534 -1239.05 -77.3736
-298.419  298.419  298.419  256.358  -339.13   339.13 -1331.47 -30.7759
 22.4702  61.5067  61.5067 -120.932 -120.932  120.932
