-50.8378 -50.8378  50.8378 -43.7008  27.8443  404.114 -884.968  71.5833
-39.3148 -39.3148  39.3148 -49.3307 -19.1332  434.983 -921.911 -14.8203
-61.1403 -22.2904  61.1403  18.8063  5.28538  230.064 -789.001  71.4813
     -10      -10       10 -35.4356  -18.828  323.454  -645.02 -8.15119
      -10 -0.463225        10  -29.3165  -21.0186   305.641  -607.666   30.4504
     -10       10       10 -28.3418 -34.1845  306.379 -588.283  4.36366
      10      -10       10 -44.5822 -13.1237  306.087 -587.013  12.2292
-10.7081  10.7081  10.7081 -21.7556 -35.2762  307.171 -585.271  21.3529
 25.1857  4.37864  25.1857  -57.688 -30.1113   292.94 -606.711 -9.80862
 55.3843 -8.92171  55.3843 -88.9821 -16.2746  243.264 -622.317  27.6967
  109.44 -17.5946   109.44 -146.096 -3.65292  146.096 -645.119  -92.791
 126.918 -15.4556  126.918 -166.202  -10.156  166.202  -739.65  33.7872
 137.692 -3.86304  137.692 -176.012 -24.6788  176.012 -798.485 -15.2576
 115.433  11.4516  115.433 -143.748 -38.4045  215.775  -812.26  46.9959
 140.448  31.6052  140.448 -171.884 -61.5601  171.884 -803.929 -2.38463
 117.917  41.9409  117.917 -138.473 -65.5693      202 -803.208  51.1961
 117.224  24.1011  117.224 -139.102 -52.7697  199.428 -765.511 -6.88983
 71.6758 -71.6758  71.6758 -68.2054  63.7745  255.058 -792.216  68.3326
-15.3849 -118.581  118.581  1.62211  90.9435  90.9435 -591.603 0.454865
 53.2839 -53.2839  53.2839 -36.5373  58.3526  58.3526 -428.183  32.5098
     -10      -10       10 -47.0548 -25.9525  141.117
