 17.7524 -17.7524  17.7524  -49.009 -2.71685  406.591 -787.578  98.5396
-25.5937 -25.5937  25.5937 -3.51402 -40.8359  395.835 -798.731  2.79032
 35.3889 -35.3889  35.3889 -46.6526   12.909  287.064  -695.87   63.463
     -10      -10       10 0.573233 -18.4718  311.382 -617.197 -3.25814
      10       10       10 -16.2566 -29.7025  311.873 -618.982  31.7266
      10       10       10 -14.3975 -31.7899  309.738 -608.268  8.88244
      10       10       10 -11.5913 -30.9594  309.345 -607.429  15.8643
      10       10       10 -9.34583 -32.2312  308.448 -603.225  22.6635
      10  1.24283       10 -7.26272 -25.0577  308.275 -598.886 -4.95853
      10 -3.30106       10 -5.30136 -22.2904  286.597 -557.684  29.1655
 10.5508 -10.5508  10.5508 -2.89779 -12.7775   257.11 -513.165 -81.0229
 16.8376 -1.18242  16.8376 -7.82415 -25.3427  279.127 -571.143  35.4372
   35.96  6.91743    35.96 -27.1389 -33.8801  282.431 -639.074 -12.3616
 38.7655  11.9903  38.7655 -25.8856  -35.602  287.864 -666.998  41.3623
 38.6325  23.4719  38.6325 -25.1021 -49.8994  279.532 -643.222 -6.81975
  20.836   20.836   20.836 0.528115 -41.2378  296.149 -628.051  45.0463
 18.2642  18.2642  18.2642  2.23481 -45.1832  300.467 -604.251 -19.9335
   10.2552   -10.2552    10.2552    22.3421 -0.0982155    317.472   -649.622    53.5537
 38.3557 -38.3557  38.3557 -25.1699 0.753662  240.267 -523.978  -51.808
 53.6762 -53.6762  53.6762 -44.4179  47.1641  100.837 -366.528 -4.38608
     -10  6.83029       10 -65.6311 -54.1522  197.431
