     -10      -10       10 -76.6271  -14.796  395.044 -690.343  75.1845
-10.2563 -10.2563  10.2563 -90.1319  -52.659  460.221 -747.791 -45.5189
-67.4772 -9.09359  67.4772  8.61506 -11.9665   219.23 -704.163  51.4497
     -10      -10       10 -45.5165 -19.5313  321.026 -606.615 -21.5878
     -10      -10       10 -38.4216 -10.9158  306.289 -587.339  28.2483
       -10        -10         10   -35.4921    -12.358    305.637   -580.353 -0.0696203
     -10       10       10  -32.473 -31.7813   307.36  -584.04  12.4812
-11.3196 -1.73886  11.3196 -27.5022 -20.6866   304.09 -584.764  18.8051
 10.0337  10.0337  10.0337 -45.9733 -34.0644    306.3  -582.05 -6.23384
  16.989 -4.79811   16.989 -48.1562 -20.4183  275.266 -554.556   29.857
 28.2903 -7.96861  28.2903 -54.0109 -14.7849  232.148 -529.933 -80.8601
 30.0215 -2.44298  30.0215 -57.2872 -24.4594  262.101 -579.921  37.5919
 22.4178  22.4178  22.4178 -47.3454 -50.7432  296.048  -614.51 -11.2283
 26.6353  26.6353  26.6353 -48.0435  -52.787  291.764 -628.366  44.5784
 33.3081  33.3081  33.3081 -54.0482 -61.8417  286.305 -633.989 -4.11582
 35.3853  35.3853  35.3853 -51.6869 -57.8452  284.402 -647.527  46.6173
 42.1983   17.496  42.1983 -59.7147  -45.425  275.936 -634.976 -12.8102
 24.6989 -24.6989  24.6989 -28.0595  15.5284  311.702 -687.408   54.848
-96.9678 -96.9678  96.9678  74.8031  64.6692  144.535  -562.53 -22.3802
-79.9329 -79.9329  79.9329  79.7972  79.7237  79.7972  -485.65  30.8722
     -10      -10       10 -45.8848 -36.0348  133.083
