      10      -10       10 -6.83688 -2.80821  257.923 -561.658  109.057
 10.1049  10.1049  10.1049 -18.1437 -73.2742   333.41 -618.299  15.4176
 31.6194 -27.8967  31.6194 -28.2495  10.0267  294.448 -692.913  53.5244
 12.7407  12.7407  12.7407 -7.17301 -41.3154  309.892 -636.198  4.00476
       10        10        10 0.0535795  -29.5733    311.09  -637.581   35.7548
      10       10       10  1.76163 -32.0288  309.046 -628.744  15.5324
      10       10       10  4.33154 -30.9827  310.301 -631.836   20.189
      10       10       10  6.67813 -32.0821  309.757  -631.09  27.9146
       10   9.58726        10     8.599  -33.3148   309.253  -628.249 -0.354072
      10 -3.61844       10  10.3391  -22.208    287.3 -590.502   35.073
      10      -10       10  11.9581 -13.8107   261.62 -549.284  -74.841
      10      -10       10  13.7015 -15.5128  286.745  -584.26  39.3166
      10      -10       10  15.6072 -14.4014  308.492 -613.168 -16.3328
      10      -10       10  17.4585 -10.5737  308.185 -609.946  39.2342
      10      -10       10  17.6505 -12.7799  309.005 -597.476 -20.2627
      10      -10       10  19.6655 -6.50078  307.751 -593.631  37.8044
     -10      -10       10  37.2487 -15.4013  301.958 -556.304 -45.6488
      -10       -10        10   41.3615 -0.554108   308.739  -574.912   41.8278
      10      -10       10  16.8856 -42.2733  384.133 -613.063 -109.885
      10       10       10  16.2562  -23.822  322.791 -528.516  4.34789
 11.2992  11.2992  11.2992 -81.9095 -58.1773  202.692
