-152.754 -152.754  152.754  147.496  131.113  416.957 -1246.95  136.133
 120.954 -120.954  120.954 -103.067  58.0038  351.086 -1143.23  44.7351
 67.7224 -67.7224  67.7224 -41.1382  47.4456  263.972 -811.881   97.553
 24.6236 -24.6236  24.6236  2.99567 -1.08535  289.368  -665.31  6.36424
      10      -10       10  21.7115 -8.87374  308.389 -636.757  36.3549
      10      -10       10  22.5463 -12.4994  307.731 -620.495  7.84977
      10       10       10  24.6888 -32.9421  308.576 -615.875  12.9277
     -10       10       10   46.706 -34.3999  307.255 -606.099  18.9652
-10.0888  10.0888  10.0888  48.3421 -35.7871  305.576 -593.774 -11.1195
     -10       10       10  46.9254 -35.2594  285.121 -544.068  22.9854
-14.8661  14.8661  14.8661  50.1681 -36.3594  256.557 -504.783  -95.063
-18.8948  18.8948  18.8948  61.1372 -45.5331  274.087 -562.611  31.2589
-24.0471  24.0471  24.0471  74.3404 -53.5833  289.517 -627.265 -13.2632
 33.6507  33.6507  33.6507  21.9019 -61.6521  281.276 -670.279  46.5495
-43.8817  43.8817  43.8817  100.845 -74.5893  272.045 -689.442  1.94052
 46.4049  46.4049  46.4049  18.3999 -71.7488  270.421 -731.371  56.7733
 -45.9499   45.9499   45.9499   110.876  -77.3297   271.642  -714.438 -0.922398
-11.5347  11.5347  11.5347  98.5104 -25.7708  306.517 -750.177  68.0706
  42.4196  -42.4196   42.4196 -0.567992   9.31027   144.544  -465.023  -16.3698
      10      -10       10  8.63359  11.7961  11.7961 -161.171 -21.0863
-50.8984 -7.91559  50.8984 -26.1215 -19.5216  161.321
