     -10      -10       10  12.8812 -5.02866  336.348 -705.613   127.52
     -10      -10       10  7.75446 -55.3042  363.766 -700.071  22.8531
-30.3392 -30.3392  30.3392  38.2015  11.5234  295.995  -697.62  59.5739
      10       10       10  1.11779 -37.8406    310.8 -636.957  4.90683
      10       10       10  5.09914 -28.7484  311.278 -640.027  35.7583
      10       10       10  7.53366 -31.2904  309.066 -630.792   15.393
      10       10       10  10.9131 -30.4959  309.519 -632.443  19.8751
      10       10       10  14.0529 -31.8178  308.844 -631.745  28.1457
      10       10       10  16.9646 -33.7485  308.101 -630.206 0.129355
      10       10       10   18.442 -35.8217  285.785 -591.121  35.0794
     -10      -10       10  39.9021 -13.9246  257.707 -544.575 -75.1298
     -10  2.89228       10   43.096 -28.7392  285.305 -584.846  38.7236
     -10      -10       10  47.2055 -15.2595  307.616 -617.958 -14.5581
      10       10       10  29.4807 -31.3202  307.485 -615.477  38.5738
      10      -10       10  30.7179 -13.7603  307.459 -602.227 -17.5918
     -10      -10       10  53.4019 -7.56297  305.307 -597.298  36.3449
     -10      -10       10  51.4794 -15.3834  302.909 -563.916 -42.4618
       10       -10        10   37.8217 -0.134472   307.553  -586.964   36.8282
      10      -10       10  30.0936 -36.4991  339.887  -543.41 -103.648
      10 -2.05446       10   21.198 -9.90576  243.286 -394.313 -19.8116
-11.5512  11.5512  11.5512 -60.4566 -56.9266  203.206
