-44.3646 -44.3646  44.3646 -45.1669  20.7669  404.868 -842.631  72.6521
-25.0809 -25.0809  25.0809 -56.6124 -36.7912  437.207 -862.715 -22.0164
 58.3225 -36.3377  58.3225 -101.191   17.695  235.917 -755.038  70.0801
      10      -10       10 -56.3092 -19.8921  323.844 -628.758 -16.3548
     -10      -10       10 -30.4995 -11.1529  307.835 -597.359   28.798
      10      -10       10 -48.6788 -13.3538  305.953 -581.781  0.64726
      10      -10       10 -44.9396 -13.3909  306.574 -588.376  14.5335
  24.014   16.155   24.014 -60.0441 -40.5093  307.876 -644.065   19.449
 122.807 -3.42071  122.807 -173.742 -20.7527  173.742 -740.114 -13.2974
 123.635 -16.9388  123.635 -170.805 -6.92656  170.805 -739.729  23.7097
 112.174 -20.5817  112.174 -149.966 -1.15613  149.966 -674.185  -87.084
 81.2624 -10.6916  81.2624 -113.528 -16.5469  221.465  -692.57  39.1364
 82.9473  4.49604  82.9473  -113.83 -34.0486  238.159 -728.503 -9.86675
 88.5297  19.7773  88.5297 -115.962 -47.4401  231.187 -745.413  47.4892
 91.6524  42.4965  91.6524 -118.612  -72.566  229.255 -742.483 -1.27699
-1.68457   60.622  104.986 -22.7666 -84.1107  208.979 -762.841  48.1561
-102.679  50.5067  102.679  76.0089 -78.3341  214.866 -731.092 -12.5792
-67.2494 -67.2494  67.2494  63.5854  59.8993  257.796 -768.292  63.9085
-77.5974 -120.526  120.526  56.6359  93.4163  93.4163 -587.307 -8.39159
 57.5586 -57.5586  57.5586 -46.5678   59.636   59.636 -429.177  33.4066
     -10      -10       10 -50.9888 -29.6279   148.33
