 17.0851  17.0851  17.0851  18.6439 -18.6439  18.6439 -317.207  145.208
-56.7433  56.7433  56.7433  66.5893 -121.502  121.502  -539.02  99.7823
 20.6159  11.0204  78.1636 -13.7335 -30.5155  232.086  -848.86  101.929
 111.195  111.195  111.195 -108.917 -158.852  189.375  -853.81  61.6222
 87.1023  87.1023  87.1023 -79.9736 -121.321  243.446 -863.309  79.0096
 148.169  72.7511  148.169 -156.339 -109.001  156.339 -852.245  45.0376
 154.127  26.5295  154.127 -164.771 -57.0162  164.771 -859.402  36.2763
 153.643 -1.64138  153.643 -167.077 -27.3329  167.077   -826.4  32.6049
 151.514 -20.2905  151.514 -167.056 -6.55874  167.056 -788.301 -5.65283
 141.169  -33.879  141.169 -158.654  10.3896  158.654 -705.976  16.9492
 129.966 -44.2826  129.966  -147.39  25.4394   147.39 -630.092 -99.2266
 116.575 -50.9323  116.575 -126.518  28.9562  191.546 -672.798  17.5239
 151.609 -56.7275  151.609 -162.098  32.1167  162.098 -739.838 -32.5737
 157.287 -64.3778  157.287 -162.936  41.5571  162.936 -771.183  27.1013
 160.643 -77.0149  160.643 -159.848  50.1116  159.848 -792.323 -20.7407
 165.974 -85.2921  165.974 -159.459  62.4442  159.459 -822.488  46.4628
 85.3649 -78.6273  223.866 -83.5921  43.7818  83.5921 -875.023 -22.9631
 61.9348   14.067  264.079 -62.4156  -40.805  62.4156 -960.055  78.3918
 115.666  181.538  266.772 -89.7038 -261.636  261.636 -1301.04 -79.5615
 127.589  312.794  312.794 -122.908 -353.451  353.451 -1416.26 -38.0302
-59.2671  59.2671  59.2671 -22.1573 -119.706  119.706
