 11.0566 -11.0566  11.0566 -11.4959 -4.94168  336.188 -675.079  103.996
 12.1845 -12.1845  12.1845 -17.0321 -53.9703  372.558 -702.772  5.99503
 30.2514 -30.2514  30.2514 -24.1003  9.56272  295.505 -686.663  56.4074
       10 -0.921297        10   -1.5812  -27.5715   310.284  -623.751 -0.690287
      10       10       10  1.88971 -29.0945  311.647 -631.252  33.1579
      10       10       10  3.68578  -31.316  309.606 -623.226  11.6587
      10       10       10  6.27158 -30.2971   310.04 -624.816  18.2956
      10  8.04405       10  8.74302 -29.6421  308.841 -623.725  25.4723
      10       10       10  10.6971 -33.6178  308.455  -621.73  -1.1453
      10 -1.87355       10  11.9323 -24.4083  286.462 -582.707  32.5073
      10      -10       10   13.407 -14.4678  259.777 -540.548 -74.9545
      10  -3.3109       10  15.7111 -23.1712  286.386 -580.139  36.9072
      10  1.87905       10  18.4729 -27.0955  308.702 -613.899 -14.2107
      10  2.53078       10  20.9153 -24.2964  307.843 -613.452   38.423
      10  6.60284       10  21.4861  -30.198  307.955 -603.331  -13.912
      10  6.01935       10   24.311  -23.714  306.963 -604.876  38.7543
     -10      -10       10   42.887 -15.3359  305.662 -579.011 -32.6568
      -10       -10        10   49.4734 -0.193071   311.349  -610.571   43.9697
      10      -10       10  19.2875 -35.5238  326.778  -549.88 -79.0443
 5.72242 -10.8664  10.8664  19.1259 -1.05374  236.743 -418.286 -3.10658
 10.1379  10.1379  10.1379 -78.8763 -59.4824  204.111
