 14.4767  14.4767  14.4767  17.4849 -17.4849  17.4849 -281.219  116.366
-55.6981  55.6981  55.6981   51.497 -114.189  114.189 -495.921  82.0158
-79.7976 -2.30736  79.7976  64.3732 -14.8972  219.424 -812.123  84.0581
  -67.43    67.43    67.43  48.8397 -107.893  242.076 -760.045  47.4456
-40.8455  40.8455  40.8455  27.6437 -71.6946   277.03 -728.627  63.5091
-34.7054  34.7054  34.7054  17.4084 -66.7044  307.706 -728.877  37.9548
-152.723  6.10527  152.723  120.303 -37.2832  120.303 -753.204  31.0175
-43.1691 -8.45292  43.1691   22.164 -18.4124   310.99 -720.518  31.8436
 133.061 -14.6817  133.061 -169.821 -13.5114  169.821 -716.615 -6.18319
 131.331 -25.0947  131.331 -168.481  1.91836  168.481 -691.346  18.2974
 119.796 -34.9236  119.796 -153.987  15.2284  153.987 -615.331 -93.2739
 82.6879 -46.9397  82.6879 -106.719  26.3228  227.487 -641.929   24.651
-168.459 -71.5799  168.459  133.088  46.7715  133.088 -736.251 -29.0225
-175.913 -89.2773  175.913  143.306  67.2139  143.306 -782.318   31.942
-173.219 -101.812  173.219  146.428   74.225  146.428 -783.795 -23.9095
-174.174 -112.157  174.174  152.037  89.4467  152.037 -802.249  49.5517
-78.8023 -86.2534  256.842  48.5657  48.5657  48.5657  -871.79 -35.3782
 -65.2035 -0.201096   301.805   28.8468  -28.8468   28.8468  -963.885   83.8502
-83.8016  165.825  284.851  63.3881 -254.798  254.798 -1293.47 -98.3086
-118.541  311.264  311.264  66.7198 -352.857  352.857 -1382.53  -18.495
  16.179  59.4904  59.4904 -113.114 -113.114  113.114
