   23.44   -23.44    23.44   -61.75 0.566707  440.847 -851.585  98.0855
-31.2347 -31.2347  31.2347  1.27464 -35.5564  407.375 -857.284  1.93091
  36.244  -36.244   36.244 -47.4501  12.8245  286.942 -708.131  69.7845
       -10        -10         10 -0.0721793    -18.808    311.651   -619.973   -4.57521
      10 -3.61722       10 -17.2149 -16.3985  311.489 -616.174  32.0526
      10  8.04938       10 -15.7652 -30.3492  309.372 -603.771  6.99485
      10       10       10   -12.99 -31.6844   309.36 -603.278  14.3771
      10       10       10 -10.8332 -33.1116  308.757 -598.693  21.2838
      10       10       10 -9.12655 -34.5396  308.726 -592.799 -7.35722
 13.3399 -6.43593  13.3399  -11.529 -19.4383  284.385 -553.294  27.3051
 17.0837 -17.0837  17.0837 -13.2728 -6.13094  257.196 -519.301 -84.9655
 12.0563  12.0563  12.0563 -4.33572  -39.548  286.705 -560.124  35.7969
 16.8857  16.8857  16.8857 -5.62387 -45.2349  303.226 -613.175 -12.8756
 22.7699  22.7699  22.7699 -8.05144 -48.5701  297.673 -633.809  45.2443
 30.9083  30.9083  30.9083 -15.9762 -58.8491   290.01 -641.586 -5.67274
  32.694   32.694   32.694 -12.9381  -54.773  285.554 -655.275  50.6725
  32.813   32.813   32.813 -14.0563 -60.7134  286.812   -637.4 -16.1499
  15.749  -15.749   15.749  18.9644  5.35323  312.597 -681.783  63.2058
 68.4109 -68.4109  68.4109 -60.2534  35.0959  167.071 -516.965 -39.2432
 59.2708 -59.2708  59.2708 -49.8028  55.0551  55.0551 -336.326  2.44984
     -10  6.81033       10 -65.1205   -52.98  196.835
