 29.3837  29.3837  29.3837 -23.5439 -39.8186  130.223 -449.294  116.644
-34.4108  34.4108  34.4108  12.2582 -93.2774  276.895 -589.434  21.5774
  37.883 -21.8392   37.883 -44.4486  6.24001  290.597 -713.325  49.7322
 15.0499  15.0499  15.0499 -18.2912  -44.697  307.309 -644.323  12.6692
     -10       10       10  11.6321 -31.0956  309.759 -639.642  37.3396
     -10       10       10  12.7648 -34.1766  308.259 -627.026  19.3948
      10       10       10 -4.80538 -32.9014  310.278 -630.267  20.8424
      10       10       10 -2.59284 -33.9357  310.179 -628.434  29.2079
     -10       10       10  19.6457 -34.8908  309.673 -626.486 0.258595
     -10 -2.28587       10  22.2735 -22.9673  289.358 -592.096  36.3212
     -10      -10       10  24.2417  -12.168  269.391 -557.278 -73.4049
     -10 -8.91385       10  25.7575 -15.5201  289.414 -586.323  41.8067
-10.1603 -10.1603  10.1603  26.7615 -14.5409  309.779 -610.873  -18.928
-18.5233 -18.5233  18.5233  34.9825  -1.9444  301.559  -615.89  41.0826
   29.56   -29.56    29.56 -14.8896  6.12159  291.695 -617.179  -28.607
 38.1744 -38.1744  38.1744 -24.0166  21.7346  282.503 -618.803  39.9471
 39.4411 -39.4411  39.4411 -27.5051  12.3373  271.074 -577.042  -63.088
 25.1086 -25.1086  25.1086 -9.77634  11.7335  288.831 -555.262  48.9471
      10  1.61225       10  7.89275  -63.152  418.384 -660.213 -141.065
 8.56174  38.2712  38.2712  3.27543 -56.2438  404.415 -695.069  6.42643
 16.5564  16.5564  16.5564 -96.4916 -60.1527  196.567
