-18.4267 -18.4267  18.4267  -62.533 -7.80467  453.874 -816.875  84.0178
-24.8235 -24.8235  24.8235  -54.932 -39.2752  460.486 -867.185  -33.058
-55.3286 -23.0773  55.3286  17.2662  3.85746  239.361 -739.927  66.0813
-11.4084 -11.4084  11.4084 -27.8814 -18.9923  317.267 -622.244 -13.6829
      10      -10       10  -43.361 -10.9772   307.73 -601.929  28.5778
      10      -10       10 -41.7267 -13.2398  307.646 -586.704 0.937612
      10      -10       10 -38.0277   -12.02  308.837 -591.604  11.3009
      10       10       10 -34.6222 -34.5913   306.62 -590.056  22.1303
 15.4455 -0.45757  15.4455 -38.7223 -23.7224  320.512 -635.616 -8.52482
  113.09 -4.96518   113.09   -150.7 -19.4946    150.7 -654.454  24.6895
   41.31 0.254441    41.31 -59.6943  -21.502  243.863  -594.32 -89.1277
-29.4401  16.7911  29.4401  14.0342 -45.2148  267.937  -587.08  41.2394
  33.262  25.1353   33.262   -46.99 -55.3294  286.382 -635.741 -12.1077
 37.5601  35.1988  37.5601 -47.3231  -64.329  281.628 -655.106  48.0777
-48.9949  48.9949  48.9949    38.37 -79.9468   273.87 -669.142 -3.15085
-47.8791  47.8791  47.8791  43.6635 -72.7986  275.642 -689.467   51.945
  -6.522  16.3817  57.8911 0.307677 -45.3933  264.972 -682.619 -12.2801
 45.5547 -45.5547  45.5547 -34.0988  37.4331  265.868 -719.968  70.1435
-65.4273  -102.62   102.62  58.8433  77.2015  77.2015 -529.576 -12.5615
-41.3268 -54.3656  54.3656  56.9544  56.9544  56.9544   -418.3  43.5973
     10     -10      10 -69.984 -29.111 154.199
