  10.951  -10.951   10.951 -64.8763 -12.6157  427.822 -772.651   94.112
 11.7011 -11.7011  11.7011 -63.1425 -55.1522  438.903 -806.888 -17.1618
 42.2607 -42.2607  42.2607 -71.5115  18.7297  276.527 -687.999  62.7551
      10      -10       10 -34.8728 -18.9914  311.475 -608.913 -10.4377
      10 -9.15217       10  -31.356 -11.2692  309.651 -604.662  31.7409
      10 0.541275       10 -29.3773 -22.8757  308.483 -596.413    4.713
      10       10       10 -26.5794 -31.3384  309.168 -597.763   14.692
     -10       10       10  -4.0458   -32.68  308.541 -594.797  20.5354
     -10       10       10  -1.8478 -34.0634  308.699 -592.007  -5.5279
-12.9853 0.978728  12.9853  3.75057 -26.8842  284.135 -556.776  29.6289
 -16.829 0.811262   16.829  10.9363  -24.025  254.987 -523.409 -81.6705
 -16.872  7.96237   16.872  11.9661 -35.5663  280.615 -564.686  36.9087
 17.5373  17.5373  17.5373 -19.9699 -45.8865  302.453 -608.264 -11.9194
 23.2612  23.2612  23.2612 -22.8673 -49.3272  296.727 -624.223  43.5329
 29.2268  29.2268  29.2268 -28.7557 -57.3723  292.634  -628.05 -6.71951
 28.0755  28.0755  28.0755 -22.2676 -50.4174   293.04 -639.465  47.1482
 25.1038  25.1038  25.1038 -19.3701 -53.0444  296.625 -618.247  -17.729
 20.5134 -20.5134  20.5134 -1.88841  10.8572  304.714 -667.878  59.8465
 79.8329 -79.8329  79.8329 -83.6197  47.8182  145.938 -515.172 -38.6341
 70.2333 -70.2333  70.2333 -65.7454  66.6667  66.6667 -392.593  13.1439
      10 -7.03463       10 -87.9123 -39.9602  190.176
