      10 -3.38542       10 -21.0275 -9.50899  217.398 -524.688  114.176
      10       10       10 -49.3149 -70.5514  341.481 -628.672  20.5604
 35.7021 -28.9487  35.7021 -59.3627  11.2871  285.585 -694.972  52.7109
  17.698   17.698   17.698 -38.9154 -45.7051  300.934 -634.635  8.17979
 10.1199  10.1199  10.1199 -25.5685 -29.0205  310.648 -631.574  34.3107
 10.6226  10.6226  10.6226  -24.287 -32.1277  308.529 -618.908  16.4035
      10       10       10 -20.2974 -30.4607  309.909 -619.025  19.1906
      10       10       10 -17.2677 -31.7586  309.069 -616.184  27.6786
     -10       10       10  5.44664 -33.7988  309.063 -613.809 -0.77838
      10  -3.4175       10   -10.29 -22.6406   288.01 -579.074  34.7026
      10      -10       10 -6.72727 -13.7977  267.004 -543.643 -74.8335
      10      -10       10 -5.39743 -16.0899  289.483 -576.484  39.7823
      10      -10       10 -4.14383 -14.9429  310.549 -604.011  -16.392
     -10      -10       10  18.4685   -10.72  309.486 -599.282  40.1884
-12.2628 -12.2628  12.2628  21.3193 -10.7217  306.945 -589.138 -21.3089
-13.8129 -13.8129  13.8129  25.4987 -2.33883  305.565 -589.528  41.0599
-12.4625 -12.4625  12.4625  23.5872   -12.02  304.842 -561.484 -49.5016
     -10      -10       10  26.1466 0.728133  314.453 -576.019  48.7316
        10    5.68352         10 0.00256366   -56.9588    360.033   -586.412   -119.644
 15.6794  15.6794  15.6794 -7.78625 -30.1805  342.742 -551.275 -7.28136
 10.3411  10.3411  10.3411 -96.2555 -54.9294  195.783
