     -10      -10       10 -17.3168 -4.03627  140.012 -424.807  99.2365
-19.0724 -19.0724  19.0724 -87.0067 -35.9054  374.061 -579.849 -25.9659
-14.7582 -2.82406  75.0753 -58.5037 -17.5239   209.34  -699.87  34.6723
     -10      -10       10 -56.6017 -18.2371   317.71 -604.977 -15.8157
     -10      -10       10 -48.9751 -10.7572  303.778 -589.027   28.588
     -10      -10       10 -45.9169 -12.2061   303.74 -582.632  3.52559
      10      -10       10 -61.8888 -11.1162  304.695 -588.935   14.786
      10       10       10  -58.112 -32.7625  304.723 -593.141  21.6023
     -10       10       10 -34.4139   -34.28  306.214 -599.112 -1.71797
     -10       10       10 -26.5039 -36.8615  283.481 -568.207  33.2362
     -10      -10       10 -16.3503  -14.488  250.826 -526.962 -68.8653
     -10  -6.0677       10 -20.9793 -19.6888  284.822 -564.608  37.8288
     -10      -10       10 -22.5861 -13.8045  308.901 -593.108  -12.011
     -10      -10       10 -20.0873 -10.3941  308.745 -587.329  36.4073
-10.0298 -10.0298  10.0298 -18.2491 -12.3042  308.478 -576.883  -11.478
      10      -10       10 -34.9286 -7.42183   307.48 -574.469  34.9737
      10       10       10 -34.4351  -36.552  300.653 -543.648 -25.8203
      10      -10       10 -30.6168 -1.98667  313.486 -572.589  36.4212
      10       10       10 -44.1803 -65.4505  383.225 -615.866 -62.8557
-10.9194  10.9194  10.9194 -18.5933 -24.1695  406.076 -671.477  2.64328
     -10      -10       10 -43.9123 -38.0728  121.948
