 10.2436 -10.2436  10.2436 -2.36834 0.203951  31.8801 -303.381  118.961
-31.2407 -31.2407  31.2407 -65.1594 -21.5172  313.422 -473.053  -20.596
-69.0024 -12.0235  69.0024 -1.13471 -5.61167  213.103 -657.464  22.3092
      10      -10       10 -76.6556 -21.5915  318.409 -578.879 -16.7031
      10      -10       10 -69.3323 -13.6683  304.883 -575.603  23.3664
      10      -10       10 -66.7197 -15.6436  304.783 -573.405  1.10702
     -10      -10       10  -43.806 -13.9351  307.369 -584.703  11.5897
     -10 -2.28559       10 -39.2674 -22.0498  305.274 -594.111  20.6502
      -10   3.95172        10  -35.4774  -28.6229    307.07  -609.161 -0.988841
      10 -7.54954       10 -45.4232  -16.326  283.772 -594.911  38.4672
     -10      -10       10 -14.9026 -10.0399  251.818 -562.939 -62.3312
     -10      -10       10 -20.6761 -12.7128  283.882 -592.539  45.2186
      10      -10       10 -44.6614 -13.3945  306.886 -608.754 -10.3253
 19.5751 -19.5751  19.5751 -55.1636 -0.73496  296.086 -608.791  41.2402
-28.9333 -28.9333  28.9333 -9.19589  5.82587  289.186 -605.039 -17.6465
 32.2057 -32.2057  32.2057  -70.626  14.5192   287.31 -599.175   35.506
 27.5951 -27.5951  27.5951 -65.7569 -1.05341  281.042 -542.754 -48.5862
      10      -10       10 -47.5636 -6.50007  308.515  -512.97  32.9144
 36.7957  36.7957  36.7957 -102.364 -105.338  416.413 -688.927 -131.301
 71.8123  71.8123  71.8123 -151.812 -92.5907  470.819 -883.471 0.762622
      10      -10       10 -67.4482 -33.8805  130.982
