 12.5275 -12.5275  12.5275 -41.8215 -6.09657  344.987 -703.216  111.515
 10.2973 -10.2973  10.2973 -42.6464 -53.1431  378.933 -722.358  18.0894
 34.5978 -34.5978  34.5978 -51.2521  15.0342  288.671 -702.586  63.1846
      10       10       10 -24.2215 -37.4754  311.197 -624.922  3.23622
      10       10       10 -19.7642 -28.7128  309.263 -623.916   34.935
      10       10       10 -17.1213 -31.2441   308.08 -615.272  13.5822
      10       10       10 -13.9449 -30.5864  310.137  -617.27  18.4512
      10  8.16299       10 -10.6807 -30.0619  310.055 -616.146  26.8955
     -10       10       10  12.0901 -33.9532  309.717 -612.572 -2.15398
      10       10       10 -4.93541 -36.3168  287.678 -572.305  33.5452
      10      -10       10 -1.68315 -14.1893   263.98 -531.214 -79.1142
      10 -6.99487       10 0.679881 -19.5501  287.705 -568.388  38.6797
      10 0.920708       10  3.61207 -26.7306  309.848 -603.838 -15.7021
     -10   3.0657       10  27.0466 -25.3372  309.851 -604.731  41.1523
     -10  7.79741       10  28.4501 -32.0869  311.657 -596.939 -15.8967
     -10      -10       10  32.8034 -8.21735  309.829 -598.167  41.2261
     -10      -10       10  32.1462 -15.6756  305.667 -569.394 -35.8842
     -10 -3.15004       10  39.8591 -6.16094  312.028 -602.162  46.3181
      10      -10       10  9.06705 -32.8834  309.744 -516.172 -90.5538
      10       10       10  5.63504 -19.6187  208.756 -359.433 -9.97967
      10  6.21057       10 -92.1295 -51.3864   198.71
