 62.9965  62.9965  62.9965 -52.6577 -70.7018  70.7018 -481.678   134.69
-86.8873  86.8873  86.8873  72.4588 -145.467   179.55 -622.066  37.3387
 -73.882  18.0021   73.882  78.2672 -33.2448  247.289 -790.241  62.0869
-31.2202  31.2202  31.2202  42.5106 -63.2274  292.274 -705.335  24.9711
-11.3986  11.3986  11.3986  29.7642 -34.0363  311.122 -679.172  48.0896
-10.8861  10.8861  10.8861  29.4077 -36.6376  308.225 -655.688  28.1586
     -10       10       10  30.2185 -33.8272  309.527 -648.928  25.5069
      10  8.57693       10  11.8577 -33.2777  308.755 -641.941  33.4477
      10  1.42127       10  13.3836 -26.0288  307.839  -634.06 0.881157
      10 -8.46994       10  14.4455 -15.9851  288.906 -596.631  36.3658
-10.2313 -10.2313  10.2313  35.0446 -10.7565  271.069 -560.828 -77.2609
-11.2259 -11.2259  11.2259  38.5446 -11.7499   288.48  -589.99  40.5281
-14.8319 -14.8319  14.8319  43.4927 -9.57815  304.864  -618.62 -23.8876
-27.1105 -27.1105  27.1105  55.0808  6.52893  291.217 -626.397  40.3504
-36.6359 -36.6359  36.6359   63.414  12.1619  281.567 -624.022 -36.0681
-34.2005 -52.3313  52.3313  58.5484  34.3397  262.918 -626.757  41.2884
-53.2387 -53.2387  53.2387  75.2804  23.3276  254.936 -586.681 -75.5897
 37.8891 -37.8891  37.8891 -10.7863   20.914  285.659  -582.77  54.3888
-10.3725 -10.3725  10.3725  53.4027   -56.56   463.13 -733.474 -164.587
  20.303   20.303   20.303  19.7253 -38.9084  455.912 -721.695  10.1682
 57.1749  57.1749  57.1749 -141.732 -97.3582  141.732
