      10 -5.88958       10 -11.6169 -6.10399  122.396 -367.135  100.997
      10       10       10 -60.2857 -66.9955  303.291 -531.728  13.6969
 37.8591 -27.4274  37.8591 -76.2277  11.5803  283.605   -685.9  44.3341
      10       10       10 -44.7924 -38.5674  310.997 -612.919  7.00426
      10       10       10 -40.0449 -30.3633  308.003 -616.682  32.4364
      10       10       10  -38.403  -33.373  307.237 -606.931  15.5298
      10       10       10 -35.9219 -32.3283  309.111 -609.918  17.5858
      10       10       10 -33.1861 -32.9668  308.705 -609.281   26.734
       10  -2.60255        10  -30.2186  -21.3506   308.734  -609.953 -0.924774
      10 -7.57764       10 -24.9218 -17.2728   288.07 -578.926  35.8029
 10.0225 -10.0225  10.0225 -20.4376 -12.1059  267.652 -546.774 -70.7842
      10      -10       10 -21.0378 -14.3176  288.993 -575.627  42.2697
 11.3335 -11.3335  11.3335 -23.5398 -13.2441  308.615 -602.358 -17.8242
 22.4392 -22.4392  22.4392 -35.2202  2.21176  297.822 -610.899  42.5695
 32.1857 -32.1857  32.1857 -46.2616  9.24386  287.755 -609.512 -27.0176
 35.8136 -35.8136  35.8136 -49.1797    20.13  284.577 -608.158     43.7
 31.5131 -31.5131  31.5131 -44.2885  5.29914   279.73 -567.739 -59.2047
  -11.382   -11.382    11.382   2.11174 -0.364075   310.528  -549.889   54.6518
 24.8137  24.8137  24.8137 -45.3021 -86.9279  394.951 -674.225 -142.407
 64.0677  64.0677  64.0677 -96.5998 -82.9158  392.437 -750.516  7.92752
     -10       10       10 -83.9281 -52.8647  195.197
