 122.322 -122.322  122.322 -132.512  103.104   377.75 -1091.57  113.402
 96.9549 -96.9549  96.9549 -90.6096  33.0305  336.504 -1013.92  27.7524
 31.8911 -31.8911  31.8911 -7.28964  9.23352  298.696 -758.303  85.8015
     -10      -10       10  31.3283 -18.1211  306.829 -639.669   3.0892
      10       10       10  13.0444 -29.9964   308.68  -632.84  34.4434
      10       10       10  13.7264 -32.9513  308.146 -618.517  8.02057
      10       10       10  16.2502 -32.9302  309.379 -618.069  14.2335
      10       10       10  18.0533 -34.2998  309.308  -611.98  20.9692
      10      -10       10  20.5736 -16.6163  309.891 -609.452 -6.79506
 40.3291  1.98758  40.3291 -15.1412 -28.6408  270.452 -626.386  25.9418
 135.381 -16.7622  135.381 -130.693 -5.63523  130.693 -671.052 -92.3446
 154.366 -18.0734  154.366 -145.082 -7.38064  145.082 -771.943   28.922
 158.329 -6.33121  158.329 -144.918 -20.8267  144.918 -799.939 -16.1339
 74.5183  12.8175  74.5183 -35.0014 -38.5773  256.631  -763.84  48.3301
 61.5045  33.4666  61.5045 -19.6017 -62.3066  257.827 -722.183   1.7424
 51.4968  51.4968  51.4968 -3.07619 -73.8563  265.104 -721.538  55.0319
 52.3186  52.3186  52.3186 -5.67642 -80.4342  265.175 -699.599 -10.3708
 40.5021 -1.97618  40.5021  20.2295 -9.37678   279.83 -740.831  60.7851
 76.4853 -76.4853  76.4853 -49.5278  43.6264  151.362 -533.358 -36.3052
 3.16098 -44.2449  44.2449  15.6894  42.4628  42.4628 -291.136 -10.5506
 13.6714  13.6714  13.6714 -76.4992 -56.2599  202.219
