 74.2086 -74.2086  74.2086 -145.412  54.6695  429.449 -1040.69  114.877
 59.7338 -59.7338  59.7338 -108.896  6.15578  405.693 -1027.42  45.8152
 41.2862 -41.2862  41.2862  -57.687  24.0409  274.911 -779.491  88.0804
      10      -10       10 -28.0848 -14.2169  309.467 -646.542  12.4624
      10      -10       10 -25.9127 -9.14236  308.125 -625.962  35.0055
      10       10       10 -25.3552 -33.3479  307.289  -602.71  12.8558
      10       10       10 -22.5816 -34.2953  308.848 -597.993  12.5946
 20.6825  4.91146  20.6825 -32.8469 -30.8463  299.535 -607.341  24.2926
 48.9872  -3.6337  48.9872 -64.0129 -22.4216  280.019 -656.544 -13.2015
 126.601 -16.1149  126.601  -154.59  -8.3294   154.59 -669.123  21.9502
 125.541 -21.2518  125.541 -148.587  1.55611  148.587  -659.85 -101.141
 137.945 -18.6484  137.945 -158.557 -7.06728  158.557 -726.329  32.7746
  151.53 -7.23636   151.53 -168.401  -21.394  168.401 -802.725 -16.8029
 155.564  6.16431  155.564 -165.987 -33.2635  165.987 -833.637  47.1116
  154.723   28.6593   154.723  -162.361  -59.1821   162.361  -822.269 -0.314672
 70.0772  45.7808  118.004 -61.8176 -70.4387  207.596 -816.785  58.1161
 2.87059  42.0912  116.815   3.8974 -72.8696  203.888 -777.354  -1.5211
-66.2376 -34.8836  66.2376  101.125  25.4143  253.704 -792.306  75.5525
-68.8442  -105.73   105.73  76.9849  76.9849  76.9849 -542.225 -3.89804
-27.0041 -39.5078  39.5078  49.6307  49.6307  49.6307 -335.368 -10.0523
      10 -3.51067       10 -82.8357 -24.9137  184.266
