 53.2001 -53.2001  53.2001 -122.583  32.2174  462.948 -1007.38  106.324
-68.4318 -68.4318  68.4318  16.4847  11.7881  398.934 -1043.51  35.1227
 42.5666 -42.5666  42.5666 -59.7957  24.4173  274.167 -783.235  89.3767
     -10      -10       10 -9.78193 -15.9847  311.646 -646.672  8.25602
      10      -10       10 -27.9147 -9.67845  309.439 -623.179  34.9434
      10  1.67467       10 -27.5769 -25.1928  307.596 -597.753  9.20682
0.337338       10       10 -15.6454 -34.5598   307.99 -590.125  11.6062
-13.3695  13.3695  13.3695 -0.55591 -39.4191  306.046 -588.394  20.6928
 38.7855  1.86167  38.7855 -55.4389 -28.7199  279.635 -615.423 -13.3643
 73.0383 -11.5882  73.0383 -93.8965 -13.6029   225.75 -620.234  22.8968
    120.761    -20.0506     120.761    -147.129 -0.00235021     147.129    -634.356     -101.22
 136.362 -17.7869  136.362 -160.681 -7.88028  160.681 -723.178   31.337
 149.364 -4.77078  149.364 -169.962  -24.311  169.962 -800.727 -16.4409
 153.222  12.1694  153.222 -167.514 -40.0482  167.514 -832.859  48.4254
 154.419  36.8427  154.419 -166.275 -67.7662  166.275 -833.477 0.451156
 135.195  48.4734  135.195 -135.189 -73.5145   185.22 -837.164  59.9017
  129.042   31.6219   129.042  -128.916    -61.98   193.031  -806.092 -0.194333
 85.9117 -68.1317  85.9117 -57.8537   59.094  227.225 -827.343  84.2666
 -49.233 -103.768  103.768  57.4003  75.4642  75.4642 -560.769  10.4629
-23.6013 -39.3744  39.3744  47.0522  47.0522  47.0522 -349.425  2.76301
      10 -4.56474       10 -82.6083 -24.4899  182.466
