 58.5312 -58.5312  58.5312 -56.0119  38.6581  400.197 -933.369  121.995
 56.2882 -56.2882  56.2882 -47.7214 -11.1671  357.629 -870.314  15.5351
 32.1326 -32.1326  32.1326 -11.1684  9.85185  297.109  -718.89   70.294
       10       -10        10   11.7459  -18.0075   309.654  -634.038 -0.679869
      10 -3.68023       10  14.7995 -15.4464  311.485 -634.764  33.4218
      10       10       10  16.5236 -31.5682  308.601 -623.896  9.92382
      10       10       10  19.7298  -31.232  308.295 -624.899  16.7906
      10       10       10  22.4594 -32.6655  307.829 -623.705  23.9958
     -10       10       10  44.8213 -34.4902   307.15 -620.394 -3.53965
     -10       10       10   44.829  -36.136   285.18 -578.333  30.6625
     -10 -1.40967       10  45.3679 -22.3375  258.357 -534.962 -79.5003
      10       10       10  30.1116 -36.6565  284.274 -579.208  36.2471
      10       10       10  35.8612 -36.5951  306.817  -621.71 -12.6607
      10       10       10  39.5896 -33.7285  306.861 -627.882  40.7786
 13.1039  13.1039  13.1039  37.2318 -38.9752    303.7 -623.708 -9.50152
     -10       10       10  64.7907 -30.3782  303.247 -623.013  42.1067
-11.8455  11.8455  11.8455  65.0855 -38.6144  301.726 -601.287 -24.4894
      10       10       10  52.7739 -21.0762  306.887 -641.307   44.733
     -10      -10       10   55.191 -28.4216  281.104 -491.644 -64.5207
-37.8958 -37.8958  37.8958   55.977  30.2639  82.6026 -272.072 -19.7005
-14.9393  14.9393  14.9393 -51.0737 -61.5692  202.045
