 22.9992  22.9992  22.9992  4.61226 -24.7092  24.7092 -315.633   143.37
-84.2527  84.2527  84.2527  70.2355 -142.081  142.081 -549.193   44.293
 89.5679  31.3124  89.5679  -89.075 -47.5919  217.334 -802.341  69.2661
 71.8978  71.8978  71.8978 -66.3835 -111.161  245.551 -777.422  37.7316
 40.3805  40.3805  40.3805 -25.6636 -69.1536  280.536 -741.425  60.7504
   18.5719    18.5719    18.5719 -0.0867516     -49.14    300.876   -685.589    38.1516
      10       10       10  10.9137 -37.6108   310.92 -664.189  33.8537
      10       10       10  11.7469 -36.7433   309.85 -650.399  38.6076
      10       10       10  12.6418 -35.6722  308.162 -636.461  3.18379
      10  -8.5529       10  12.7603 -13.4497   289.96 -592.681  38.1487
      10      -10       10  11.6096 -6.50201   273.86 -548.793 -80.7859
 15.3727 -15.3727  15.3727  8.08942 -4.73303   283.76 -577.307  40.9383
 26.5507 -26.5507  26.5507 -2.41906  1.83863  291.502 -614.801 -32.5324
 46.7167 -46.7167  46.7167 -24.5899   24.529  272.678 -634.603  43.3282
 73.7918 -73.7918  73.7918 -53.8198  45.6559  253.363 -671.987 -53.0112
 153.922 -94.2455  153.922 -151.555  72.3581  151.555 -711.938  45.1828
 158.561 -99.7176  158.561 -152.496   63.314  152.496 -722.971 -101.201
 172.438 -65.8522  172.438 -167.131  43.6506  167.131 -765.955  72.5582
 251.245  55.5904  251.245 -242.369 -134.487  242.369 -1077.43 -207.791
 203.189  203.189  203.189 -177.378 -225.665  406.024 -1159.71  14.9848
-72.6703  72.6703  72.6703 -16.4945 -110.234  110.234
