 49.0678  49.0678  49.0678 -38.9715 -58.8136  81.3024 -431.369  124.104
 52.3524  52.3524  52.3524 -64.7225 -110.508  226.518 -563.575  26.5222
 44.7541 -9.87563  44.7541 -40.3136   -4.847    278.1 -718.467  50.2853
 15.1586  15.1586  15.1586 -5.82926 -45.5625  308.061 -655.367  14.6229
      10       10       10  3.45419 -32.0254  312.395 -652.175  38.9234
      10       10       10  4.37615 -35.2669  309.602 -637.568  21.0528
      10       10       10  6.49548 -33.5999  309.817 -637.242  21.6158
      10       10       10  8.43864   -34.31  308.844 -633.844  29.7667
      10  2.54733       10  10.6466 -27.4464  308.436 -632.617 0.833626
      10      -10       10  12.4907 -14.8047  289.321 -600.172  36.7646
      10      -10       10  13.4101 -11.2813  271.651  -567.99 -71.4466
      10      -10       10  15.3876 -13.3946  289.747 -594.173  41.9501
  14.316  -14.316   14.316  11.6561 -10.2017   304.12 -621.539 -19.9127
 21.5658 -21.5658  21.5658   3.9762 0.984393  296.638  -622.94  41.4871
-31.7192 -31.7192  31.7192  54.7874   7.5452   285.99 -616.164 -32.9577
 46.6077 -46.6077  46.6077 -25.4712  29.1757  270.109 -624.775  41.6811
 55.2745 -55.2745  55.2745 -38.0876  25.9634  254.127 -594.042 -70.9467
 38.9333 -38.9333  38.9333 -18.6077  22.5395  284.561  -579.82  51.5721
     -10       10       10  42.5229 -75.6623  453.977 -716.694 -158.443
-44.8771  44.8771  44.8771  68.8308 -64.1302  431.576 -750.321  11.1704
 26.7985  26.7985  26.7985 -102.862 -68.2174  181.862
