 47.0798 -47.0798  47.0798 -53.2861  27.8681    385.4  -878.54  123.433
 44.4149 -44.4149  44.4149 -45.3818 -21.8475  365.616 -838.827    19.78
 32.5004 -32.5004  32.5004 -20.1571  10.9465  295.806 -715.509  68.3735
     -10      -10       10  24.2537 -17.6238  309.023 -632.916  2.58833
     -10       10       10  27.2956 -28.9044  310.971 -634.315  34.0301
     -10       10       10  29.4052 -31.3403  309.013 -624.004       12
      10       10       10  12.6899 -30.8394  309.262 -625.099  17.3831
     -10       10       10   35.403 -32.2603  308.376 -621.736  25.3365
      10       10       10  18.1619 -34.1517  307.771 -619.918 -3.18352
      10       10       10  18.8083 -36.0178  285.878 -577.985  31.9612
      10      -10       10  20.2424 -13.8515  259.995 -536.026 -79.6796
      10       10       10  24.1171 -36.5821  285.534 -577.146  36.6482
 10.0887  10.0887  10.0887  29.0356 -36.4672    308.1 -616.716 -14.5298
      10      -10       10  33.2633 -13.7368  307.691 -621.034  40.6765
 11.3435  11.3435  11.3435  33.0147  -36.898  306.697 -615.485 -11.4072
      10       10       10  38.9052 -29.8486  305.274 -618.723  42.3618
      10       10       10  38.1033 -36.2984  305.523 -595.233 -27.3779
      10       10       10  46.3942 -20.1348  307.227 -628.961  45.1264
-10.1084 -10.1084  10.1084  50.2602 -28.8553  284.767  -487.54 -74.0738
 24.0006 -24.0006  24.0006 -2.91908  16.2349  123.296 -283.382 -20.1283
-13.5178  13.5178  13.5178 -56.0554 -59.7319  201.748
