 15.9106  15.9106  15.9106  18.3671 -18.3671  18.3671 -289.994  127.151
 63.9999  63.9999  63.9999  -67.576 -124.925  124.925 -542.377  74.4637
 82.0226  14.2705  82.0226 -93.1256  -33.818  233.627 -832.992  90.5754
 75.6157  75.6157  75.6157 -87.7173 -116.422  237.579 -780.635  44.8645
 53.8977  53.8977  53.8977  -61.677 -83.9966  263.238 -744.922  66.7329
 47.5738  47.5738  47.5738 -57.1855 -79.3605  282.069 -728.166  35.8559
 138.119  22.2092  138.119 -165.343  -51.145  165.343 -768.247   28.854
  144.47 -2.18702   144.47 -174.247 -25.1279  174.247 -781.814  25.5358
 143.259 -20.4156  143.259 -173.236 -5.65629  173.236 -756.065 -4.63772
 135.508 -39.8486  135.508  -164.34  15.0391   164.34 -695.851  20.4421
 132.417 -56.5608  132.417 -158.972  37.7391  158.972 -670.376 -86.3286
 31.1241  40.5626  203.003 -69.1084 -69.1084  69.1084  -717.71  19.9786
 138.167 -72.2894  163.365 -162.147  50.0956  162.147 -775.971 -26.2583
 129.365 -78.7087  170.064  -151.33  56.8838   151.33 -775.472  30.3676
 107.026 -86.1947  192.816 -127.721  61.2229  127.721 -807.576 -21.8476
 66.5337 -110.343  227.879 -88.9427  88.9427  88.9427 -845.606   41.786
  42.717 -95.3166  249.589 -61.6835  61.6835  61.6835 -873.206 -28.7401
 45.1278  38.0637   267.56  -65.118  -65.118   65.118 -924.685  69.9198
 246.053  164.725  261.732 -247.956 -247.956  247.956 -1215.42 -79.6435
 306.397  300.013  306.397 -338.624 -338.624  338.624 -1331.93 -36.6717
 -61.385   61.385   61.385 -39.2012 -118.876  118.876
