  112.43  -112.43   112.43 -175.644  92.7552  416.005 -1146.48   117.96
 92.2717 -92.2717  92.2717 -126.721  38.9846  363.738 -1092.43  58.3964
 36.2579 -36.2579  36.2579 -39.6223  18.7106   286.86 -792.934  95.4097
 10.2047 -10.2047  10.2047 -16.6913  -13.862   307.25 -652.548   16.652
      10 -3.04288       10 -15.5495 -15.9168  309.233 -632.259  36.0383
      10  6.74533       10 -15.0464 -30.0762  309.121 -611.032  14.1421
-11.0135  11.0135  11.0135  8.04406 -35.4191  307.758 -602.015   13.122
-15.8644  15.8644  15.8644  13.4615 -41.9819  303.669 -596.439  22.0442
 19.2256  19.2256  19.2256 -20.3944 -46.3731  301.184  -591.72 -14.1147
 42.9452  1.42036  42.9452 -48.4338 -27.5355  255.339 -564.835  22.7607
 51.0506 -51.0506  51.0506 -53.7573  30.7122  239.439 -562.456 -102.961
 137.846 -11.3332  137.846 -152.944 -14.0654  152.944 -697.858  29.2467
 156.197 -5.53082  156.197 -165.117 -22.3551  165.117 -809.811 -21.6726
 155.317  7.98304  155.317 -157.458 -35.1175  157.458 -818.171  49.3159
 99.3228  31.5138  99.3228 -85.0331 -62.5113  230.358 -780.519  1.35266
 62.9852  62.9852  62.9852 -34.6337 -88.6134  258.232 -746.431  69.4481
-65.7895  65.7895  65.7895  92.7554 -97.1034  257.976 -727.961 -2.17894
-50.4289 -8.89612  50.4289  97.6833 -2.50555  273.083 -789.823  89.4449
-41.9104 -95.9429  95.9429  56.0549  67.4392  77.0749 -519.713  -15.391
 19.0213 -19.0213  19.0213  3.88076   27.536   27.536 -238.203 -2.84333
     -10       10       10  -61.955 -37.8752  193.784
