 121.452 -121.452  121.452 -131.439  99.9887  446.293 -1208.62  131.318
 -130.62  -130.62   130.62  135.436  68.2925  323.469 -1120.91  42.2063
-63.7792 -63.7792  63.7792  84.6233  43.9689  265.332 -807.519  93.8839
 -11.494  -11.494   11.494  34.3949 -14.4978  307.651 -650.664  3.67849
      10  -8.5778       10   14.564 -10.5699  309.045 -632.663  34.9145
     -10       10       10  34.7653 -32.8111  309.178 -615.262   6.2486
      10       10       10  17.6034 -33.4037   309.32 -612.798  12.4332
      10       10       10  19.5537 -35.0009  309.074 -604.663  19.5507
     -10  8.30812       10  40.9725 -34.3931  307.347 -591.024 -12.3041
     -10       10       10  39.4451 -35.5884  286.094 -537.418  22.2772
 13.2106 -6.65071  13.2106  15.9597 -14.9357  261.725  -500.11 -96.8937
 11.6312  11.6312  11.6312  25.3032 -38.4648   283.46 -552.891   32.579
 19.4162  19.4162  19.4162  25.3462 -48.8014  297.016 -627.372 -13.3633
  28.539   28.539   28.539  22.0392 -56.2555  289.275 -672.629  50.8557
-48.2443  48.2443  48.2443  98.1558 -78.3678   270.53 -704.014  2.31931
-58.5115  58.5115  58.5115  113.384 -82.9404  256.336 -743.436  60.3089
-63.3824  63.3824  63.3824  117.015 -93.5221  254.146 -734.346 -2.66543
-26.6311  26.6311  26.6311  102.414 -39.6982  293.869  -765.06  71.1311
-53.5232 -53.5232  53.5232  88.0294  21.0551  138.759 -473.699 -20.7357
 3.82282 -13.1139  13.1139  14.7726  14.7726  14.7726 -173.227 -20.6875
 44.5081 -36.9462  44.5081  -119.85  7.39213  165.244
