 30.7821 -30.7821  30.7821  -74.275  7.41719  447.127  -895.79  106.357
  28.006  -28.006   28.006  -58.311 -37.7999  418.471 -882.796   14.968
-36.9066 -36.9066  36.9066   24.972  14.0161  286.419 -717.108  72.7475
      -10       -10        10 -0.149208  -17.7546   310.309   -625.08  0.173057
     -10 -2.92644       10  2.29021 -16.7652  311.307 -618.704  32.9009
     -10       10       10  3.83411 -32.1909   309.25  -604.57  8.87911
     -10       10       10  6.77646 -31.9267  309.032 -602.223  14.3911
     -10       10       10  9.08635 -33.1736  308.481 -596.226  21.7744
      10       10       10 -8.75893 -34.5539  308.426 -590.868 -7.86667
  14.0557 -0.744214   14.0557  -11.8825   -24.407   282.029  -549.293   26.7738
 15.0102 -15.0102  15.0102 -9.81264 -6.94404  255.451 -508.954 -86.9846
  20.8069 0.0323204   20.8069  -13.5448  -26.5763   275.364  -564.116   34.2509
 18.2018  18.2018  18.2018 -5.57826  -46.389  302.783 -613.518  -13.345
 23.1316  23.1316  23.1316 -6.25761 -49.2971  297.746 -633.672   44.108
 30.5539  30.5539  30.5539 -12.6915 -59.0566  290.846 -641.959 -3.59857
 29.5423  29.5423  29.5423 -5.29589 -52.2548  289.382 -656.259  50.5042
-30.8275  30.8275  30.8275  54.0236  -59.531  289.639 -638.111 -11.4635
     -10 -5.60078       10  50.8142 -4.98683  316.621  -678.91   61.802
 63.1357 -63.1357  63.1357  -50.312  29.6244  165.286 -503.357 -34.4065
 53.6082 -53.6082  53.6082 -41.5212  51.3207  51.3207 -316.858 -8.52964
     -10  1.20252       10 -66.5738 -44.0689   196.08
