 130.728    127.4  130.728 -132.782 -132.782  132.782   -798.7      125
 100.632  100.632  100.632 -106.531 -170.811  214.458 -749.251  44.0724
 73.0471  21.1878  73.0471 -60.1736  -40.642  241.646 -771.216  59.3664
 41.3983  41.3983  41.3983 -21.3578 -74.9513  277.111 -718.856  31.6954
 25.5206  25.5206  25.5206  1.10178 -48.2262  296.104 -704.615  45.5601
 18.8432  18.8432  18.8432    10.39 -43.3413  300.932 -681.784  34.2672
 15.4049  15.4049  15.4049  16.2918 -37.8108  306.488 -673.997  25.3565
      10      -10       10  25.1072 -12.6435   307.64 -656.203  39.8949
      10       10       10  26.9233 -33.6515  309.378 -655.064  2.20531
      10      -10       10   29.276 -13.8295  297.832 -636.338  44.9169
      10      -10       10  29.0987 -10.7786  271.643 -588.112 -79.2014
     -10      -10       10  52.1135 -13.3585  296.297 -619.743  47.3572
     -10      -10       10   53.555 -14.5599  311.684 -628.566 -23.6072
 15.5163 -15.5163  15.5163  26.9969 -4.92796  297.314 -608.678  43.6304
 31.5246 -31.5246  31.5246  8.11082  7.60551  295.083 -622.921 -44.4977
 51.2782 -51.2782  51.2782 -17.2365  34.4617  260.107 -602.294  34.4368
 61.3272 -61.3272  61.3272 -29.8762  33.3397  273.231 -606.685 -98.0261
 67.7082 -67.7082  67.7082 -44.3446  56.7729  236.586 -527.119  21.9051
 57.6941 -57.6941  57.6941  -31.586 -2.19158  314.753 -531.642 -183.912
      10       10       10  39.5873 -27.0689  396.425 -566.971  28.6681
  58.034   58.034   58.034 -137.673 -98.9499  137.673
