 199.513 -199.513  199.513 -228.012  181.426  266.355 -1169.24  133.769
     145     -145      145 -140.318  102.472  240.851 -1074.58  125.577
-56.2983 -56.2983  56.2983  82.3602  46.4223  279.665 -856.537  99.3279
 11.1739 -11.1739  11.1739  13.8728 -8.39146  320.152 -701.127  36.6579
      10 -4.96975       10  15.1982 -12.0635  311.211 -657.711  37.8633
     -10       10       10  33.9769 -31.6756  314.702 -632.805  18.0273
     -10       10       10  35.2998  -33.626  309.269 -610.145  11.6768
 10.3358  10.3358  10.3358  15.8653 -34.7234   312.94 -598.611  18.0675
     -10      -10       10  36.4456 -16.6261  302.519 -560.417 -14.4581
     -10      -10       10  37.3416 -14.6003   305.84 -545.959   13.097
  121.083 0.0298935   121.083  -123.093  -20.2403   123.093   -545.21  -114.396
 22.7793 -22.7793  22.7793  11.9268 -3.03744  289.676 -576.225  22.4271
 23.1427  23.1427  23.1427  18.9389 -52.2447  289.751 -610.619 -10.4802
 30.7713  30.7713  30.7713  20.3888 -57.9004  287.686 -674.322  46.9786
 45.7777  45.7777  45.7777  8.21069 -75.9824   272.34 -713.477  14.9194
 47.6328  47.6328  47.6328   17.242 -73.0351  273.891 -773.677  67.9695
-63.1662  63.1662  63.1662  124.428 -94.9504   245.67 -766.243  22.4097
 -34.275   34.275   34.275  122.844  -52.355  299.657 -868.067  94.8556
   -18.8 -2.45458     18.8   84.252 -35.2209  229.875 -611.714 -8.49674
 4.45646 -15.4866  15.4866  21.1518  21.1518  21.1518 -235.403 -29.4102
-39.1292 -7.64776  39.1292 -35.2285  -1.6425  177.605
