-66.6202  87.4347  87.4347  97.5532 -97.5532  97.5532 -658.112  124.427
 98.2641  98.2641  98.2641 -72.8942 -174.748  174.748 -733.622  123.296
 72.9597  21.9449  72.9597 -33.2218 -42.9945  229.427 -805.235  85.0711
-130.921  130.921  130.921  166.798  -180.05   180.05 -911.729  85.1495
-130.156  130.156  130.156  167.544 -167.544  167.544 -894.234  75.8119
-43.1781  43.1781  43.1781  99.4424 -75.8268  297.148 -830.494  77.1938
-128.514   17.641  128.514  161.404 -46.3978  161.404 -827.792   37.508
-10.2513 -10.2513  10.2513  64.8131 -14.0565  320.477 -703.261  55.2629
-23.6993 -23.6993  23.6993  71.4274 0.411716    306.7 -680.473 0.808414
-129.479 -65.3696  129.479  146.998  42.1971  146.998 -683.415  20.6896
 11.5397  11.5397  11.5397  26.9072 -26.4152  279.053 -532.355  -95.976
 149.952 -64.9357  149.952  -137.28   42.114   137.28 -688.147   12.994
 168.379  -60.872  168.379  -150.32  36.2961   150.32 -781.571 -44.0933
 105.414 -65.9785  105.414 -69.0821  43.3508  214.579 -727.288  29.2763
-100.872 -79.9617  100.872  141.119  53.4827  223.324 -725.029  -36.408
 173.921 -85.1686  173.921 -143.085  61.3913  143.085 -825.051  34.4497
 100.197 -115.554  243.275 -78.9587  78.9587  78.9587 -914.283 -56.4446
 179.661 -40.4072  179.661 -139.585  15.5182  139.585 -863.399  58.8098
 242.195  101.857  242.195 -193.841 -179.285  193.841 -1083.82 -84.4437
 256.478  256.478  256.478 -200.813 -289.979  289.979 -1202.76 -23.6751
-63.0641  63.0641  63.0641 0.255044  -119.02   119.02
