 22.6915 -22.6915  22.6915 -39.0817  3.59376  384.669 -775.405  85.1754
 27.4276 -27.4276  27.4276 -41.2469 -38.8534  362.456 -752.175  24.5861
 33.0461 -33.0461  33.0461 -33.5143  11.2091  297.729 -709.949  52.7686
     -10      -10       10  10.7038 -19.1736  319.037 -634.507  4.11511
      10       10       10 -5.91583 -30.0893  312.346  -626.04  28.5384
      10       10       10 -4.38879 -32.1957  311.386 -616.772  12.0653
      10       10       10 -1.79392 -31.2048  310.817 -615.574  15.1572
      10       10       10 0.270774 -32.2882  308.548 -609.171   22.462
      10       10       10  1.78133 -33.5886  308.091 -602.857 -2.65066
      10 -9.23858       10  2.61691 -15.6309  284.731 -554.849   22.812
 10.1537 -10.1537  10.1537  3.92475 -12.2324  229.739 -467.857 -74.2009
      10 -1.83507       10  7.17973  -23.915  283.411 -554.649  27.9704
      10       10       10  11.5741 -36.0005  309.233  -605.84 -9.88609
      10       10       10  15.6146  -33.627  307.019 -612.583   38.483
 13.6123  13.6123  13.6123  13.2801 -39.3201  308.516 -621.692 -4.85582
 13.5344  13.5344  13.5344  18.0036 -34.1269  304.797 -629.819  43.5808
 14.1915  14.1915  14.1915  16.9678 -41.6186  304.616 -615.202 -12.6568
      10       10       10  31.5091 -21.2629  309.011 -652.555   52.099
-16.4193 -16.4193  16.4193  45.2975 -26.5294  291.801 -562.781  -39.845
 -25.395  -25.395   25.395  51.3235  18.2668  197.056  -455.23 -25.9967
      10    7.655       10 -82.1658 -55.7323  205.318
