 33.7145 -33.7145  33.7145  -69.554  11.9142  407.611 -843.011  84.7158
 30.9507 -30.9507  30.9507 -54.8974 -31.1229  381.879 -833.447  44.4717
-37.1988 -37.1988  37.1988  28.5226   15.209  295.422 -743.298   57.662
-11.9747 -11.9747  11.9747  4.24047 -16.0286  319.378 -653.168  12.4623
     -10       10       10  5.59042 -30.8744  311.055  -626.32  29.0075
    -10      10      10 6.43225 -32.738 312.291 -612.99 13.7074
     -10       10       10  9.14543 -32.0479  310.139 -605.904  12.8849
     -10       10       10  11.1666 -33.1122  308.965 -597.326  22.3232
      10       10       10 -7.35756 -34.3888  307.658 -585.635 -6.89712
 15.2574 -15.2574  15.2574 -12.1877 -9.75454  278.984   -541.9  21.2114
 17.1721  17.1721  17.1721 -11.8426 -38.8348  220.428 -456.755  -81.059
 52.4956 -15.8216  52.4956 -49.0836 -9.72036  248.832 -618.856  28.8333
 149.669 -12.0923  149.669 -160.943 -13.3505  160.943 -775.767 -18.3859
 151.656 -1.93662  151.656 -157.542 -21.9314  157.542 -794.593  34.9148
 62.4247  15.7244  62.4247 -45.8542 -43.0185  269.424 -721.216  3.09005
 31.3745  31.3745  31.3745 -3.42907 -54.8633  288.361  -680.18  53.3264
-28.8158  28.8158  28.8158  56.7035 -58.4113  291.738  -657.31  1.11347
     -10       10       10  54.4067 -22.7902  314.302  -697.08  65.9811
 47.8988 -47.8988  47.8988 -24.5284   10.139  222.733 -580.673 -26.7968
 62.4682 -62.4682  62.4682 -44.7953  60.8331   90.998 -428.476 -20.5182
     -10  1.40287       10 -65.6473 -43.3066  202.434
