 69.1739 -69.1739  69.1739  -64.962  50.2444  382.125 -945.855  108.327
 58.8343 -58.8343  58.8343 -47.3413 -7.17065  330.861 -841.379  46.6335
 32.5181 -32.5181  32.5181 -7.83808  11.4454  303.329 -742.351  63.6868
      10 -5.77418       10  14.6068  -22.279  314.943 -649.017  8.03322
      10  7.63082       10  17.1609 -27.2355  310.909 -638.513  30.4745
      10       10       10  18.8422 -32.2197  310.179  -628.69  12.7375
      10       10       10  22.0142  -31.492  309.703 -628.766   16.247
      10       10       10  24.5707 -32.6767  307.992  -624.43  23.4379
     -10       10       10  46.5601 -33.7655  306.066 -616.761 -1.46595
     -10       10       10    45.07 -34.5802   279.35 -560.271  22.0527
-10.4296 -10.4296  10.4296  42.5582 -10.9181  218.136 -460.688 -73.4125
      10      -10       10  30.7865  -14.922  276.617 -559.449  27.0275
      10       10       10  37.9669 -35.4096  305.407 -617.906 -9.86391
      10       10       10  42.6087 -33.4601  303.698 -628.009  38.7455
      10       10       10  45.5495 -35.8221   308.89 -632.854 -4.31691
-14.1332  14.1332  14.1332   73.347 -35.0546  299.766 -644.853  42.0905
-22.1228  22.1228  22.1228  78.5916 -49.8948  293.187  -630.71 -16.4231
      10       10       10  58.0314 -22.4455  299.981 -651.959  42.4432
     -10      -10       10  66.1706 -34.2703  311.672 -559.055 -49.5592
-10.0708 -10.0708  10.0708  52.4175  4.65212  182.134 -387.157 -51.8523
 -15.498   15.498   15.498  -51.199 -60.2619  204.984
