 11.3521 -11.3521  11.3521 -82.3482 -10.7002  423.516 -765.004  66.5868
 21.0422 -21.0422  21.0422 -93.5355 -36.9375  429.409 -794.754  12.3858
 52.9976 -37.8164  52.9976 -88.7271  22.0625  246.617 -752.593  45.5669
      10      -10       10 -48.0317 -18.7846  330.739 -641.387  1.60658
      10      -10       10 -39.2935 -10.2019  306.682 -611.617  23.1325
      10      -10       10 -36.8378 -13.3475  307.753 -601.138  11.4572
      10      -10       10 -32.7071 -11.7976  326.664 -646.494  15.1643
 127.887 -11.9192  127.887 -169.751 -10.4516  169.751 -767.161   13.637
 138.954 -10.9627  138.954 -179.548 -10.8796  179.548 -825.673 -11.6422
 123.221 -11.8734  123.221  -154.48 -12.2496   154.48 -730.045  23.9092
 68.7933  -11.905  68.7933 -78.7909 -8.73207  165.102 -603.929 -69.0379
  126.63 -6.74754   126.63 -151.206 -19.1336  151.206 -734.677  31.9975
  146.883 -0.283637   146.883  -172.416  -26.2974   172.416  -835.739  -10.2423
 148.776  6.00691  148.776 -169.731 -32.2061  169.731  -842.08  40.9895
 152.898   17.092  152.898 -172.678 -44.6923  172.678 -845.451 -5.15508
 146.638  21.1852  146.638 -161.172 -43.6463  161.172 -806.709  38.4641
 58.8301  5.42922  58.8301 -54.2365 -34.6198  271.231 -700.911 -6.36033
 41.5584 -41.5584  41.5584 -21.5374  31.9398  287.207 -723.084  57.3529
  109.76  -109.76   109.76 -111.578  79.5511  130.252 -617.522 -28.6683
   91.94   -91.94    91.94 -76.5213  99.3711  99.3711 -589.925 -3.93052
     -10      -10       10 -50.8069 -24.8909  162.582
