     -10       10       10  28.8475 -17.8858  28.8475 -255.263  122.003
-20.8925  20.8925  20.8925 -21.6166 -75.7159  231.515 -409.222  1.86828
-39.1891 -21.5006  39.1891  1.07174  5.99829  283.254 -672.152  36.8322
     -10       10       10 -20.0112 -41.7392  312.266 -613.364   4.0336
 -9.7996  8.39217       10 -15.0542 -32.0377  308.694 -620.226  33.5581
     -10       10       10 -12.0971 -36.7201  308.208 -615.694  16.8856
-9.89333  6.15657       10 -8.93531 -31.4242  310.905 -623.965  19.4853
     -10  6.14549       10 -4.80308 -31.1463  309.251 -627.231  32.1898
     -10  6.75501       10 -1.05996 -31.2074  308.936 -632.279  1.13175
 -2.6304      -10       10 -1.95792 -11.3505  287.815 -608.235  46.7636
 3.44164      -10       10  -4.6878 -6.44084  270.041 -577.274 -66.9259
      10      -10       10 -11.1405 -10.3372  288.431 -599.532  56.6398
 11.6544 -11.6544  11.6544 -15.5103 -13.4044  309.602  -616.38 -25.9284
 33.7406 -34.8088  34.8088 -42.0767  13.9015  285.081 -627.479  55.1007
 54.3025 -54.3025  54.3025 -67.1534   27.597  267.354 -630.824 -53.7124
 71.5485 -71.5485  71.5485 -89.4286  54.6491  247.673 -623.849  54.7286
 76.4489 -76.4489  76.4489 -95.9236  45.1015  228.392 -576.754 -118.049
 60.7767 -60.7767  60.7767 -84.9066  46.6957  256.282 -526.058  67.4314
 55.2699  55.2699  55.2699 -80.6193 -128.827  442.821 -771.349 -264.246
  15.256  119.384  119.384 -55.9671 -139.137  451.388 -944.306   38.736
      10       10       10 -97.0537 -47.1501   198.85
