-11.4942  11.4942  11.4942  11.4117 -22.0508  160.189 -444.799  115.676
-24.3421  24.3421  24.3421 -11.1421 -83.7083  296.329  -589.57  20.5944
-16.5193  -24.994  37.7123 -3.73995  8.45296  284.911 -704.609  51.1594
-16.8557  16.8557  16.8557 -1.12781 -45.2165  303.902 -637.798  10.0669
     -10       10       10 -2.22762 -29.8296  311.506 -636.359  35.7248
      -10        10        10 -0.645249  -32.6052   309.958  -623.043   17.9968
-9.03033       10       10  1.29397 -31.5015  310.496 -623.662  19.7144
     -10       10       10  5.02797 -32.5892  309.186 -620.146  28.5663
 -4.27785        10        10   2.06451  -33.8273    309.43  -620.314 -0.787432
0.431129      -10       10  1.50189 -15.2148  287.595 -584.765  35.9021
  3.6684      -10       10  1.75358  -12.506  263.716  -546.33 -73.3128
  5.84879       -10        10 0.0303076   -14.841   288.313  -578.989   40.9498
      10      -10       10 -3.47664 -14.3231  310.885 -606.974 -17.4785
 16.7842 -16.7842  16.7842 -9.53994 -3.52912  302.308 -607.427  40.5555
 23.4658 -23.4658  23.4658 -16.7877 0.627652  295.281 -601.641 -25.6044
  27.086  -27.086   27.086 -19.2248   11.397  291.484  -599.82  40.4645
 26.1393 -26.1393  26.1393 -19.4079 0.621095  287.634 -565.361 -57.0462
       10       -10        10   2.36843 -0.618318   314.648  -561.316   48.1133
      10       10       10 -1.53403 -66.4799  405.062  -646.32 -136.698
 10.3746  21.7126  21.7126 -3.98882 -37.3746  399.987 -651.455 -1.84617
 12.5547  12.5547  12.5547 -95.9995 -55.7733  194.204
