 64.8024 -64.8024  64.8024 -76.7342  42.4446  447.756 -1017.45  111.741
-71.6441 -71.6441  71.6441  70.1405  4.57476  369.052 -964.791  11.2658
-30.9887 -30.9887  30.9887   45.553  6.90458  301.191 -735.859  79.2073
      10      -10       10  2.92386 -18.9236  308.029 -627.572 -4.76927
      10      -10       10  4.98173  -9.9154   309.79 -621.206  32.2253
      10      -10       10  6.15545 -12.6503  308.979 -609.498   4.0116
      10       10       10  8.64958 -32.1842   310.21 -611.093  13.2897
      10       10       10  10.8864 -33.6182  309.347  -606.83   19.374
      10       10       10  12.6474 -35.0837  308.037 -599.379 -8.57053
      10       10       10  12.2762 -35.8713  286.972 -552.802  25.3337
  16.477   -7.002   16.477  5.50221  -15.805  256.075 -518.862 -87.0525
 10.9626  10.9626  10.9626  17.4505 -38.1552  285.622 -563.904  34.4561
 16.4076  16.4076  16.4076  17.8194 -44.9133  301.209 -625.414 -11.4254
 25.6037  25.6037  25.6037  12.1001 -52.0338  292.187 -656.486  47.1574
   37.6477    37.6477    37.6477  0.0955701   -66.1057    283.024   -676.858 -0.0638299
 43.9789  43.9789  43.9789 -2.02422 -66.5965  273.931 -701.723  51.9622
 46.5077  46.5077  46.5077 -7.22149 -74.8894  271.611 -677.634  -9.8121
      10      -10       10  49.2093 -1.91422  309.478 -690.442  60.2627
-56.0976 -56.0976  56.0976  79.9308  22.2454   169.96 -486.637 -35.1598
-21.7806 -41.4323  41.4323  38.1728  38.1728  38.1728 -270.787 -10.6082
      10  7.75144       10 -76.0721 -52.1962  206.848
