 39.2242 -39.2242  39.2242 -66.4583  16.4783  489.186 -995.114  114.851
-69.4339 -69.4339  69.4339  50.7833  4.27271  393.418 -991.806  12.0758
-42.2264 -42.2264  42.2264  44.1377  18.9444  279.477 -737.619  80.0225
     -10      -10       10  13.7346 -17.6246   308.22 -631.629 -1.54957
      10      -10       10 -4.70527 -9.72881  313.451 -625.415  32.1218
      10      -10       10 -3.64438 -12.4068  310.762 -606.345  5.16564
      10       10       10 -1.09218 -32.3554  309.677 -602.158  12.1567
      10       10       10  1.40238 -34.0937  307.792 -595.488  19.2848
 4.88406  10.8391  10.8391  8.51331 -36.4226  306.033 -589.819 -9.30948
 8.28516  10.5778  10.5778  6.11563 -35.8887  286.478 -547.368  25.4957
 30.4627 -22.7802  30.4627 -18.0371  1.34855  241.827 -530.023 -90.5648
 14.9612  14.9612  14.9612  5.83109 -41.9198  284.218  -568.61  35.3157
  20.721   20.721   20.721  5.49459 -50.2063  301.135 -631.381 -12.2352
 30.9473  30.9473  30.9473 -1.27563 -58.6584  288.524 -660.093  48.1524
 44.3382  44.3382  44.3382 -14.8032 -74.1716  274.151  -677.08 -1.34168
 50.5497  50.5497  50.5497 -16.8117 -74.3824  264.077 -698.172   55.151
 52.2844  52.2844  52.2844 -18.5862 -81.5545  272.529 -697.408 -9.41609
 13.0594 -13.0594  13.0594  43.9689   1.7147  323.798  -732.02  67.8044
-58.3571 -100.221  100.221  70.5764  70.5764  70.5764 -498.136 -24.2807
-21.1497 -40.6657  40.6657  40.8832  40.8832  40.8832 -301.029 -9.57127
-17.4051   -2.947  17.4051 -53.0371 -36.4725   187.75
