  10.334  -10.334   10.334 -39.8111 -8.71763  327.945 -656.653  100.298
     -10      -10       10 -30.4302 -53.7902  391.136 -712.678  1.27709
-36.6961  -25.242  36.6961  13.4427  3.94065   286.69 -686.747  56.1134
      -10   7.82586        10  -9.13165  -36.0299   309.807  -613.016 -0.382324
     -10       10       10  -5.4127 -29.5166  309.926 -616.538  32.1758
     -10       10       10 -3.23575 -31.3634  309.219 -610.217  12.8519
-5.65221       10       10 -4.68889 -30.4045  310.367 -613.012  17.0107
-2.56495       10       10 -5.39997 -31.7027  309.014 -608.337  25.5348
  1.0592       10       10 -6.89802  -33.611  308.851 -605.225  -3.8259
 5.67415      -10       10 -8.28741 -16.0789  287.027 -565.682  32.0287
      10      -10       10 -9.11734 -14.3177  263.383 -528.368 -78.0673
      10 0.431054       10 -8.32756 -27.3665  288.586 -566.314  37.7994
      10  3.38011       10 -6.33298 -29.3021  310.689 -602.427 -15.2002
  10.695  1.76319   10.695  -4.1941 -24.2494  308.819 -602.616  41.5964
      10  3.80804       10 -2.13104 -28.1934  310.796 -595.623 -14.0496
      10  4.34242       10  1.35501 -22.6563  310.053 -598.614  43.6839
      10  5.36588       10 0.304548 -31.0339  307.363 -573.038 -32.2603
       10 -0.754635        10   8.11879  -8.84609   314.675  -612.109   51.6613
 1.42426  -18.826   18.826  4.48642 -23.8449  294.997 -530.499 -75.4424
 1.02626 -32.2511  32.2511  3.05806  22.2348  195.045 -410.886 -1.01308
      10       10       10  -91.406 -58.7114  198.216
