     -10      -10       10 -28.9671 -7.99779  307.682 -625.834  101.833
     -10      -10       10 -45.7929 -52.4283  387.136 -691.934 0.156866
-10.9139 -23.7675  41.8931 -24.6014  2.90024  277.418 -692.411  54.9584
     -10       10       10 -20.6437 -38.0269  311.462 -612.991 -1.96536
-9.44691       10       10 -16.7653 -29.3351  309.807 -614.353  32.9088
-7.94066       10       10 -15.8118 -31.0324  308.376 -605.245  11.2178
-6.47747       10       10 -14.2025 -30.0971  309.363 -606.875   16.725
-5.14605 0.018106       10 -12.4183  -21.078   308.77 -604.979  25.9902
-3.98875  3.33588       10 -10.7227 -26.2008  309.481 -606.314 -3.73627
-0.246009  0.608756        10  -9.73377  -25.7648   285.576   -567.87   34.8292
 6.77425 -3.03582       10 -9.90049 -19.9226   253.45 -528.154 -80.2104
      10 -1.02557       10 -15.0222 -25.0182   286.21 -565.813  39.5796
      10  1.73432       10 -14.3239 -27.2715  311.205 -600.842 -13.7165
      10 -1.19567       10 -11.3169 -21.1654  310.769 -599.439  39.8513
  10.0905 -0.714938   10.0905   -10.188    -23.53    311.91  -591.174  -11.5865
      10 -3.12079       10 -6.01576  -15.011   309.92 -592.762  38.8139
      10 -2.67317       10 -7.03454 -22.6015  307.431 -564.937 -29.3127
      10 -5.94479       10 0.311648  -2.8709   311.83 -595.526  42.4915
  0.279765        -10         10 -0.0134546     -33.05    308.786    -515.09   -79.4268
-1.06758      -10       10  6.80694  1.25875  248.597 -436.844  -4.0886
-0.285545        10        10  -81.5427  -56.7462   190.727
