 11.4456  11.4456  11.4456  13.8667 -13.8667  13.8667 -240.023   111.71
 88.6454   72.814  88.6454 -127.507 -127.507  127.507 -490.714  26.8099
 37.9528   26.373  92.3348  -66.079 -48.1108  207.238 -760.186  38.1879
      10       10       10  -24.462 -44.0489  316.442 -657.798  28.9309
      10       10       10 -20.6916 -36.3114  308.924 -647.218  38.9354
      10       10       10 -19.4064 -38.3803  309.667 -636.836  29.4566
      10       10       10 -16.9334 -37.1232  311.459 -637.977  22.1095
 5.82553       10       10  -9.8331 -36.4591  310.211 -635.533  37.8765
      10       10       10 -11.1674 -35.6966  308.471 -632.093  1.07979
      10  0.77279       10 -7.44106 -21.7334  292.809 -607.614  46.5334
      10      -10       10 -6.14371 -5.83073  285.258 -586.967 -73.2651
      10      -10       10 -4.97513 -9.62209  294.737 -595.602  53.5432
 23.5943 -23.5943  23.5943 -21.6042  -2.6523  295.802 -618.539 -32.3393
 50.3941 -50.3941  50.3941 -53.3028  28.0251  269.394 -637.986  53.9714
 73.0828 -73.0828  73.0828 -79.7151   43.896  246.732 -647.576 -62.5904
 87.8635 -87.8635  87.8635 -99.2358  69.0453  233.357 -643.671  63.2492
-102.997 -102.997  102.997  89.9448  69.2952  213.211 -633.868 -132.279
-106.093 -92.4509  106.093  82.7154  77.4493  205.789 -568.126  85.6955
  110.08  84.9816   110.08 -124.256 -160.633  389.423 -866.041  -271.71
 32.4405  190.805  190.805 -67.4239 -212.181  418.441 -1086.81  44.8606
-67.8299  67.8299  67.8299 -30.2935 -105.294  105.294
