     -10      -10       10 -13.9457 -6.54487  301.084 -635.286  113.642
     -10      -10       10 -26.6639 -52.0768  369.591 -687.636  13.9756
-10.0435 -27.2605  35.9171 -11.2633  7.90441  287.798 -696.642  58.0101
     -10       10       10  -6.8954 -37.4627  311.441 -625.001  3.17277
-3.50169       10       10 -9.07531 -28.9963  310.642  -626.13  34.9113
-0.549273        10        10  -9.39425  -31.1664   308.899  -616.292   14.3149
0.292722       10       10 -6.82127 -30.4127  310.121 -618.548  18.6672
 1.15721       10       10 -4.52058 -31.6838  309.711 -616.835  27.8078
 2.14861       10       10 -2.33804 -33.5526  310.046 -617.281  -1.7845
  3.77177   2.79372        10 -0.240129  -28.5803   286.812   -577.61   35.3377
 6.27266 -5.59538       10  1.81836 -17.9588   258.68 -536.857 -78.3012
 7.02748 -4.70859       10  1.58814  -21.369  287.186 -572.771  39.7422
 8.28017  -1.9755       10  2.29612 -23.2426  311.165 -606.449 -15.2315
      10 -5.17013       10  3.47999 -16.4678  310.368 -602.715  39.9986
      10 -5.82459       10  4.78469  -17.807  310.812 -591.742 -16.6888
      10 -8.62477       10  8.42364  -8.6814  308.543 -589.786  38.6008
      10 -8.10106       10  7.43578 -16.9595  305.651 -560.442 -38.9135
      10 -4.07485       10  14.0454 -4.91451  311.197 -586.512    41.57
 6.73302 -5.57161       10  8.32241 -39.9501  327.971 -535.144 -98.4929
 7.11025       10       10  8.12956 -20.7429  260.717 -433.588 -12.2596
      10       10       10 -91.8166 -55.3837   199.03
