     -10      -10       10  -15.398 -4.32342  145.659 -423.207  106.198
-21.1236 -21.1236  21.1236  -78.407 -34.1668  369.657 -570.406  -32.652
-16.2635 -9.25359  70.5837 -52.4595 -10.2075  218.604 -683.146  33.3186
     -10      -10       10 -51.9112 -18.1648  315.942 -588.468 -19.3001
     -10      -10       10 -44.9547 -10.2522  305.161 -583.331   26.703
     -10 -9.79678       10 -41.5227 -11.9954  304.671 -581.793  1.49203
      -10 -0.480989        10  -37.7774  -20.2639   306.344  -591.969   14.3801
     -10  4.10756       10 -33.5038  -26.297  304.984 -596.685  21.6342
     -10   9.5288       10 -29.8291 -33.5261  307.888 -609.572 -0.18789
     -10  7.33519       10 -21.9969 -34.4261  285.853  -583.87  35.7964
-6.83889 -1.14074       10 -16.0991 -24.0688  258.746 -555.428 -66.3577
-7.10915 -1.93104       10 -19.9662 -24.7719  287.406 -580.497  40.7861
-2.21296 -9.23511       10 -26.8809 -15.0498  309.638 -601.185 -11.0864
      10      -10       10  -37.295 -10.6443  307.979 -589.009  37.6726
      10      -10       10 -36.5125 -12.1434  308.299 -575.044 -14.0937
      10      -10       10 -34.3823 -6.75365  308.936 -570.999   34.275
      10      -10       10 -34.4182 -15.2034   302.82 -538.117 -34.6396
      10      -10       10 -31.0763 -0.77704  312.184 -560.445  35.6745
     -10       10       10 -24.4718 -62.8964  371.656 -581.402  -81.971
     -10       10       10 -20.3797 -23.3262  390.226 -624.324  8.18141
-9.63253      -10       10 -46.8456 -37.9371   133.01
