 3.23489      -10       10   7.5462 -3.36064  310.636 -653.867  120.908
      10      -10       10 -4.63868 -55.2825  354.389 -675.397  15.1982
 8.59804 -29.1005  29.1005  6.53482    10.35  298.221 -696.602  60.0156
      10       10       10  7.77922 -38.3543  310.303 -636.632  2.75822
      10       10       10  11.5707 -29.0449  311.153 -642.213  36.9837
      10       10       10  13.5291 -31.3613  308.957 -633.142  14.4543
      10       10       10   16.678 -30.4811   309.61 -636.489  20.6201
      10       10       10  19.3886   -31.75  308.963 -636.063  28.1785
      10       10       10  22.2156 -33.7266  308.572 -637.314 0.391741
      10       10       10  23.0017 -35.9519  285.562 -597.491  35.5445
      10      -10       10   24.676 -13.9637    257.9 -557.422 -74.4717
      10      -10       10  27.2272 -16.0721  284.985 -591.773  38.8808
      10       10       10   30.106 -34.7022  308.095 -622.754  -14.762
      10 -9.61458       10  32.3354 -11.6083  307.206  -617.02  37.3515
      10      -10       10  32.6058 -13.1668  307.446 -602.309 -17.9845
      10      -10       10  34.6532 -7.06471  304.837 -595.528  33.7548
      10      -10       10  32.2011 -15.2292  300.807 -559.274 -42.3945
       10       -10        10    37.844 -0.244189   306.955  -582.307   34.7101
      10      -10       10  33.3373 -38.1162  354.795 -571.878 -99.5387
      10  2.41176       10  26.2244 -15.0127  269.356 -445.397 -10.3392
 11.6305  11.6305  11.6305 -78.4937  -58.333  205.166
