      10      -10       10 -79.5108 -11.6222  328.692 -584.473   80.449
     -10      -10       10 -86.5014 -51.3279  437.104 -661.007 -59.3821
-7.99892 -12.5541  65.8025 -51.6427 -8.31417  221.045 -673.054  43.7283
     -10      -10       10 -45.2334 -19.3692   319.37 -590.896 -26.1574
     -10      -10       10 -38.0694 -10.4923  306.866 -586.127  28.4155
       10        10        10  -55.1615  -32.3297    305.61  -584.269 -0.165248
      10      -10       10  -51.149 -10.4207  306.938 -595.176   15.334
     -10       10       10 -28.3907 -32.1811  307.016 -597.643  21.7756
     -10       10       10 -25.4471 -33.8055  308.485 -603.813 -3.08274
  -4.161       10       10 -25.2975 -36.5302  286.121 -572.208  34.8264
      10      -10       10 -30.3649  -14.202   254.49  -540.15 -75.4462
      10       10       10 -34.9927 -37.6729  287.379 -570.944  40.7133
  11.311   11.311   11.311  -37.556  -38.125  309.232 -601.731 -12.0711
 13.4426  13.4426  13.4426 -37.7856 -37.4142   305.69 -598.663  40.1871
 14.1297  14.1297  14.1297 -37.6637 -39.7144  305.522 -589.202 -9.88009
      10       10       10 -29.3557 -30.0688  309.318 -585.914  38.8636
      10  3.48774       10 -29.2604 -29.5449  306.821 -564.479 -21.2452
      10       10       10 -21.7649 -19.7499  315.383 -612.784  44.6112
-42.1664 -62.7874  62.7874  13.8333  26.4444  222.243   -550.4 -44.6415
-50.4413 -77.7547  77.7547   38.553   73.886  124.212 -514.934   38.193
      10      -10       10 -65.2706 -38.7107  137.423
