 -17.952  36.3861  36.3861  26.8332 -46.3076  58.8933 -350.723  111.995
-36.1087  36.1087  36.1087  10.5094 -93.6306  242.497 -512.358  14.2333
-12.3628 -26.8144  32.5122  1.53164  11.4989  293.948 -688.575  48.1956
-8.65513       10       10  2.34947 -40.9601  312.384 -630.553  10.0002
-0.770796        10        10  -2.10281  -32.6273   310.876  -635.409   37.6875
 1.65926       10       10 -3.25362 -35.8536  309.952 -625.628   18.003
 3.65231       10       10 -2.94448 -34.3862  311.753 -629.506  20.8453
 4.55671  9.14974       10 -1.50104 -33.6617  310.642 -627.972  29.7383
 5.16839  2.42115       10 0.828777 -26.8943  309.482 -629.716 0.926687
 7.76307      -10       10  2.01968 -12.9055  287.228 -598.292  39.5929
      10      -10       10  3.35324 -8.78156  262.091 -563.962 -69.1588
      10      -10       10  2.36089 -11.8335  286.872 -589.204  43.8175
 11.1058 -11.1058  11.1058 0.476289  -13.023  308.203  -612.36 -19.2194
  27.132  -27.132   27.132 -18.4464  6.22392  291.478 -619.022  40.6205
 43.2216 -43.2216  43.2216 -37.7271  18.4809  276.449 -624.008 -32.5962
 56.0625 -56.0625  56.0625  -53.286  38.0509   263.45 -625.082  37.6148
 62.1734 -62.1734  62.1734 -61.7529  32.0136  245.995 -589.347 -72.3861
 48.4954 -48.4954  48.4954 -47.0595   31.412  273.593 -573.904  46.5307
 29.6076  29.6076  29.6076 -22.0709 -99.2139   448.28 -758.718 -162.786
 14.8096  89.8388  89.8388 -21.8744 -110.315  424.282 -858.959   8.7079
      10       10       10 -89.6699 -51.6202  203.019
