     -10       10       10  19.8815 -19.7215  233.633     -562  141.076
-11.4363  27.8655  27.8655  5.71335 -89.4347   291.74 -633.737  30.3678
-0.172147  -15.2162    43.023   6.56069  -1.00173   283.483   -733.45    65.523
 20.4896  20.4896  20.4896 -10.0684 -49.1176  302.187 -671.294  10.8736
 16.6478  16.6478  16.6478 -1.89914 -36.4974  304.817 -663.214  42.2106
 13.1071  13.1071  13.1071  4.61064 -35.6063  305.894 -646.478  18.9518
      10       10       10  11.8015 -31.7694  310.378 -645.245  24.2577
      10       10       10  14.5556 -32.7541  309.526 -641.077  30.8249
      10       10       10   17.538 -34.2987  308.896 -639.204   1.7835
      10 0.950813       10  19.4608 -26.6802  286.414 -600.042  37.4891
      10      -10       10  20.3342 -12.7559  264.373 -557.957 -74.7998
 9.10455      -10       10  24.6436  -15.026  286.556 -590.448  41.0834
      10      -10       10  27.2218 -14.8055  308.624  -620.43 -18.7434
 10.6678 -10.6678  10.6678  28.7394 -10.0441  307.605 -615.726  41.5916
 17.4807 -17.4807  17.4807   21.239 -5.58724  300.316 -606.661   -27.63
 22.3792 -22.3792  22.3792  16.7081  6.29414   292.44 -597.231  37.7598
 25.9522 -25.9522  25.9522  9.55268 0.337011   281.27 -554.686 -64.2449
 15.8761 -15.8761  15.8761  25.4003  6.11078   302.03 -555.615  38.5156
 9.95243      -10       10  36.0049  -42.565  404.028 -618.816 -146.578
      10       10       10  33.1115 -23.5375  343.745 -531.902 -6.40186
 25.0096  25.0096  25.0096 -101.819 -67.2807  186.272
