-20.3307  31.1334  31.1334  36.0288 -36.0288  36.0288 -343.364  134.781
-79.1252  79.1252  79.1252  47.4644 -135.057  153.545 -527.675  24.1476
-30.9092 0.859286   59.129  13.5843 -15.7435  267.288 -761.235  52.6004
-16.9794  28.2077  28.2077  6.87368 -61.1806  294.939 -686.762  18.8916
-6.12548  15.4669  15.4669  2.96552 -39.9977  303.914  -667.76  46.4304
-0.622035    11.572    11.572  -0.56477  -39.3172    307.66  -647.562   25.0313
      10       10       10 -8.61559 -35.9985   312.28 -646.371  25.2828
      10       10       10 -5.97192 -35.5694  311.823 -643.048   34.743
 5.47815      -10       10  1.83893 -14.8743  309.313 -638.275  1.79782
      10       10       10 0.097806 -32.3046   289.97 -605.056  43.4212
      10      -10       10  2.10578 -7.23556  277.056 -577.686 -75.4505
      10      -10       10  3.99225 -11.1448  290.966 -595.939   51.981
 17.4419 -17.4419  17.4419 -4.63983 -7.57776  302.239 -619.838 -28.6115
 35.9491 -35.9491  35.9491 -25.9075   14.845  283.082 -629.331  51.1733
 52.1467 -52.1467  52.1467  -45.404  25.0708   268.98 -630.463 -52.8349
 66.8082 -66.8082  66.8082 -63.4949  48.1407  252.592  -625.09  51.5015
 71.3636 -71.3636  71.3636 -69.8499  38.9716  235.242 -582.592 -111.795
 6.98821 -68.4165  68.4165 -9.82403  51.5161   245.32 -545.083  66.3555
-31.2179  31.2179  31.2179  45.1575 -103.628  476.107 -769.661 -243.647
-34.3506  79.6372  79.6372  42.6799 -98.6656  467.099 -881.123  42.5996
 36.0412  36.0412  36.0412 -124.356 -72.3072  169.967
