 68.4221  68.4221  68.4221 -65.1028 -75.8597  75.8597 -489.705  64.8538
-0.452192   98.2969   98.2969   -25.175  -166.394   166.394  -601.916   46.5223
-0.672678   19.9796   86.8956  -7.60434  -43.1733   210.715   -745.89   36.3069
     -10       10       10  12.8489  -42.847  313.078 -647.238  36.6978
     -10       10       10  15.3464 -34.0502  309.365 -645.814  31.8444
      10       10       10 -4.72625 -36.5868  310.566 -633.283    29.76
      10       10       10 -2.61709   -35.11  312.118 -636.916  19.5557
       10       -10        10 -0.307618  -14.6633   307.884  -628.931   34.9976
      10       10       10  1.44002 -34.4452  309.579 -632.252  2.58583
      10      -10       10  4.61795 -11.3213  291.063 -606.216  39.0643
      10      -10       10   6.1217 -6.81925  259.987 -552.918 -60.2088
      10      -10       10  6.34639 -10.4764  290.186 -592.659  42.6441
  10.881  -10.881   10.881  4.64943  -14.016    310.3 -610.663 -22.5963
 36.0464 -36.0464  36.0464 -25.9361  14.0511  280.265 -618.217  42.6269
  55.405  -55.405   55.405 -49.0194   28.478  267.422 -635.126 -49.7644
-35.5145 -98.1732  98.1732  31.4711  79.0589  225.047 -663.296   45.631
-168.035  -153.37  168.035  151.863   121.46  151.863 -725.464 -108.782
-161.409 -115.987  161.409  136.785  102.243  136.785 -626.758  46.2498
 86.2659  86.2659  86.2659 -88.6306 -155.328  360.448 -746.383 -192.305
 139.724  139.724  139.724 -150.178 -159.202  439.797 -1001.22 -11.5115
-66.2443  66.2443  66.2443 -22.8993 -107.035  107.035
