-122.012 -79.3252  148.435 -25.3795  80.9249  139.351 -746.024   12.232
-119.406 -48.7258  286.787      -10      -10       10 -1335.65  91.8855
-117.798 -31.8522  171.905 -24.0432  19.6579  119.551 -799.573 -4.31267
-122.621 -16.2034  285.462      -10      -10       10 -1135.77   34.542
-126.893 -13.0019  283.686      -10      -10       10 -1057.66  18.9722
-126.103  -11.074  283.951  -9.9986  -9.9986   9.9986 -1022.49  24.1092
-95.7682  9.07066  260.169 -35.7797 -35.7797  35.7797 -964.416  7.11918
 -73.367  22.8193  246.324 -52.1307 -52.1307  52.1307 -938.879  29.5884
-68.2128   20.786  247.187 -53.1388 -53.1388  53.1388 -942.071 -1.61873
-76.4554  10.3201  259.406 -42.0399 -42.0399  42.0399 -959.869  38.9564
-104.012 -7.95152  285.404 -15.9147 -15.9147  15.9147 -980.685 -84.1796
-111.212 -19.9145  290.327      -10      -10       10 -972.519  25.3835
-113.014 -20.2998    289.5      -10      -10       10 -944.922  14.8335
-114.832 -20.5888  288.826      -10      -10       10 -918.161 -29.6044
-114.434 -17.2889  288.775      -10      -10       10 -898.412  52.3386
-112.358 -11.0934  289.994      -10      -10       10 -887.358 -108.681
-118.831 -17.7366  291.971   1.8301       10       10 -885.476  144.962
-115.829  12.3748  296.329       10       10       10 -893.158 -212.539
-149.945 -26.8594  261.881  46.4152  46.4152  46.4152 -832.247  416.234
     -10      -10       10 -4.97759  11.3152  11.3152 -7.67383 -435.833
 -133.83 -45.8136  140.738 -26.1612 -26.7052  26.7052
