-11.9854  55.3152  128.764 -3.38314 -79.8009  197.983 -673.911 -114.057
      10 -10.0038       10  23.0348 -45.8534  312.302 -653.739  203.066
 9.11667 -9.82922  41.1661  19.9618 -17.7517  281.643 -701.224 -64.3526
      10       10       10  24.0368 -35.1951  312.048 -646.131  97.8836
      10       10       10  23.7406 -30.8589  312.151 -636.444 -27.5184
      10  8.13285       10  23.7713 -26.8794  312.025 -628.523  55.9564
       10 0.0122652        10   24.2059  -20.4606   312.022  -622.626   -14.989
      10 -6.75284       10  23.9568 -14.0481  311.964 -613.078  40.0691
      10      -10       10  23.8713 -15.8731  312.014 -604.554 -23.0897
      10      -10       10  22.6805 -21.7371  311.997 -589.748   30.014
      10      -10       10  23.0593 -19.9834  312.546 -585.995 -109.899
      10      -10       10  26.8911 -23.3903  311.649 -599.124  18.5394
      10 -5.38869       10  32.0274 -21.9036  311.093 -622.348  12.5258
      10       10       10  36.3266 -34.2204  310.659 -641.678  -1.5901
      10       10       10  40.5503 -30.6176  310.162 -659.038  74.1621
      10       10       10  45.2728 -27.5956  309.673 -679.685 -42.5428
 17.4181  17.4181  17.4181  40.2145 -31.1635  301.965 -704.802  161.177
 23.0948  23.0948  23.0948  39.8748 -23.2164  295.803 -746.013  -127.09
 22.4224  31.5833  31.5833  33.6109 -47.6291  285.469 -712.533  305.587
 2.73612  18.6002  18.6002  15.3018 -21.3386  44.9945  -208.84  -377.92
-16.0076   26.026  26.0411 -38.6171 -90.4413  183.102
