-29.5915  72.8578  139.631 -32.3146 -98.2704  182.173 -720.877 -76.6747
-5.23655  2.79943  26.1692 -8.07195 -58.3838  297.589 -696.852  188.793
-8.66925 -7.28571  55.2059 -11.1343 -21.2758  268.416 -717.906 -43.0103
-4.35809  14.8861  14.8861 -7.10685 -40.0687  308.776  -648.87  91.4686
-4.32682       10       10 -6.38501 -30.8781  313.751 -626.205 -16.7011
-4.37551  9.96409       10 -5.82474 -28.5442  313.642 -615.544  53.8731
-4.11758  2.44544       10 -5.18667  -22.575  313.714 -607.001  -10.235
-3.99537 -2.60195       10  -4.7813 -17.8695  313.633 -597.076  39.8877
-3.70319  -9.8289       10 -4.16507 -15.7564  313.696 -589.007 -20.6746
-3.84029      -10       10 -3.95735 -22.0922  313.565 -576.784  31.5761
-3.42374 -10.7609  10.7609 -3.28252 -19.7134  313.401 -574.735 -108.415
-1.23152      -10       10 -1.22443 -24.0613   313.78  -582.72  19.6045
 1.41967      -10       10  1.14354 -17.7448  313.889 -598.949  12.3309
 3.85278 -4.70395       10  3.34253 -19.8872  314.039 -613.081 -4.67639
 6.15585  5.73467       10  5.38742 -26.7015  314.076 -625.533     72.2
 9.08044       10       10  7.86636 -26.7321   314.26 -643.373  -50.023
 10.6082   18.157   18.157  8.69864 -30.8658  306.126 -662.603  159.213
 13.7641  27.5269  27.5269  11.0886  -22.777  296.903 -704.852 -140.473
 9.42782  44.7284  44.7284  5.87224 -57.9477  277.693 -671.991   305.47
 4.47257  19.0738  19.0738 0.814269 -18.8564  37.0085 -149.481 -396.533
 -29.345   29.345   29.345 -52.4763  -94.383  170.341
