-8.93927   60.653  125.983  3.85618 -83.8724   201.21 -694.825 -114.804
      10 -1.85162       10  31.0294 -54.6832  311.534 -664.853    226.6
  10.952 -12.3218  38.6766  26.9381 -14.8109  283.304 -706.643 -64.9965
      10       10       10  33.4214 -35.1773  310.935 -658.143  105.341
      10       10       10  33.6579 -30.8183  310.981 -648.328 -26.5597
      10       10       10  34.2215 -28.8137  310.761 -640.486   60.454
      10  8.28798       10  34.9876 -28.8295  310.705 -634.121 -13.7324
      10 -1.18955       10  35.1991 -19.6914  310.577 -624.013   43.002
      10      -10       10  35.5104 -16.0382  310.581 -614.364 -22.4274
      10      -10       10  34.5722 -21.7034  310.547 -598.059    31.69
      10      -10       10  35.3083 -19.7401  311.086 -593.472 -112.386
      10      -10       10  39.4828 -23.2454  309.966 -606.371  19.3175
      10 -6.14069       10  44.9333 -21.0899  309.178 -629.362  11.9227
      10       10       10   49.357  -34.118   308.57 -647.453 -2.10413
      10       10       10  53.6934 -30.5127  307.902 -663.489  72.7633
      10       10       10   58.258 -27.5359   307.27 -681.356 -46.4133
 13.9636  13.9636  13.9636  57.2446 -27.6421  302.836 -699.399  157.673
  19.982   19.982   19.982  55.9955 -20.2732  296.252 -736.828 -136.739
 24.7767  28.0228  28.0228  44.4037 -43.5234  286.331 -698.796  297.413
 3.16361   20.583   20.583  16.5727 -23.8978  49.7354 -214.307 -392.227
 -14.253  25.3853  25.3853 -36.2202 -88.9035  184.173
