 6.24342   28.292  105.479  56.3108  -51.333  214.701 -643.484 -156.977
 13.7868 -13.7868  13.7868  88.7765 -41.5866  293.649 -669.905  206.882
 19.5578 -16.2696  19.5578  85.2006 -12.0242  287.112 -696.604 -74.5706
      10 -2.65201       10  94.6977 -22.5365  296.446 -670.083  94.6673
      10   6.2683       10  94.9782 -26.9717  296.431 -669.275 -32.2318
      10  9.20838       10  94.8953 -27.8265  296.322 -665.655  54.9277
      10  4.46031       10  95.1629 -25.1046  296.286  -663.63 -14.8077
       10 -0.937864        10   94.3316  -20.0909   296.472  -654.836   40.7448
      10      -10       10  93.5502 -16.2846   296.79 -645.694 -22.9686
      10      -10       10  91.1567 -21.3581  297.413 -627.293  29.7428
      10      -10       10  90.5947 -19.1475  298.311 -621.246 -117.796
      10 -7.93407       10  93.9347 -24.9168  296.619 -638.869  18.1819
      10       10       10  98.3885 -36.5347  295.111 -666.696  13.7791
       10        10        10   102.188   -33.821   293.848  -688.714 -0.122155
      10       10       10  105.566 -30.2918  292.665 -708.466  77.7673
 11.9929  11.9929  11.9929  106.664 -29.9964  289.631 -731.837 -42.7513
 19.8606  19.8606  19.8606  100.265 -33.8317  281.216 -760.171  167.984
 19.9232  19.9232  19.9232  104.918 -22.8296  279.597   -792.5 -131.718
 16.3795  16.3795  16.3795  103.906 -34.6939  282.073 -750.152  327.361
-9.77814  15.5292  15.5292  49.3195 -20.1699   55.068 -277.001 -370.309
 5.08569   21.262   21.262 -9.63118 -85.6903  195.016
