-44.9683  71.5153  144.322 -47.3708 -99.0609  169.788 -708.913 -65.7748
-21.2508 0.753583   43.627 -23.4717 -56.0441  277.197 -713.757  162.039
-24.3287 -5.19885  61.4416 -25.7743 -24.0184   258.75 -713.176 -34.4838
-21.7248  13.4256  32.6012  -22.838 -38.8172  288.178 -657.388  80.7277
-21.6026  7.34777  27.4046  -22.378 -28.1583  293.508 -634.002 -14.3919
-21.4162  2.24051  26.4014 -22.0632 -20.6037  294.473 -621.558  48.8107
-21.1327 -2.23626  26.6323 -21.7423 -17.5046  294.364 -613.527 -9.98919
-20.8883 -3.51839  26.4904 -21.4807 -16.8399  294.483 -604.813   37.402
 -20.499 -5.98802  26.1942 -21.0338  -19.576  294.921 -597.489 -20.3264
-20.3643 -12.6347  25.9107 -20.8919 -19.5966   295.12  -586.58  30.6866
 -19.677 -20.1235  24.0618 -20.0992 -10.4514  297.695 -581.568 -105.745
-17.9525 -14.2257  25.6074 -18.3823 -20.0897  296.129 -591.581  18.8688
-15.6936 -6.10623  25.7119 -16.1605 -21.8369  296.577 -606.396  13.0111
-13.5108 -5.29069  25.9291 -13.9983 -19.4616  296.958 -619.493 -6.11977
 -11.3021 -0.109203    25.767  -11.9255  -20.8582   297.586  -631.125   72.9041
-8.37304  3.19474  24.8276 -9.24028 -19.9169  299.306 -647.915  -50.425
-6.26066  21.5502  27.4957 -7.86644 -34.4029  297.035 -661.761  161.853
-2.33327  33.3628  33.3628 -5.11335 -28.1548  292.014 -700.846 -137.049
-6.01527  50.9602  50.9602 -10.5628 -65.1901  271.943 -674.619  314.457
 2.67976  16.9486  16.9486 -1.64264 -16.5728  30.3297 -128.269  -383.93
-30.3567  30.3567  30.3567 -68.6817 -96.8246  162.814
