 -24.858  79.9817  137.069  -25.135 -104.323  187.216 -751.305 -70.4616
-0.83546  11.9691  19.8671 -1.01533 -67.9626  304.409 -705.846  214.385
 -4.5078 -3.85183  59.5134 -4.72271 -24.7475  264.815 -741.886 -40.2626
0.0165046   18.4818   18.4818 -0.438969  -43.3266   305.473   -669.29   100.093
 1.09852  10.3593  10.3593 0.614997 -31.2707  313.619  -641.32 -14.8119
  1.6376       10       10  1.28931 -28.6189  313.817 -628.823  58.7303
 2.33678       10       10  2.20998 -30.4289  313.839 -620.388 -8.29405
 2.85619  3.62056       10  2.93415 -24.3381  313.702 -609.826  43.1478
 3.55223 -7.37627       10  3.84826 -18.5378  313.716 -600.908 -19.2607
 3.66545      -10       10   4.3256 -22.1932  313.535 -587.083  33.7113
  4.3031      -10       10  5.41798 -20.3461  314.124 -582.473 -111.043
 6.44614      -10       10  8.14994 -24.0957  313.501 -591.226  20.6563
 8.70517      -10       10   11.559 -17.8506  313.357  -606.58    12.48
      10 -7.66932       10  15.3755 -17.0294  313.282 -618.679   -6.003
      10  4.82002       10   19.966 -25.7107  313.104 -628.303  71.2203
      10       10       10  25.3962 -26.6185  313.044 -642.005 -56.5867
 15.3351  15.3351  15.3351  23.0009 -27.6599  307.586 -653.098  154.862
 20.0467  26.0277  26.0277  23.1882 -20.9252   296.82 -690.251  -156.02
 16.6087   43.162   43.162  17.5051 -55.3683  277.859 -653.821   294.22
 2.77644  20.9006  20.9006  3.16987  -21.122  40.9166  -142.65 -418.496
-36.6436  36.6428  36.6428 -44.5763 -101.372  162.255
