-63.5139 -63.5139  63.5139  122.239  199.817  226.567  -1233.6  402.616
-30.2879 -30.2879  30.2879 -63.3277 -67.3462  298.217 -843.996  789.084
-72.9376 -72.9376  72.9376 -17.0845  20.7456  253.124 -799.807 -292.639
 68.1187  106.681  106.681 -133.528 -209.062  217.691 -876.204  296.899
 112.087  112.087  112.087 -170.984 -212.539  212.539 -839.237 -133.233
 131.288  91.0217  131.288  -179.76 -192.592  192.592 -851.897  142.935
 144.843  70.2184  144.843 -179.175 -179.175  179.175 -877.171 -58.6909
 126.898  47.7822  176.784 -147.078 -147.078  147.078 -916.924  109.581
 69.7211  1.20677  243.945 -80.1514 -80.1514  80.1514 -991.504 -21.8672
 20.6831  17.1688   301.22 -21.3774 -21.3774  21.3774 -989.648  93.0734
 20.7194  55.2328  315.476      -10      -10       10 -955.092 -140.037
  30.257  4.85705  314.109      -10      -10       10 -979.306  56.3476
  25.6545  -57.5317   313.678 -0.432165       -10        10   -1001.8   54.6265
 8.10795 -112.732   266.16  25.8544   17.307  57.6744 -928.217 -48.8896
  23.035 -90.6393   136.16  50.0992  -1.8249  187.326 -810.171  145.288
 42.9249 -5.28554  42.9249  47.0371 -83.5569  281.455 -659.619 -245.367
 64.6967  64.6967  64.6967  36.9907 -111.437  258.942  -638.07  270.699
 78.5796  78.5796  78.5796  8.39431 -93.2502  255.176  -469.79 -596.552
 60.8911  60.8911  60.8911  61.8376  19.4701  257.693 -392.963  593.641
 -51.5285   -31.077   51.5285  -34.3874 -0.929674   34.3874   570.789  -795.915
-54.5544  53.9682  54.8873  -104.86 -134.422   156.41
