-65.0074 -65.0074  65.0074  80.2984  172.231  220.024 -990.762 -251.168
-83.1666 -83.1666  83.1666 -95.3358  -44.919  254.738 -900.781  1078.17
-74.9672 -74.9672  74.9672 -24.7041  54.3106  253.249 -807.992 -412.572
 102.428  86.4495  168.163 -157.576 -157.576  157.576 -1033.33  477.898
 135.708  113.479  138.507 -186.883 -186.883  186.883 -932.242 -157.217
 141.711  116.107  141.711 -182.213 -182.213  182.213 -904.525  217.302
 148.734  100.054  148.734 -175.566 -175.566  175.566 -922.273 -60.2959
 121.157  75.7271  184.455  -139.33  -139.33   139.33 -945.619  136.197
 78.4956  33.9927  239.716 -84.3792 -84.3792  84.3792 -1008.13 -17.6775
 31.7558  21.7442  296.887 -26.2042 -26.2042  26.2042 -1026.48  101.649
 31.4038  41.9401  315.008      -10      -10       10 -1013.52 -119.003
 35.4835  6.94427  314.139      -10      -10       10 -1010.91  42.9296
 39.2727 -23.0917  313.293      -10      -10       10  -1000.4  124.176
 17.8892 -67.7497   313.68       10       10       10  -963.66 -141.009
 27.2052 -66.1209  312.668       10       10       10 -931.425  269.885
-64.8115 -195.924  205.038  119.349  119.349  119.349 -763.364 -489.142
-69.2308 -192.657  192.657  128.212  128.212  128.212 -664.952  504.751
-96.9683  -186.77   186.77  159.288  159.288  159.288 -511.607 -1094.32
-79.3419 -180.727  180.727  178.907  178.907  178.907 -495.734  1143.14
-82.6639 -83.7402  83.7402  178.923  10.7361  178.923 -456.461 -615.154
-57.1204  57.1204  57.1204 -121.985 -143.551  143.551
