 -11.0953    127.59    127.59  -12.2238  -155.281   200.707  -855.547 -0.964624
 2.72884  61.8594  61.8594  1.50603 -124.283  266.465 -793.994  372.369
 3.11727 -14.6762  50.8987  2.96797 -5.43199  275.889 -740.715 -76.8743
 7.48206  43.5485  43.5485  7.56016 -68.9043  281.574 -731.294  153.365
 9.33309  28.6499  28.6499  12.0984 -52.0523  295.635 -696.463 -27.2872
  10.422   10.422   10.422  19.2029 -30.8474  312.465  -663.85  83.3256
      10       10       10  25.1357 -33.7701   312.19 -655.777 -10.0493
      10       10       10  29.9532   -32.93  311.345 -646.463  56.3784
      10       10       10  35.5807 -38.9502   310.65 -640.554 -17.3593
      10       10       10  38.8099 -43.3448  309.787 -624.573  41.1049
      10      -10       10  43.1007  -20.972  310.045 -613.471 -124.121
      10      -10       10  53.5619  -23.875  307.981 -627.547  26.7945
      10      -10       10  63.9201 -17.2669  306.492 -643.658  13.4844
      10 -4.16949       10  72.2417 -19.9489  305.343  -651.34 -3.07182
      10       10       10  79.6713 -29.2721  304.202 -655.447  67.8426
      10       10       10  86.8259 -27.6721  303.268  -656.83 -65.6939
      10       10       10  93.1171 -22.9268  302.195 -653.078  141.024
      10       10       10  99.1552 -13.2839  301.387 -647.822 -185.144
      10       10       10  100.984 -26.7362  296.821 -615.005  255.981
-29.2553  30.3257  30.3257  31.1865 -42.8194  57.1434 -42.0432 -512.914
-38.2055  38.8319  38.8319 -72.7085 -96.3466  153.946
