-101.587 -79.4697  101.587  199.431   200.41   200.41 -1012.05  222.975
      10       10       10 -78.5834 -184.639  334.922 -682.049   659.58
 -15.877 -7.88829  21.1575  21.4651  46.1815  314.263 -660.017 -367.026
      10       10       10  53.8908 -75.3162  308.071 -874.145   325.45
      10       10       10  38.5098 -54.0228  312.076 -775.478 -87.9444
 50.1986  50.1986  50.1986 -3.77591 -95.2663   271.75 -804.036  123.446
 85.2084  85.2084  85.2084 -40.8664 -132.338  237.215 -826.678 -22.8738
  95.262   95.262   95.262 -40.9548 -137.124   224.59 -837.898  64.7683
 78.6899  78.6899  78.6899 -9.57006 -118.682  237.715 -824.117  3.80163
 44.0644  44.0644  44.0644  43.3506 -70.5304  267.773 -777.803  47.9209
      10       10       10  93.5365 -24.3609  298.701 -727.365 -74.4159
      10       10       10   94.336 -39.7251   298.12 -714.176   16.916
      10       10       10  100.013 -49.7958  296.701  -714.22   42.408
      10       10       10  99.8489 -61.5704  296.662 -692.145 -59.9199
      10       10       10  113.719 -54.3432  293.536  -704.78  104.436
      10       10       10  109.629 -62.3407  294.671 -656.738 -178.857
      10       10       10  141.156 -26.1686   286.57 -710.957  218.169
      10       10       10  135.836 -22.6568   301.31 -620.026 -330.153
      10 -4.15176       10  209.081  112.125  262.221 -771.268   424.07
 -42.469 -25.8579  61.7613 -13.4907 -106.486  106.486  255.198 -664.288
 -14.903   14.903   14.903 -115.723 -61.7213  195.791
