 18.2163  46.0422  77.4141  115.245 -84.1553  220.403  -739.85 -155.334
      10       10       10  155.182  -72.915  271.515 -740.513   368.28
      10 -7.62993       10   156.13 -17.7001  269.187 -731.049 -143.555
      10       10       10  160.245 -34.3837   265.81 -735.569  148.555
      10       10       10   162.65 -33.7489  264.309  -732.39 -52.8667
      10       10       10   164.81 -30.2459  262.591  -728.69  77.2571
      10       10       10  167.421 -34.4461  260.962 -727.084 -16.1954
      10       10       10  168.206  -32.848  260.302 -717.796  49.2929
      10       10       10  169.218 -38.7353  259.744 -709.379 -17.5268
      10       10       10  166.873 -41.2962  260.913 -685.231  30.1041
      10 -8.66923       10   166.15 -22.3973  262.233 -666.257 -126.165
      10  5.74102       10  172.975 -37.0204  257.179 -687.879  17.6923
      10       10       10  180.367 -35.4759  252.285 -713.345  8.85488
      10       10       10  185.679 -33.1105  248.771 -729.271  4.89867
      10       10       10  190.174  -29.329  245.779 -742.206  59.7247
      10       10       10  194.587 -31.5006  242.805 -756.096 -36.0166
      10       10       10  199.155 -27.6445  239.673 -772.613  132.853
      10  9.80203       10  203.337 -29.5798  236.843 -788.996 -131.657
      10      -10       10  205.387 -24.2524  229.889 -800.989   268.34
-3.44577 -14.0495  14.0495  76.0617 -7.60656  76.0617 -266.553 -475.546
-14.4826  49.6862  49.6862 -13.1204 -116.587  162.371
