-112.579 -38.3417   155.47 -29.9783  31.7902   134.92 -744.289  9.02173
-114.213 -47.2224  288.996      -10      -10       10 -1304.67  94.4328
-113.654 -36.2996  174.444 -20.6582  21.2199  120.521 -806.448 -6.64791
-116.559  -15.423    288.1      -10      -10       10 -1127.55   37.406
 -120.19 -12.8375  286.693      -10      -10       10 -1056.26  18.3294
-113.013 -6.25265  282.415 -15.0579 -15.0579  15.0579 -1018.81  27.6333
-90.5154  8.28925  264.698 -34.1923 -34.1923  34.1923  -968.45  7.65226
-77.6604   15.593  257.625 -42.8647 -42.8647  42.8647 -948.303  29.8761
-78.5538  9.19875  262.452 -39.2361 -39.2361  39.2361 -952.536  -3.6888
 -90.793 -4.39519  276.603 -25.5583 -25.5583  25.5583 -967.819  36.1639
-106.601 -14.2106  292.558      -10      -10       10 -975.359 -88.5812
-105.818 -20.7645  292.435      -10      -10       10 -965.169  23.6965
-106.244 -20.3887  292.224      -10      -10       10 -944.194  14.3225
-106.811 -20.2367  292.085      -10      -10       10 -923.425 -25.5627
-105.825 -16.9029  292.294      -10      -10       10 -907.305  55.9919
-103.376 -10.9578  293.562      -10      -10       10 -899.322 -100.502
-118.792 -19.0392  295.162       10       10       10 -896.718  146.688
-108.884  9.70444  298.818       10       10       10 -905.541 -207.584
-134.055 -21.1939  274.572  34.6051  34.6051  34.6051 -848.382  390.388
     -10      -10       10 -3.29849  12.6126  12.6126 -11.8949 -430.933
-131.704 -44.9391  141.451 -25.2126 -25.8221  25.8221
