 73.1018   71.481  73.1018 -99.5005 -99.5005  99.5005 -370.935  -42.971
 19.0887  19.0887  19.0887 -35.1428 -83.9987  503.252 -998.825  135.222
 32.9708 -32.9708  32.9708 -34.3484 -5.11482  300.682 -709.155 -7.87353
   25.46    25.46    25.46 -24.8709 -66.8476   333.79 -739.032  73.3438
 23.6691  23.6691  23.6691 -21.5013 -61.7273   311.41 -682.115  8.06606
      10      -10       10  -5.2471 -23.9241  317.925 -636.925  44.3355
 24.8242  24.8242  24.8242  -25.339 -58.7173  294.292  -614.72  2.28862
      10      -10       10 -3.79273  -20.662  298.472  -583.93  31.1048
      10      -10       10 -4.07271 -20.1209  289.636 -554.897 -5.17723
      10      -10       10 -4.39672 -16.1453  269.162 -507.249  16.9954
     -10       10       10  15.7253 -30.0984   248.86 -465.436 -82.8149
       10       -10        10 -0.954112  -16.9127   267.076  -499.937   10.5931
      10      -10       10  4.07106 -21.5661   284.88 -543.029  5.03878
      10       10       10  8.44644 -43.2754   292.53  -566.99  8.87198
      10       10       10  12.0132 -44.5223  301.891  -587.56  34.3309
      10      -10       10  16.4878 -23.7707  309.432 -608.941 -12.6861
      10       10       10  21.1231   -41.86  323.835 -641.076  71.3611
      10       10       10  31.8167 -33.2157  323.342 -683.304  -44.731
      10  8.29355       10  31.9293 -43.9688  424.976 -801.058  133.993
  10.696   10.696   10.696  -5.2464 -12.6492  22.7433 -83.8794  -204.11
-12.4138  12.4138  12.4138 -72.8383 -75.1365  198.798
