 50.8053  50.8053  50.8053 -53.3189 -78.4852  81.3093 -294.989 -28.9575
 21.3585  21.3585  21.3585  7.29223 -84.7945  485.697 -977.576  142.913
 30.5727 -30.5727  30.5727  2.28104 -7.10866  323.394 -757.386 -12.2935
 24.4794  24.4794  24.4794  10.8553  -64.857  337.837 -755.294  75.7687
 18.3186  18.3186  18.3186  17.7854 -56.6371  321.386 -697.407  5.59071
 17.6009  17.6009  17.6009  17.4836 -51.8587  303.006 -649.898  45.0174
-10.4173  10.4173  10.4173  48.2843 -44.5901  305.973 -629.607  8.67995
     -10       10       10  48.1063 -41.6656  296.792 -604.724  34.2359
      10       10       10  27.5478 -40.5271  290.261 -581.228  -4.8167
     -10      -10       10  46.3019 -17.0112  278.523 -547.789  19.9125
     -10      -10       10  46.4117 -10.6151  276.087 -534.881 -83.2158
     -10      -10       10   49.914 -17.4822  275.285 -539.523  13.5995
     -10      -10       10  55.0198 -22.0339  287.971 -567.894  1.47577
      10      -10       10  39.7364 -23.5834  293.549 -586.075  9.60085
     -10       10       10  64.2208 -43.9676  296.599 -600.652   28.383
     -10       10       10  69.1383 -43.4475  304.284 -620.956  -7.0931
      10      -10       10  53.9334 -23.3602   313.22 -639.886  57.9765
     -10      -10       10    81.92 -15.8732   324.82 -678.954 -44.1565
     -10 0.168164       10  86.3812 -35.7824  383.322 -730.242   96.705
      10       10       10 -4.47288 -20.8671  22.3881  -64.225 -167.024
 18.9639  18.9639  18.9639 -99.0845 -83.1062  211.183
