 -49.946   49.946   49.946  36.3635 -72.4485  73.0526 -290.154 -1.84863
     -10       10       10 -8.23848 -73.9479  472.227 -910.408  126.579
 73.3021  9.04705  73.3021 -88.1642 -46.9631  272.678 -769.501 -4.64113
 33.8102  33.8102  33.8102 -39.1999 -75.3168    330.3 -748.173  64.7307
      10      -10       10 -7.57644 -28.1809  333.245 -675.704   15.467
 38.0267  38.0267  38.0267 -40.9429   -71.73  285.226 -658.871  42.5612
      10      -10       10 -4.50497  -22.208   307.68  -612.84  11.0332
 40.6422  40.6422  40.6422 -42.0814 -70.6011  260.807 -603.827  30.1743
      10      -10       10 -3.07423  -18.921  286.273 -555.045 -4.61529
      10      -10       10 -2.87349 -15.3293  268.837 -514.337  19.2898
      10      -10       10 -1.37689 -9.52091  259.494 -495.496 -84.1225
      10      -10       10  2.10561 -17.6398  277.887 -529.289  14.9577
      10      -10       10  7.06902 -23.9633  303.105 -579.716  3.39433
      10      -10       10  12.9836 -23.3861  346.009 -660.398  10.0618
  113.83  -113.83   113.83 -116.694  74.3677  116.694 -540.555  23.6699
  -11.46    11.46    11.46   48.803 -42.5815  406.119 -787.824 -5.91263
-138.386  138.386  138.386  144.435  -179.87   179.87 -739.017  43.7374
-147.569 -147.569  147.569  173.399  128.441  173.399 -842.361 -16.2174
-200.237  37.5893  200.237  212.961 -66.4574  212.961 -984.115  78.1715
 13.2985  13.2985  13.2985 -19.6171 -19.6171  19.6171 -23.7007 -160.519
 52.9203  52.9203  52.9203 -160.809 -116.374  160.809
