 46.7964  46.7964  46.7964 -64.0666 -64.0666  64.0666 -200.732 -46.8342
  10.042   10.042   10.042  1.59427 -73.9929   470.04 -917.856  146.072
 73.7717   10.995  73.7717 -63.3031 -49.0194  262.362  -782.54 -8.81553
 10.8151  10.8151  10.8151  11.2315 -51.2246  359.521 -744.016  82.2231
 11.0805  11.0805  11.0805  12.8084 -49.5079   330.69 -689.917  7.56746
 11.6463  11.6463  11.6463  12.2922  -45.913  318.202 -657.186  50.9993
 10.8217  10.8217  10.8217  14.2319 -44.6321  307.899  -628.97  9.06455
      10       10       10  15.1544 -40.7311  299.821 -600.525  35.9104
     -10       10       10   34.711 -40.6457  288.539 -568.008 -5.81126
      10       10       10   14.675 -35.6935  272.412 -533.074   22.748
      10      -10       10  15.2032 -10.2091  264.895 -513.592  -84.479
      10      -10       10  18.3509  -17.308  274.175 -529.611  16.8589
     -10      -10       10  43.0632 -21.9037  286.332 -557.396 -1.12586
     -10      -10       10  47.1148 -22.8428  296.669 -578.756  12.9066
      10      -10       10  31.6849 -24.2387  303.668 -597.555  20.2764
     -10      -10       10  56.2264 -24.2413  313.321 -618.425 -3.15856
-10.6211  10.6211  10.6211  60.1605 -44.7719  325.845 -636.491  39.6686
      10      -10       10  46.9648 -17.7524  351.317 -684.546 -39.0325
     -10      -10       10  74.3499 -25.9285  407.397 -757.002  60.4163
 10.2214  10.2214  10.2214 -1.73193 -17.7316   24.424 -90.1918 -103.313
 57.5678  57.5678  57.5678 -149.455 -119.686  149.455
