 -33.055  42.2749  42.2749  22.5602 -61.1773  61.1773 -264.901  -2.3322
-23.5039  23.5039  23.5039  -8.3912 -84.0262  449.181 -913.733  130.748
-13.9784 -10.0289  60.0093 -8.00494 -26.8291  293.713 -767.042 -9.56753
-15.6026  15.6026  15.6026  6.71691 -57.0982  345.883 -729.266   72.847
      10       10       10 -14.1846 -48.9863  330.087 -677.129  13.0552
      10       10       10  -12.698 -44.8657  317.101 -641.241  48.0988
      10       10       10 -10.9388 -44.2449  306.787 -613.195  10.6973
      10       10       10   -10.15 -41.2348  298.013 -584.901  35.6173
      10       10       10 -9.24903 -41.1359  286.973 -553.774 -6.41726
      10       10       10 -9.57311 -37.2894  272.624 -512.498  21.6951
      10       10       10  -9.3466 -30.7803  266.394  -490.49 -90.3819
      10      -10       10 -5.14422 -18.0919  273.078 -508.465   16.879
      10      -10       10 -0.26461 -21.6829   288.41 -545.358 -2.23731
      10      -10       10  4.93273 -23.4855   297.35 -572.392  15.8642
     -10       10       10  29.1951 -44.1006  304.953 -592.281  23.5357
     -10      -10       10  34.4378 -23.4195  313.717 -616.338  3.16347
      10      -10       10  18.4365 -21.7457  329.907 -644.035  46.3349
      10       10       10  24.7371  -35.454  356.917 -697.396 -31.8259
      10       10       10  27.9048 -39.7669  416.367 -771.074  69.7509
 11.2766 -11.2766  11.2766 -16.6403    3.822  16.6403 -20.4257 -146.292
-36.5699  36.5699  36.5699  -68.738 -98.9731  185.923
