  4.4393  43.1867  43.1867 -22.9231 -57.3385  57.3385 -257.776 -7.63818
-15.1932  19.2773  19.2773 -50.9262  -81.943  452.713 -892.303  118.579
-0.189503  -17.1189   57.4578  -45.8641  -20.6335   289.978  -751.829  -9.48325
-2.59189  18.8942  18.8942 -34.6198 -61.6329  340.886 -719.271  66.2538
 10.1063  10.1063  10.1063  -41.726 -49.2967  327.784 -656.991  10.8353
-5.89293       10       10 -24.2528 -44.7412    316.2 -621.513  42.0981
-5.59694       10       10  -22.746 -43.8675  305.712   -591.7   7.3136
      10       10       10 -37.6993 -40.8014   294.44 -556.178  30.1165
-2.72036       10       10 -22.3573 -40.2913  284.841 -535.416 -9.74221
      10      -10       10 -33.8477 -16.4871  265.951 -487.881  19.4142
     -10  2.78276       10 -11.9744 -24.1164  258.771  -472.85 -87.5442
      10      -10       10 -29.1798 -17.2932  267.489 -492.837  17.4338
      10      -10       10  -25.645 -21.7035  284.882 -534.746 -1.79535
      10 -3.62795       10 -21.8355 -29.2032  295.877 -564.366  19.3232
      10 0.629694       10 -17.9163 -34.9828  305.645  -590.56  25.7338
      10 -1.43747       10 -14.0527 -32.1215  316.484 -617.421  9.34239
      10       10       10 -11.6723 -42.6229   333.48  -647.86  50.5691
      10       10       10 -7.65729 -35.9915  363.364  -708.24 -23.4281
      10       10       10 -11.3738 -40.1288  428.901 -791.096  81.7035
 9.75471  8.51158  10.6787 -15.5506 -15.5506  15.5506 -29.1774 -140.565
   -27.7     27.7     27.7 -85.4666 -91.5329  186.199
