-40.9984  40.9984  40.9984  32.0345  -59.364  60.4846   -262.1 -0.92906
-21.2922  21.2922  21.2922 -8.65925 -82.5919  449.246 -899.443  128.843
-13.5627 -9.88578  59.3413 -7.34065 -27.4149  294.708  -761.43 -10.7526
-17.1459  17.1459  17.1459   9.0999 -58.7004  344.339 -727.348  70.3141
 12.2856  12.2856  12.2856 -15.2302 -51.1961  327.498 -679.474  13.7632
 12.6231  12.6231  12.6231 -14.1373 -47.1035  314.541 -645.593  47.3618
 12.8652  12.8652  12.8652 -12.4732 -46.7189  304.642  -620.76  12.3247
  13.349   13.349   13.349 -12.5264 -44.5268  296.343 -594.013  35.0385
 14.2752  14.2752  14.2752 -12.6443  -45.215  285.685 -567.441 -5.40023
 16.0949  16.0949  16.0949 -14.8141 -43.5099   270.34 -532.087  21.6938
 19.2552  19.2552  19.2552 -18.8387 -39.7093  261.871 -513.571 -87.1335
      10      -10       10 -3.22472 -18.3365  281.203  -527.84  17.4693
      10      -10       10  2.33284 -19.6595  311.586 -593.341 -5.57405
 104.247 -104.247  104.247 -112.451  69.9395  112.451 -505.847  17.6065
-25.2269  25.2269  25.2269  42.9015 -57.8005  310.532 -646.754  17.9377
     -10      -10       10  35.8032 -24.4488  323.916 -634.941  2.69416
      10      -10       10  20.1901 -22.8536   337.61 -660.311  45.2617
   20.79    20.79    20.79  12.9012 -47.9878  353.036  -720.51 -32.8693
 19.2299  19.2299  19.2299  18.1947 -50.5061  415.773 -794.895  71.2315
 10.6371 -10.6371  10.6371 -15.7442  2.33551  15.7442 -17.9757  -145.21
-36.1427  36.1427  36.1427 -68.4124 -98.6554  187.242
