  36.718   36.718   36.718 -50.0488 -50.0488  50.0488 -213.414 -7.30179
      10       10       10 -60.0458 -72.6994  466.585 -867.795  110.289
 39.2902 -39.2902  39.2902 -67.3544 -2.01549  330.332 -781.491  -2.2957
      10       10       10 -35.3645 -55.0001  378.255 -749.932  72.2995
      10       10       10  -29.799 -50.2865  383.079 -769.807  12.8098
  103.72   103.72   103.72 -133.701 -133.701  133.701 -583.697  42.8344
   110.256    110.256    110.256   -142.307   -142.307    142.307   -609.394 -0.0550199
  122.72  -122.72   122.72   -156.4  96.3669    156.4 -661.302  28.6973
 25.3733 -25.3733  25.3733 -46.6311 -2.47916  351.779 -698.859   -14.16
 106.869 -106.869  106.869 -132.938  85.1432  132.938 -563.083  20.9903
 -98.584   98.584   98.584  70.4227 -127.038  127.038  -506.11  -82.268
 19.9312 -19.9312  19.9312 -27.2541 -5.79545  305.527 -614.798  21.9298
  18.573  -18.573   18.573 -24.6219 -14.7704  299.887 -592.115 0.499538
      10      -10       10 -10.8286 -23.5791  312.966 -596.857  17.7055
      10      -10       10 -8.47352 -25.8392  318.049 -605.065  23.0758
-10.9386 -10.9386  10.9386  16.5047 -24.0952  321.703  -622.36  4.36898
      10       10       10 -1.99773 -43.7472  335.673  -641.87  44.9361
      10       10       10   2.3953  -39.189  357.881 -686.606 -26.0926
-10.4699  10.4699  10.4699   20.539 -42.2957  416.641 -754.984  61.8764
  10.366  -10.366   10.366 -15.3265  2.98217  15.3265 -26.3438 -115.327
-10.6024  10.6024  10.6024 -94.5251  -79.052  221.774
