-39.6405  39.6405  39.6405  23.7229 -52.3999  52.3999 -267.172 -6.27381
 11.5907  11.5907  11.5907 -96.2207 -73.6326  472.463 -893.018  121.906
 90.0702  8.94388  90.0702 -144.284 -50.0377   229.22 -778.456 -7.68045
 22.3044  22.3044  22.3044 -69.5158 -61.7438  336.938 -728.892  73.5205
 19.9519  19.9519  19.9519  -59.375 -57.0869   319.89 -691.033   14.039
 15.9631  15.9631  15.9631  -53.279 -50.8757  316.229  -652.48  50.1247
 10.7199  10.7199  10.7199 -45.2608 -46.0094  320.522 -632.263  11.5658
      10       10       10 -41.2556  -42.398  302.797 -585.467  35.4652
      10       10       10 -38.6952 -41.7215  293.409 -559.764 -4.00639
      10       10       10 -40.0267  -38.801  293.015 -536.533  17.1915
-98.5708 -98.5708  98.5708  66.7262  86.7123  86.7123 -447.135 -83.9072
      10       10       10 -34.7882 -39.0368  300.823 -547.235  15.7317
      10       10       10 -29.9077 -41.0686  322.816 -600.103 -4.36609
 -105.92   105.92   105.92  72.9198 -146.681  146.681 -567.386  13.7552
 109.269 -109.269  109.269 -137.806  80.7222  137.806 -562.131  17.3645
      10      -10       10  -19.992 -22.9963  356.737 -664.109 -3.67926
 11.2736  11.2736  11.2736 -15.7683 -42.6257  352.269 -669.261  44.0926
 11.3525  11.3525  11.3525 -8.54594 -35.2814  372.004 -721.472  -25.745
 15.3081  15.3081  15.3081 -16.3386  -41.741  422.178  -784.94  79.2696
-11.4172  11.4172  11.4172  4.47932 -16.1049  16.1049 -27.2402 -147.488
-58.1596  58.1596  58.1596 -56.4844 -125.448  125.448
