-41.8701  41.8701  41.8701  36.4062 -64.1788  64.1788 -253.343 -26.8026
 37.4878  37.4878  37.4878 -38.8951 -97.8251  436.579 -937.481  155.108
 32.6984 -32.6984  32.6984 -20.6693 -2.39352  325.437 -760.972 -12.8041
 25.5274  25.5274  25.5274 -9.55241 -66.6897  334.376 -749.239  86.0453
-15.5225  15.5225  15.5225  35.5536  -55.495  324.627  -694.37  8.20244
-10.131  10.131  10.131 31.6196 -45.034 321.465 -658.04 53.6821
     -10       10       10  33.4511 -44.3508  310.829 -633.498  9.19981
     -10       10       10  33.6858 -41.6041  299.005 -600.323   39.294
     -10       10       10  34.1653 -40.6894  284.764 -566.021 -6.56295
     -10       10       10  32.8891 -36.8694  269.898 -523.523  23.0051
      10       10       10  13.0261 -29.2394  262.591 -501.345 -88.9756
-15.5635 -15.5635  15.5635  41.8874 -12.2024  262.713 -522.658  15.9212
     -10       10       10  42.9149   -40.75  282.325 -550.738 -1.13631
      10      -10       10  28.3412 -22.5301  294.373 -578.917  15.0173
      10      -10       10  32.9398 -23.8802  306.431 -601.943  20.4303
      10      -10       10  38.3547 -23.6891  315.578 -624.874 -2.17555
      10      -10       10   43.289 -22.9333  327.542 -646.209  41.3049
      10      -10       10  51.2743 -17.4345  352.028 -695.087 -38.8717
      10       10       10  57.7379 -42.4315  410.085 -758.645  65.5921
-11.1069 -2.76059  11.1069  14.3885 -7.69898  22.3534 -59.7216 -139.831
-15.1907  15.1907  15.1907 -70.0915 -74.0297  217.069
