 80.8201  79.4712  80.8201  -101.77 -116.338  116.338 -407.887 -65.2497
      10       10       10  5.00181 -72.2842  496.638 -969.974  168.384
   60.0854 -0.0863041    60.0854   -42.8371   -36.7041     230.35   -693.775   -24.4291
      10       10       10  13.6957 -48.4368  342.073 -712.819  89.0872
      10       10       10  14.3576 -44.3615  338.983 -697.367 -2.08721
 130.982 -6.56317  130.982 -142.878 -27.7851  142.878 -634.921  27.3654
     -10       10       10  34.2104 -41.1914  334.688 -663.901   0.2985
     -10      -10       10  34.5805 -22.2702  302.111 -602.215  34.9888
      10       10       10  14.5217 -40.3539  305.381 -596.904 -7.04198
      10      -10       10  14.0409 -17.9178  280.763 -546.771  17.9161
     -10      -10       10   33.132 -11.9719  261.278 -505.202 -73.8143
     -10      -10       10  37.4204 -18.7923  278.865 -539.997  9.18844
     -10      -10       10    42.17 -22.3883  297.751 -577.978  6.38856
      10      -10       10  28.0002 -24.3092  299.432 -597.871  5.82555
     -10       10       10  50.7515 -44.4385  308.212 -611.601  37.7833
     -10       10       10  56.9314 -43.3128  306.927  -629.17 -16.2213
      10       10       10  39.5085 -42.4213  325.237 -650.745  76.2261
      10       10       10  47.2837 -31.8338  305.932 -656.849 -61.7925
      10  4.27256       10  52.2501 -45.8419  416.039 -782.803  152.235
      10      -10       10  2.81988  6.83612  27.4044 -116.025 -229.149
 46.7885  46.7885  46.7885 -126.792  -105.84  126.792
