-40.7756  40.7756  40.7756  34.5658 -61.6388  61.6388 -256.766 -19.1714
-30.1868  30.1868  30.1868  14.7173 -90.7586  435.667 -895.606  142.394
 33.4294 -33.4294  33.4294 -33.6222 -2.96111  323.137 -747.038 -14.1823
 27.7427  27.7427  27.7427 -24.1451  -69.039  332.803 -742.654  78.9658
 21.5277  21.5277  21.5277  -12.652 -60.9079  318.653 -699.442  10.3265
-19.0899  19.0899  19.0899  28.8964 -53.4656  310.702 -663.047   53.237
 14.0247  14.0247  14.0247 -1.01188 -47.4741  307.438 -637.335  9.00334
-17.6947  17.6947  17.6947  29.9273 -48.5842  298.874 -617.843  38.8925
-17.7551  17.7551  17.7551  30.8773 -49.4192    290.1  -593.02 -6.56942
 19.5943  19.5943  19.5943 -6.70186 -43.7073   286.64 -580.186  20.5125
 87.3483 -87.3483  87.3483 -93.7192  67.2808  93.7192 -417.184 -86.1512
 22.8771  22.8771  22.8771 -6.75312 -47.4915  284.112 -577.231  14.9262
      10      -10       10  13.8119 -21.9323  297.311 -573.221 -2.19035
      10      -10       10  17.8837 -22.7993  304.184 -590.192  15.6317
      10      -10       10  22.0106 -25.4048  308.529 -602.563  22.0164
     -10      -10       10  46.7544 -24.7381  317.633 -623.959 0.299748
-16.6837  16.6837  16.6837  54.8619 -49.0736  323.254 -645.195  40.8465
     -10      -10       10  57.5253 -17.6278  360.201 -698.302 -38.9493
     -10      -10       10  60.6777 -23.7708  419.641 -757.858  67.3217
 11.5274  11.5274  11.5274 -11.2203 -21.1291  21.1291 -49.9937 -142.383
 12.5089  12.5089  12.5089 -100.209 -73.6304  217.839
