-86.2996  86.2996  86.2996  56.1587  -115.28  117.117 -471.793  1.03221
-11.1199  11.1199  11.1199 -9.61347 -77.2123  495.523 -976.172  128.735
 63.1747 0.887589  63.1747 -73.4571 -35.8416   237.12 -692.605  4.85271
 26.9738  26.9738  26.9738 -32.7551 -67.2351  331.527 -736.175  67.0529
      10      -10       10 -9.21932 -26.0287  319.622 -655.061  13.5503
 27.4799  27.4799  27.4799 -31.8052 -60.9257  301.215 -651.103  39.7342
      10      -10       10 -8.23917 -23.0625  312.008 -612.712  8.35398
 21.1215  21.1215  21.1215 -21.6945 -51.3414  291.854 -594.967  26.1102
      10      -10       10 -6.82038 -20.2149  294.573 -558.066 -5.19105
      10      -10       10 -7.51226 -16.7882  274.259 -505.714  11.7676
      10      -10       10 -4.41816 -11.0568  243.303 -457.042 -81.1142
      10      -10       10 -1.53939 -18.8747  273.726 -507.327   8.5634
      10      -10       10  5.72591 -23.0736  291.336 -557.158  6.11153
      10      -10       10   10.555 -25.4568  310.016 -594.598   7.3549
      10      -10       10    18.06 -25.1321  308.914 -614.338  39.9742
     -10       10       10  43.9826 -44.4435  355.409 -693.737 -9.19326
-134.476  134.476  134.476  149.054 -160.491  160.491 -744.507  80.4043
-148.939 -148.939  148.939  171.184  129.381  171.184  -823.99 -51.4875
-198.531  23.3078  198.531  215.714 -49.5998  215.714 -1002.56  140.998
 13.0918  13.0918  13.0918 -19.7824 -19.7824  19.7824 -21.8482 -265.878
 44.1543  44.1543  44.1543  -136.64 -102.967   136.64
