 23.5972  58.0411  58.0411   1.4159 -64.1923  64.1923 -518.219  118.547
 88.1648  88.1648  88.1648 -86.5387 -157.847  157.847 -649.553  96.0133
 80.5902  21.7752  80.5902  -67.311 -41.7123  224.989 -811.153  74.3548
  93.008   93.008   93.008 -80.5882 -137.721  206.729 -801.444  60.9548
 65.2016  65.2016  65.2016 -44.0836 -97.5942  269.226 -829.759  67.4728
 152.456  67.2219  152.456 -152.196 -100.982  152.196 -854.957  42.0963
 152.713  24.3848  152.713 -152.524 -54.4062  152.524 -840.001  31.7653
  55.453 -3.12702   55.453 -34.6762 -22.9412  294.098 -777.941  42.4474
  143.39 -14.7637   143.39 -145.982 -10.9224  145.982 -747.516 -2.12947
 66.4387 -28.9158  66.4387 -53.5405  8.93733  245.857 -673.538  24.8483
 115.482 -37.5045  115.482  -117.52   21.073   117.52 -578.047 -80.3454
 143.301  -42.715  143.301 -146.344  23.4313  146.344 -703.737   16.506
 158.217  -49.938  158.217 -158.518  26.4743  158.518 -774.539 -28.5796
 160.419 -61.1808  160.419 -157.399  38.7088  157.399 -783.585   25.614
 163.265 -73.3985  163.265 -157.419  46.1577  157.419 -789.578 -30.6911
 164.733 -84.4518  164.733 -155.758  60.4003  155.758 -792.781  33.9087
 167.738 -82.8338  167.738 -155.603  45.5827  155.603 -795.107 -49.9065
 172.908 -27.2854  172.908 -157.669  1.52547  157.669 -819.314  55.9431
 255.706  123.523  255.706 -238.308 -208.899  238.308 -1142.52 -108.408
 245.196  245.196  245.196 -216.882 -278.548  408.061 -1321.42 -40.9253
 -64.114   64.114   64.114 -14.4875 -115.275  115.275
