 -17.623  -17.623   17.623 -5.28238 0.955668  353.373 -732.844  91.0251
-6.18374 -12.7835  12.7835 -22.9168 -54.5549  378.736 -703.546  19.3976
 33.5041 -31.9621  33.5041  -46.916  11.6689  292.939  -684.89  47.3276
      10  6.43409       10  -19.974 -35.3812  314.787 -623.655  4.51158
      10       10       10  -15.311 -29.7601  311.482  -625.07  31.9088
      10       10       10 -13.4073 -32.0426  309.512 -614.095   12.372
      10       10       10  -10.301 -31.0465  310.007 -615.836  19.4534
      10       10       10 -7.42179 -31.8146  309.401 -614.921  22.4743
      10       10       10 -5.39081 -33.5693  307.096 -606.525  3.84646
 11.1746 -11.1746  11.1746 -3.41209 -12.4208  290.953 -584.076  24.5288
 98.5198 -12.8966  98.5198 -106.978 -8.65974  106.978 -524.956 -73.0232
  13.575  -13.575   13.575  -1.5997 -10.2489  287.064 -581.626  28.7774
      10 0.917198       10  4.43689 -26.4817   308.57 -601.899 -7.78617
     -10  2.09831       10  27.9346 -24.4931  308.322 -605.607  34.6169
     -10  4.60228       10  29.3849 -29.1385  311.946 -603.381  -7.6248
     -10  3.20236       10   33.245 -22.3071  308.499  -603.89  36.3243
     -10      -10       10  32.8758  -16.922  308.856 -584.854 -22.6197
     -10       10       10  39.9254 -20.3467  306.332 -606.246    40.24
     -10      -10       10  30.6723 -39.2781  328.756 -564.705  -60.749
      10      -10       10  13.0734 0.598675  287.738 -508.904 -38.8452
     -10       10       10 -72.2098 -57.0884  201.658
