-97.9063 -97.9063  97.9063  32.0574   81.675  410.327 -1085.03  96.4272
 57.7272 -57.7272  57.7272 -94.0272  5.00493  396.611 -1020.46  70.4834
 38.5386 -38.5386  38.5386 -47.7554  22.3209  286.201 -796.724  85.3149
      10      -10       10 -21.8436 -15.1814  312.935 -660.656  22.8176
     -10      -10       10 0.248882 -9.41912  325.499 -670.476  36.5417
 132.828 -20.5359  132.828 -166.181 -1.26327  166.181 -761.886  7.29468
 144.348 -13.4829  144.348 -177.122 -8.36496  177.122 -816.219  6.75197
 144.198 -15.7289  144.198 -174.264 -8.11968  174.264 -801.638  18.5004
 143.623 -15.4801  143.623 -172.543 -8.93394  172.543 -777.497 -14.0838
 131.672 -15.6083  131.672 -157.452 -7.59159  157.452  -692.71  15.2454
 109.637 -8.94894  109.637 -128.834 -10.1863  128.834 -568.647  -94.831
 70.0939 -70.0939  70.0939 -74.9584  44.6156  229.142 -630.796  27.9484
 147.917  10.0654  147.917 -164.297 -38.3965  164.297 -773.867 -14.8494
 153.679  17.2942  153.679 -161.805 -44.8316  161.805 -826.075  41.7466
 121.583  36.0255  121.583 -119.639 -67.9936  204.164 -800.777   10.668
 78.0507  78.0507  78.0507 -58.8726 -104.257  245.971 -775.872  59.0825
 -103.32  56.8202   103.32  115.579 -89.4742   213.73 -767.283  12.0061
 -85.313 -17.1119   85.313  120.541  5.50683  242.944 -851.792   75.507
-74.9144 -119.457  119.457  86.0334  86.0334  86.0334 -625.166  5.50039
-39.7337 -54.4656  54.4656  66.4348  66.4348  66.4348 -433.215 -12.2628
      10  1.89398       10 -83.8316 -27.5969  192.565
