 21.9283  21.9283  21.9283  5.62485 -25.7443  25.7443 -312.009  138.261
 74.5594  74.5594  74.5594 -79.7359  -132.56   132.56 -534.303  63.3919
-84.6502  21.4205  84.6502  83.9406 -39.0483  217.576 -778.463  64.5994
-68.9288  68.9288  68.9288  74.1396 -108.898  241.282 -761.737  42.3467
-31.6833  31.6833  31.6833  45.6894 -62.7066  290.014 -726.888  61.9766
 19.5664  19.5664  19.5664 -2.04596 -50.6157  318.634 -730.095  43.4156
  145.58  35.8894   145.58  -154.23 -67.3486   154.23 -805.469  30.2146
 157.509  11.0842  157.509  -167.12 -39.0531   167.12 -856.472  33.1341
 146.451 -1.29416  146.451 -155.915 -27.2322  155.915 -776.985 -1.60728
 31.8073 -31.8073  31.8073 -17.6439   9.9669  307.579 -686.649   36.019
 129.408 -11.6636  129.408 -140.442 -8.13628  140.442 -652.308 -94.2278
 36.2711 -36.2711  36.2711 -23.6097  16.4062  286.854 -637.517  36.6794
 49.6826 -49.6826  49.6826 -36.8147  25.4217  279.472 -662.984 -30.2366
 147.169 -44.3626  147.169 -154.301  22.2706  154.301 -723.895  36.1948
 98.7371 -98.7371  98.7371 -89.4991  71.6509   233.08 -726.316 -42.4174
 156.128 -81.3305  156.128 -158.971   58.804  158.971 -754.128  51.9603
 161.404 -82.2952  161.404   -159.4  45.5601    159.4 -775.515 -77.2381
 166.497 -31.8288  166.497 -165.462  5.72664  165.462 -783.947  86.4332
 248.989  137.968  248.989 -248.723 -221.822  248.723 -1124.82 -177.327
 288.619   273.66  288.619 -304.918 -304.918  304.918 -1232.19  21.4412
-67.9391  67.9391  67.9391  -15.765 -114.158  114.158
