 10.1619 -10.1619  10.1619 -65.9231 -11.5923  376.147 -694.656  94.2938
      10      -10       10 -66.6277  -51.716  403.715 -741.771 -3.84362
 41.8925 -41.8925  41.8925 -76.8348  21.1108  272.354 -686.951  58.6774
     -10      -10       10 -22.7267  -17.993  316.008  -615.44 -3.43417
      10       10       10 -37.7668 -30.1223  308.659 -607.104  30.1313
      10       10       10 -35.1153 -32.8033  306.434 -598.014  12.6747
 19.6748  5.73924  19.6748 -44.0766 -26.4285  314.501 -648.017  14.2342
 123.194  -1.9998  123.194 -163.359 -20.1021  163.359 -701.888  19.9217
 39.3068 -2.71633  39.3068 -61.2459 -21.4337  293.826  -672.82  -4.6364
  46.902 -7.73202   46.902 -66.4531 -19.9317  261.214 -636.207  36.0173
 121.921 -16.8019  121.921 -151.962 -7.34795  151.962 -677.563 -85.9554
 135.801 -15.3301  135.801 -166.501 -11.9442  166.501  -748.38  38.4754
 144.964 -7.92808  144.964 -175.148 -18.4246  175.148 -790.875 -17.0461
  140.75  4.33822   140.75 -167.178 -27.9384  167.178 -762.058  41.7493
 55.0365  22.8483  55.0365 -64.0965 -49.3988  275.756 -678.677 -11.1895
 10.3812 -10.3812  10.3812 -6.26728 -10.6753   312.64 -612.254  52.2434
 26.2875  26.2875  26.2875 -27.5102 -53.4516  290.304 -597.642  -27.752
 10.2952 -10.2952  10.2952  2.14081 0.546487  325.249  -648.08  63.2922
-57.7028 -57.7028  57.7028  51.2487  24.4381  204.916 -518.839  -65.291
 68.8797 -68.8797  68.8797 -71.5112  65.3272  75.5861 -364.037  17.3711
      10  -6.8226       10  -90.921 -38.9455  187.587
