      10      -10       10 -15.5212 -1.76894  201.618 -488.445   109.94
 21.7837  21.7837  21.7837 -53.7063 -81.8237  302.149 -594.956  20.6046
 37.1411 -26.7433  37.1411 -55.5232  9.95934  284.852 -696.477   50.021
 16.5394  16.5394  16.5394  -32.167 -44.8799  304.755 -638.309  8.18019
 -10.1066   10.1066   10.1066 -0.341188  -29.9873   311.039  -633.887   35.5303
      10       10       10 -18.3376 -32.4857  308.555 -622.881  18.1331
     -10       10       10  3.95029 -31.4661  310.119 -623.147  19.4651
      10       10       10 -13.2233 -32.3877  308.998 -621.746  29.3691
      10  6.69031       10 -11.0057 -30.8612  309.675 -620.361 -1.18172
      10 -5.84883       10 -7.63024 -20.2776  290.497  -587.76  37.3713
      10      -10       10 -4.91855 -13.9726  271.043 -553.862 -77.9469
 10.0701 -10.0701  10.0701 -3.97446 -15.6012  291.005 -582.109  42.2488
     -10      -10       10  16.8294 -14.4993  310.961  -606.43 -18.2219
 14.8678 -14.8678  14.8678 -6.74301 -5.33519  305.293 -608.674  41.8743
 17.9329 -17.9329  17.9329 -10.0137 -4.67774  302.896 -599.608 -24.6575
-19.1106 -19.1106  19.1106  28.7902   3.0722  300.778 -595.354  41.4117
-19.8311 -19.8311  19.8311  27.5699 -5.53644  294.551 -560.188 -54.8451
      -10       -10        10   21.9124 -0.412482   308.421  -552.757    47.514
     -10       10       10  15.1446 -65.1581  395.593 -619.697 -133.265
 -16.472   16.472   16.472  22.9456 -31.5419  364.252 -590.766  11.3611
-12.6432  12.6432  12.6432 -68.9885 -57.2238  195.033
