 16.5071  16.5071  16.5071  20.9719 -20.9719  20.9719 -343.442   148.83
-70.5998  70.5998  70.5998  72.0163 -140.321  140.321 -614.105  103.865
 19.7672  9.04705  78.6651 -17.1322 -32.0088  231.187 -851.326  99.7292
 123.783  123.783  123.783 -127.686 -172.991  172.991 -872.171  63.0401
 97.2737  97.2737  97.2737 -96.5423  -133.02  229.054 -873.037  75.8883
  147.59    62.66   147.59 -159.321 -98.7811  159.321 -864.485  46.2038
 153.345  18.9342  153.345 -167.851 -48.9098  167.851 -869.866  34.1673
 152.149 -7.46365  152.149 -169.032 -20.8174  169.032 -833.451   33.788
 149.667 -25.5943  149.667 -168.557 0.255072  168.557  -792.97 -7.71949
 138.312  -40.396  138.312 -158.319  17.2783  158.319 -704.701  18.6795
 123.837 -51.3259  123.837 -142.529  33.0016  142.529 -612.552 -102.452
 124.561 -54.5747  124.561 -139.533  33.3792  170.258 -665.751  18.9129
 149.746 -59.8276  149.746 -163.386  36.7011  163.386 -743.453 -33.6282
 155.215 -64.3208  155.215 -163.593  42.4541  163.593 -775.857  29.6636
  158.43 -71.0094   158.43 -161.054  45.1746  161.054  -793.93 -19.7147
 161.648 -72.2226  161.648 -158.711  49.6761  158.711 -813.039  48.2399
 166.647 -58.8858  166.647 -156.942  25.5664  156.942 -839.283  -21.346
 112.201  19.4379  223.853 -108.829 -45.5894  108.829  -927.89  82.7071
 232.174  206.363  232.174 -208.698 -285.294  299.056 -1256.45 -85.6236
 294.192  294.192  294.192 -297.775 -339.007  339.007 -1339.67 -38.7799
-57.5193  57.5193  57.5193 -21.5561 -120.896  120.896
