     -10      -10       10 -49.6044 -8.86123  260.679 -555.514  83.2971
     -10      -10       10 -96.2811 -49.4399  421.343  -646.72 -27.4822
-1.79779 -5.22534  72.2522 -66.9022 -16.2204  214.119 -695.484  37.6579
      10      -10       10 -72.2779 -18.3034  318.348  -603.67 -15.9409
      10      -10       10 -64.5064 -10.4748  303.844 -586.033  27.1659
      -10 -0.553952        10  -41.5077  -21.2801   305.202  -583.381   2.99752
     -10      -10       10 -37.3423 -10.4535  305.782 -586.729  13.9595
      10  2.46733       10 -53.1108 -24.2747  304.672  -589.12  20.2548
      10       10       10 -49.8087 -33.7555  305.705 -590.648 -1.66118
      10       10       10 -42.4689  -36.094  282.099 -555.949  29.6874
 17.0478 -6.11962  17.0478 -40.0759 -17.9831  230.465 -504.922   -69.06
      10      -10       10 -36.2745 -15.8427  283.559 -554.882  34.6612
      10       10       10 -36.7865 -35.3137  308.039 -589.444 -9.62869
      10       10       10 -33.3656 -32.2922  307.842  -588.27  35.5519
      10      -10       10 -30.8155 -13.7139  308.953 -582.788 -6.17047
     -10  9.71439       10 -7.41511 -28.5956  310.716 -587.584  34.8202
      10      -10       10 -25.4269  -16.359  305.298  -565.63 -15.8771
      10 -9.20261       10  -18.236 -1.13777  311.961 -599.854  39.6907
      10      -10       10 -26.8148 -38.1439  324.991 -554.022 -37.1846
    -10     -10      10 3.69256 2.54001 311.081 -566.89 1.58499
      10      -10       10 -65.7759 -38.7418  126.781
