     -10      -10       10 -9.09867  -3.9702  250.525 -539.479  93.4877
      -10 -0.850001        10  -31.2179  -62.3957   348.593  -619.178   8.07271
 35.6906 -27.6492  35.6906 -61.2625  8.99144  285.225 -674.736  48.8723
      10       10       10 -32.1998 -38.4928  311.632 -612.953   1.7545
      10       10       10 -27.5771 -29.9194  309.866 -619.894   34.655
 18.7032  4.51924  18.7032 -36.4475 -26.0789   316.49 -657.686  14.5487
 133.321 -1.41746  133.321 -169.648 -18.4386  169.648 -752.807  12.0489
 133.898 -1.30117  133.898 -167.853  -19.755  167.853 -750.424  19.8016
 16.4616  5.76307  16.4616 -25.8914 -28.8997   318.43 -655.569  1.23977
     -10      -10       10  5.64893 -15.9103  285.645 -575.559  35.3886
      10      -10       10  -10.498  -13.533  255.966 -528.104  -70.958
      10      -10       10 -11.5814 -15.5218  286.432 -569.084  37.6693
      10      -10       10 -11.6861 -14.5141  309.481 -599.239 -14.1578
     -10      -10       10  10.0815 -10.7969   309.71   -596.3  37.1316
      10      -10       10 -9.32677 -13.0073  310.075 -586.548 -16.5609
      10      -10       10 -6.69492 -6.74533  309.591 -586.735  37.8893
      10      -10       10 -7.97939 -15.4829   305.92  -558.96 -38.0583
      10      -10       10 -3.44663 -0.10551  313.609 -583.021  44.5898
     -10       10       10  6.78203 -62.6731  362.044 -592.495 -94.0512
       10        10        10  -10.4309  -23.8536   340.783  -559.615 -0.579684
      10       10       10 -95.1554 -57.5416  196.599
