-94.4459 -94.4459  94.4459  13.2444  76.6355   398.12 -1041.72  94.5838
-74.7708 -74.7708  74.7708  14.4579  24.2575  391.386 -1039.64  31.2073
 44.8523 -44.8523  44.8523 -65.2313   29.171  269.769  -796.64  84.3839
      10      -10       10 -31.7841 -15.4706  312.663 -655.629  14.2929
      10      -10       10 -29.5961 -9.84638   326.81  -668.98  33.5488
  127.33 -27.2634   127.33 -167.936  5.72255  167.936 -756.297   5.2484
 139.671 -16.6105  139.671 -179.935 -4.85918  179.935 -818.019  4.43979
  140.45 -15.7855   140.45 -177.313 -8.19503  177.313 -810.489  20.0976
 140.423 -16.6279  140.423 -174.793 -8.46133  174.793   -793.3 -14.1294
 132.347 -19.5183  132.347 -162.664 -5.81364  162.664 -731.059  27.2143
 124.504 -19.4332  124.504 -149.202  -1.9567  149.202 -681.466 -99.4123
 136.216 -14.0345  136.216 -159.784 -13.2479  159.784  -742.26   36.971
 148.772  -2.4904  148.772 -169.626 -27.4281  169.626 -812.451 -15.4412
 152.459  10.4729  152.459 -167.334 -38.9297  167.334 -841.755  50.2696
  155.48  30.6804   155.48 -168.571 -61.7194  168.571 -847.412 -2.05596
 154.511  39.8754  154.511 -160.857  -64.497  160.857 -853.012  57.7323
 130.712  22.1767  130.712 -133.268 -51.8718  193.594 -805.095 -10.4424
 86.1359 -69.1006  86.1359 -62.8711  60.3634   233.54 -815.358  80.7677
-20.1592 -105.349  105.349  24.6298  79.7098  79.7098 -554.691 -12.6777
 32.5593 -32.5593  32.5593 -7.32458  44.0637  44.0637 -338.878   27.859
      10  -9.3681       10  -78.356 -18.7939  180.402
