  10.568  -10.568   10.568  10.6586  1.90375  10.6586 -170.898   81.946
      10      -10       10  -43.179 -40.6469  181.578 -328.431  9.93664
-31.0217 -31.0217  31.0217 -16.0376  19.4624  279.983 -638.439  36.0895
      10       10       10 -52.3102 -40.9588   302.74 -596.262   12.747
      10      -10       10 -52.5427 -11.8877  326.198 -644.803   30.714
 118.428 -13.7101  118.428 -175.874 -14.2567  175.874  -692.02  12.9332
 129.082 -4.25519  129.082 -188.029 -22.2138  188.029 -752.116  11.2157
 130.727  1.93996  130.727 -185.636 -29.7649  185.636 -758.247   27.081
 131.793  8.37606  131.793  -182.25 -35.7112   182.25 -762.813  -2.0153
 121.825  13.3394  121.825 -162.869 -38.1286  162.869 -705.291  41.3108
      10  7.62418       10  -29.466 -26.1931   306.35 -634.797 -58.0619
      10      -10       10 -29.2096 -11.1695  309.998 -630.973  56.8881
  127.797  -26.3364   127.797  -171.046 -0.596843   171.046  -702.446  -27.4585
 134.954 -60.1769  134.954 -182.037  39.0834  182.037 -728.695  49.4325
 134.755 -85.8676  134.755 -181.543  58.8845  181.543 -710.361 -53.1972
 133.747 -118.966  133.747  -183.31  101.989   183.31 -687.297   61.484
 132.355 -111.546  132.355 -177.912  79.3791  177.912  -665.48 -109.571
 136.234 -29.8159  136.234 -194.985   11.259  194.985 -656.549  86.5037
 180.855  180.855  180.855 -252.876 -267.015    298.8 -942.697 -235.815
-122.585  284.949  284.949  2.66276 -320.508  320.508 -1194.71  39.3927
-10.0378  10.0378  10.0378  -103.64 -44.0144  194.078
