 54.3469 -54.3469  54.3469 -142.725  33.0047  435.778 -970.255  93.0452
 44.0099 -44.0099  44.0099 -114.551 -9.15647  437.298 -1026.55  35.7951
-49.5716 -38.0888  49.5716  27.2616  27.3486  243.396 -839.363  94.4036
      10      -10       10 -42.4176 -16.3677  321.834 -675.649  15.1908
      10      -10       10 -36.7917 -10.3489  302.802 -629.637  36.4656
 10.7165 -10.7165  10.7165 -38.9751 -12.8738  325.517 -645.434  12.4502
  124.521  -22.0523   124.521  -170.866 -0.778921   170.866  -744.724   4.30159
 135.839 -19.3623  135.839 -182.492 -4.17068  182.492 -795.894  14.3176
 136.006 -17.9195  136.006 -179.965 -8.01254  179.965 -777.637 -17.6041
 129.182 -18.3098  129.182 -168.796  -7.0265  168.796 -718.238   23.181
 122.381 -16.7725  122.381  -156.35  -4.6902   156.35  -669.62  -102.29
 119.232 -8.62439  119.232 -148.396 -19.2139  185.737 -722.536  35.5628
 143.948  4.01027  143.948 -172.632 -34.9937  172.632 -795.211 -16.5422
 147.157  20.9174  147.157 -169.345 -50.4839  169.345 -823.699  49.8304
   130.911     44.971    130.911   -146.627   -77.6319    194.711   -815.372 -0.0240364
 49.9929  55.0103  138.464 -59.1755 -80.6371   180.34 -843.503  61.8696
-17.1254  26.8055  144.214  6.25254 -56.7564  176.023 -827.351 -5.82248
-92.2008 -92.2008  92.2008  112.444  84.7764  216.903 -839.215  94.9866
-66.9245 -99.9761  99.9761  74.3333  74.3333  74.3333 -572.521  12.1004
-19.7757 -35.3561  35.3561  46.7598  46.7598  46.7598 -374.212   36.816
     -10      -10       10 -49.7717 -11.1843   155.36
