-82.3489 -82.3489  82.3489 -9.59446  61.1084  413.849 -1012.77   81.976
-67.2363 -67.2363  67.2363 -4.08448  14.0266  406.456 -1043.72  15.7592
 -49.892 -36.3824   49.892  26.0971  23.0763  250.618 -825.354  90.9714
     -10      -10       10 -21.3388 -17.0429  321.076 -662.326  6.72872
     -10      -10       10 -16.9066 -10.0344  306.293 -620.988  31.8973
     -10      -10       10  -16.871 -13.7678  307.727 -595.086  7.93419
 10.0443  10.0443  10.0443 -34.3423 -34.8314  307.874 -588.404  9.57162
 -11.249   11.249   11.249 -10.7092 -37.5939  308.637 -586.684  21.7876
 39.1463  3.82191  39.1463 -64.0356 -31.1426  278.712 -620.264 -14.1819
 74.3967 -8.07401  74.3967 -102.954 -17.9256  225.822 -635.916  26.4493
 120.131 -15.3029  120.131 -153.114 -5.56753  153.114   -659.2 -104.742
 133.674 -12.4944  133.674 -165.068 -14.3276  165.068 -738.671  35.9619
 145.177 -0.21044  145.177 -173.415 -29.9074  173.415 -808.876 -18.4837
 148.809  16.8357  148.809 -170.887 -45.6238  170.887 -839.942  52.6548
 151.798  39.4106  151.798 -171.813 -70.9844  171.813 -848.226 -4.00521
 152.016  46.7879  152.016 -164.716 -71.7489  164.716 -863.119  62.8656
 143.238  20.1512  143.238 -154.634 -49.3897   177.64 -833.033 -10.1857
  94.257  -94.257   94.257 -76.2899  86.0564  221.922 -852.959  95.0211
-47.1038 -101.579  101.579  52.4634  77.5483  77.5483 -579.445  5.46442
 23.3537 -23.3537  23.3537  5.94905  31.3902  31.3902 -329.925  56.0015
     -10      -10       10 -51.6375 -15.2428  161.944
