     -10      -10       10 -19.3237 -4.85896  174.576 -436.223  103.149
-21.3603 -21.3603  21.3603 -65.4429  -35.063  358.287 -539.331   -31.94
-66.2467 -12.1505  66.2467  4.09756 -6.65261  224.089  -662.07  25.7608
     -10      -10       10 -45.4526 -18.4893  319.285 -586.166 -21.1573
      10      -10       10 -58.4442 -10.3183   305.62 -582.368  22.8524
     -10      -10       10 -35.6716 -11.8173  306.555 -585.059    2.683
      10      -10       10  -51.735  -10.755  307.457 -598.884  12.5916
      10       10       10 -47.7455 -32.3512  306.344 -609.592  24.8065
     -10       10       10  -24.338 -34.1517  308.471  -621.94  -1.5635
      10  8.13808       10 -37.1681 -34.9042  287.569 -601.981  41.7334
       10 -0.406245        10  -29.0817  -23.7834   260.063  -573.242  -71.7896
     -10 -2.88323       10 -13.4855   -23.43  289.091 -595.265   47.373
      10      -10       10 -35.7004 -14.3088  309.463 -610.116 -13.5514
      10      -10       10  -34.836 -10.5096  308.782 -596.523  42.4398
      10      -10       10 -35.2576 -12.4755  309.985 -578.134 -19.3092
      10      -10       10 -33.7084 -6.93693  309.304 -570.299  37.2933
      10      -10       10 -34.8212 -15.2223  303.309 -531.707 -44.2186
       10       -10        10   -32.126 -0.414489   308.761  -546.061   38.8717
      10       10       10 -48.2123 -60.8928  379.231 -567.254 -106.861
      10       10       10 -36.6571  -22.071  361.572 -593.238  31.7282
      10      -10       10 -64.8313 -37.4044  141.685
