      10      -10       10 0.926384  1.07835  25.5069 -339.557  127.976
  15.777 -12.5163   15.777 -93.2999 -37.4555   323.28 -448.859 -7.76327
 64.0019  6.49687  64.0019 -120.917  -24.509  211.431  -662.35  20.4861
      10      -10       10 -63.4976 -20.7269  322.664  -608.07 -11.4301
      10      -10       10 -54.9764 -13.7669  307.113 -608.657  25.2959
      10       10       10  -51.825  -36.181  307.618 -610.098  9.57053
      10       10       10 -47.8993 -34.8038  308.414 -619.079   14.976
      10 0.458285       10  -43.605 -24.8748  306.904 -623.406  28.2478
      10      -10       10  -39.944 -14.2363  308.332 -630.735 -1.34637
     -10      -10       10 -12.7215 -14.5067  288.138 -610.186   43.732
      10      -10       10 -25.3336 -10.7885  264.675 -585.456 -71.7272
      10      -10       10 -28.0476 -13.6373  289.873 -605.539   50.492
 12.6141 -12.6141  12.6141 -33.2315 -11.3881  306.856  -619.68 -16.6859
 15.7708 -15.7708  15.7708 -35.9035 -4.95921  302.786 -609.282  46.2743
 4.00071 -24.2109  24.2109 -25.8479  0.18764  293.212 -596.339 -27.4598
 5.63554 -26.3552  26.3552  -27.737  8.34729  291.329 -582.014  41.7612
 17.9246 -17.9246  17.9246  -40.415 -11.0742  295.384 -525.246 -68.0251
 10.3274 -10.3274  10.3274 -33.8663 -5.33694  313.601 -504.423  37.7279
 17.7223  17.7223  17.7223 -59.3792 -83.6372   451.02 -656.989 -179.104
 30.4238  30.4238  30.4238 -70.3353 -47.3584  489.893 -783.535  26.1368
     -10       10       10 -39.7121 -52.0089   130.14
