 31.4412  31.4412  31.4412 -2.68939 -34.9563  34.9563 -367.155  133.903
 82.3881  82.3881  82.3881 -79.2681 -143.579  143.579 -605.599  82.4126
 86.0309  27.5806  86.0309 -69.5653 -44.6348  240.004 -875.696  89.1761
 121.538  121.538  121.538 -112.266 -165.586  165.586 -829.247  57.9022
  50.732   50.732   50.732 -24.5419 -79.6237  299.575 -845.922  74.6292
 150.248  43.6585  150.248 -148.779 -76.0983  148.779 -842.371   40.859
 150.363  15.8884  150.363 -150.362 -43.4938  150.362 -822.766  31.8481
 22.2645 -3.53881  22.2645  2.77582 -22.2747  316.508 -702.669  38.3414
      10      -10       10  14.0389 -15.3404   311.08 -626.155  1.28726
 21.5343 -21.5343  21.5343 -3.30302 -1.73081  277.218 -573.748  27.5941
 51.7255 -29.3818  51.7255 -40.8331  11.1012  236.378 -577.016  -94.795
 134.947 -33.3009  134.947  -139.63  10.0415   139.63 -650.504  21.4709
 88.4482 -42.4126  88.4482 -74.0291  19.0536   249.34 -722.547 -32.0343
 155.321 -52.0965  155.321 -153.239   28.925  153.239  -754.58  27.9841
 163.277 -65.8332  163.277 -157.359  39.5929  157.359 -792.467  -32.495
 165.249  -80.065  165.249 -155.821  57.1554  155.821 -801.101  37.9954
  165.06 -83.4306   165.06  -151.08   49.079   151.08 -797.632 -43.4788
  175.16   -36.01   175.16 -156.972  10.7432  156.972 -849.977  69.8465
  186.02  97.3554  229.888 -156.416 -174.024  280.672 -1184.17 -105.801
 273.876  273.876  273.876 -261.386 -304.983  304.983 -1242.26 -11.8857
-70.3401  70.3401  70.3401  -12.418 -123.168  123.168
