 52.9273 -52.9273  52.9273 -144.197  31.9416  442.721 -982.247  91.0168
 42.3463 -42.3463  42.3463 -116.418 -10.9397  447.134 -1034.74  35.5715
-51.3691 -36.8482  51.3691  27.2532  26.0749  240.848  -842.99   93.859
      10      -10       10 -43.4107 -16.0009  320.245 -673.892   15.341
      10      -10       10 -37.7771  -10.116  301.797 -628.046   36.627
 10.5131 -10.5131  10.5131 -39.9218 -12.7668  326.014 -644.511  12.3956
 124.157 -21.3681  124.157 -171.345 -1.27213  171.345 -745.039  3.56514
 135.421 -19.7703  135.421 -182.867 -3.33326  182.867 -795.623  14.2986
 135.236 -18.7619  135.236 -179.602 -6.59532  179.602 -775.778 -18.2845
  127.34 -20.0597   127.34 -166.634 -4.67331  166.634 -711.333  23.6514
 119.248  -17.842  119.248 -152.285 -3.30848  152.285 -656.419 -101.015
 119.329  -11.034  119.329 -148.396 -16.2786  179.983 -715.302  35.2925
 143.352  2.35341  143.352 -172.019 -32.8195  172.019 -792.651 -17.0364
 147.035  20.1621  147.035 -169.189 -49.4648  169.189 -822.987  49.5473
 131.549  44.3311  131.549 -147.214 -76.8293   194.14 -815.938 0.629954
 50.3831  55.8443  139.428  -59.468 -81.6431   179.77  -844.56  60.6525
-17.9754  30.2993   146.01  7.18717 -60.3548  174.911  -829.62 -3.89312
-89.4653 -89.4653  89.4653  110.811  81.5027  223.709 -839.946  90.2215
 -69.387 -102.731  102.731  76.2599  76.2599  76.2599 -577.994  15.1101
-21.7284  -37.142   37.142   49.145   49.145   49.145 -384.193   30.873
     -10      -10       10 -49.1712  -10.858  152.087
