 33.1411  33.1411  33.1411 -24.1172 -43.1141  66.0471 -362.032   110.06
 34.9661  34.9661  34.9661 -61.0492 -90.4306  232.517   -511.5  29.8582
  40.884 -23.9719   40.884 -55.2368  8.70161   299.23 -749.014  48.5615
 135.595  27.2337  135.595 -169.258 -57.8601  169.258 -781.285  8.47489
 135.228  12.9691  135.228 -164.702 -36.0664  164.702 -777.826  30.7244
      10       10       10 -14.8777 -35.8255  330.006 -674.281  23.7472
      10       10       10 -12.8927 -35.1189  310.186 -631.992  23.1444
      10  6.05769       10 -11.2999 -30.6336   309.79 -627.351  30.7733
      10      -10       10 -9.18938 -14.5078  308.819 -623.453 -0.11431
      10      -10       10 -6.12374 -13.7647  288.807 -590.864  38.2061
      10      -10       10 -3.75199 -10.3519  269.435 -557.562 -72.2546
 10.4983 -10.4983  10.4983 -3.89407  -11.948  289.759  -586.58  43.2212
 19.7648 -19.7648  19.7648 -14.9351 -4.02924  299.828 -619.204 -21.4457
 31.6479 -31.6479  31.6479 -28.0313  11.3847   288.57 -627.789  42.6616
 42.3911 -42.3911  42.3911 -40.6644  18.0512  277.841  -626.14 -33.7464
 48.5435 -48.5435  48.5435 -47.6473  30.6331  270.331 -619.985  43.8274
 45.8761 -45.8761  45.8761 -46.1655  15.8051  263.783 -574.407 -72.8948
  26.476  -26.476   26.476 -25.1606  8.97656  295.503 -547.514  53.1722
 25.6819  25.6819  25.6819 -25.9765 -96.1957  452.079 -743.174 -171.971
 57.5042  57.5042  57.5042 -64.6846 -77.9789  451.195 -811.911  15.6056
-16.7492  16.7492  16.7492  -70.852 -59.0733  201.162
