 20.9044  20.9044  20.9044  -6.6571 -29.8647  43.3383 -264.241  102.672
 15.5196  15.5196  15.5196 -38.5379  -72.718  247.578  -442.76  14.1128
 31.0075 -22.7522  31.0075 -46.3385  8.02686  287.686 -650.856  37.1664
      10       10       10 -19.2531 -41.9722  310.119  -616.45  11.2498
      10       10       10 -15.9813 -33.8576  309.784 -624.227  33.2278
     -10       10       10  5.82869  -36.979  308.908 -617.976  19.9234
     -10  3.69299       10  8.19844 -29.1567  310.849 -622.534   19.198
     -10       10       10  10.9486 -35.4904  309.887 -624.307  30.7813
      10       10       10 -5.92663 -35.3193  308.275   -626.6  2.21327
      10 -8.77903       10 -1.92457 -13.7254  289.728 -601.889  41.2879
        10        -10         10 -0.0837592   -8.27189    273.158   -572.482   -64.9144
      10      -10       10 0.318357 -11.3726   289.69 -592.591  46.8599
 12.0872 -12.0872  12.0872  -3.2533 -13.1052  305.937 -608.555 -21.1539
 29.1713 -29.1713  29.1713 -23.9115  7.55948  290.284 -618.781  44.6079
 53.5695 -53.5695  53.5695 -53.1028  26.8292  266.856 -632.492 -41.3643
 80.1001 -80.1001  80.1001 -85.9542  61.0567  250.495 -662.638  44.3182
  141.58 -116.414   141.58 -159.614  84.3736  159.614 -663.534 -93.2393
 146.831   -64.09  146.831 -170.768  45.4146  170.768  -663.12  57.9376
 106.505  90.5519  106.505 -115.586 -163.987  379.137 -872.805  -190.48
-179.097  179.097  179.097  145.943 -203.423  374.433 -1006.98  24.4548
      10       10       10 -93.6216 -49.7196  199.543
