 -41.317  -41.317   41.317 -47.2161  19.2369  400.578 -852.869  76.3271
-34.4312 -34.4312  34.4312  -57.756 -25.9298  446.486 -876.747 -27.9977
-61.0693 -20.3473  61.0693  14.9557  2.13909  232.168 -751.397   59.703
 -12.886  -12.886   12.886 -33.9719 -16.3084  316.345 -624.154 -12.5747
     -10      -10       10 -29.7982 -11.5389  305.654 -597.253  28.1219
     -10       10       10 -28.1015 -34.2063   306.86 -586.342  2.93409
      10   2.8024       10 -43.9906 -26.3603  306.933 -590.258  13.0351
     -10       10       10 -20.8275 -34.2193  307.825 -590.598  21.6164
 17.9958 -2.02711  17.9958  -46.969 -22.8663  299.761 -603.571 -5.80049
 45.2783 -6.34001  45.2783 -74.9054 -19.1726  255.271 -620.052  29.8982
 108.244 -12.7686  108.244 -142.025 -8.92872  142.025 -647.215 -87.1707
 127.706 -8.85998  127.706  -165.83 -16.9478   165.83 -746.728  32.9741
 138.055   1.6152  138.055 -175.568  -29.814  175.568  -799.65  -12.802
 120.036  10.9019  120.036 -148.686 -37.3181  207.209 -809.604   43.415
 141.223  23.7344  141.223 -172.598 -52.9878  172.598 -802.894 -2.13224
 113.812  29.3106  113.812  -133.94 -52.3912  209.254 -793.741  45.7048
 92.8722  13.3597  92.8722 -109.909 -42.4163  227.486 -730.474 -6.84868
 57.4315 -57.4315  57.4315 -53.7814  48.3824  262.952 -738.504    59.57
 2.21038 -119.107  119.107 -18.8581  90.5271  90.5271 -568.837 -13.0334
  66.567  -66.567   66.567 -56.8665   71.072   71.072  -456.11  26.2465
     -10      -10       10 -48.3215 -29.0819  145.073
