 10.0506 -10.0506  10.0506 -40.1257 -7.24891  323.172 -669.797  108.953
      10      -10       10   -50.64 -53.5676  373.378 -695.187  17.5128
 35.6418 -29.1119  35.6418 -59.4312    10.07  286.148 -691.392  56.4978
 10.7596  10.7596  10.7596 -31.1217 -38.2923  310.786 -622.333  3.16751
 10.3932  10.3932  10.3932 -26.0494 -29.2471  309.747 -622.756  33.8385
 10.2484  10.2484  10.2484 -23.2228 -31.4811   308.54  -613.32  13.6642
 10.2716  10.2716  10.2716 -19.8799 -30.7182    309.6  -614.63  18.4117
      10       10       10 -16.2475 -31.7614  309.419 -612.826  26.0675
     -10  8.85149       10  6.57925  -32.358  309.764  -610.59 -1.23468
      10 -1.25815       10  -9.1782  -24.054  286.654 -572.359  32.8704
 10.0853 -8.25866  10.0853 -5.24089 -15.1144  255.634 -521.771 -75.8011
      10 -7.87417       10 -3.70999 -17.8504  286.641 -568.479  37.5324
      10 -1.58346       10 -1.78632 -23.8603   310.68 -603.288 -13.1534
     -10 -3.11956       10  21.5859  -18.831   310.74 -603.323  38.4636
-10.2177 0.723251  10.2177  23.0991 -24.7923  311.278 -593.686 -14.3703
     -10 0.646797       10  26.9374 -18.4616  308.576 -592.258  37.8518
     -10      -10       10  26.1619 -15.6768  306.151 -564.208 -35.0643
     -10      -10       10  33.3568 0.683399  311.611 -592.268  41.7736
      10      -10       10  3.87578 -36.2118  320.176 -530.567 -90.1303
      10       10       10   3.8126 -20.7944  253.808 -426.139 -15.8587
      10       10       10 -95.3034 -54.6707  197.086
