 34.5354 -34.5354  34.5354 -59.3071  15.7635  357.025 -777.216  101.803
 26.3673 -26.3673  26.3673 -48.1145 -38.1541  374.247 -772.104  10.4088
 34.2203 -34.2203  34.2203 -40.4524  12.9894  294.127 -714.075  64.4754
      10  4.57076       10 -14.8158 -33.1826  311.805 -625.023 0.914882
      10       10       10 -11.2253 -29.6169  309.255 -622.363  34.0973
      10       10       10 -9.22223 -31.6475  308.019 -613.965   11.866
      10       10       10 -6.36066 -31.2548  310.598 -618.768  18.0283
      10       10       10 -4.05573 -32.2576   309.71 -614.481  25.0668
 10.6101  10.6101  10.6101 -2.78633 -34.6779  308.713 -610.748 -3.80661
 12.2023  6.15256  12.2023 -3.35582 -32.4231  286.388 -570.724  30.7364
      10      -10       10  1.83028  -13.926  261.194 -523.114 -82.1612
      10      -10       10  4.29635 -16.9584   287.91 -566.094  36.5925
 10.1503 -4.66978  10.1503  7.77618 -21.6771  309.543 -606.544 -13.7552
 14.1016  14.1016  14.1016  6.48101 -36.8557  304.488 -616.408  40.8046
 14.3735  14.3735  14.3735  7.54849 -39.2775  307.184 -612.961 -10.3207
 11.7632  11.7632  11.7632  15.3205 -31.0158  309.089 -620.023  43.7291
-11.7112  11.7112  11.7112     37.1 -38.1273  306.383 -589.727 -26.7039
      10  -3.9713       10   23.782  -6.7462  306.939 -616.765  51.1664
    18.8409    -18.8409     18.8409 -0.00797936    -22.3101     285.257    -514.899    -71.7991
 26.5538 -26.5538  26.5538 -11.0414  18.2083  159.743 -362.219 0.534068
     -10  8.90524       10 -63.8711 -56.7794  202.949
