       10       -10        10 -0.477686 -0.343067   198.176  -489.137   119.973
-26.7253  26.7253  26.7253  13.9593 -87.6615  295.028  -598.06  21.4644
 36.4586  -23.927  36.4586 -34.2041  7.90706   287.54 -702.047  50.3339
 19.1008  19.1008  19.1008 -14.7645 -47.9807  301.587 -647.906  8.99747
 11.2566  11.2566  11.2566 -1.42954 -31.3393  310.183 -646.033   36.407
      10       10       10  1.32666 -32.8648  309.924 -632.914  17.9724
      10       10       10  3.78429 -31.6953  310.357 -633.543  20.2767
      10       10       10  6.04748 -32.7436  308.993 -630.393   28.702
        10         10         10    8.16048    -34.302    308.825   -628.801 0.00552764
      10      -10       10  10.3473 -16.0245  289.447 -595.975  36.4679
      10      -10       10  11.7621 -13.4566  269.744 -562.265 -74.8455
      10      -10       10  13.7343 -15.5268  289.555  -590.54  40.9343
      10      -10       10  15.4778  -14.747  308.463 -614.496 -17.1554
-10.1193 -10.1193  10.1193  37.2245 -10.4219  308.276 -610.399  40.4453
 19.3008 -19.3008  19.3008  6.32566 -3.65232  299.138 -607.738 -23.7161
 23.6695 -23.6695  23.6695  2.63622  7.44384  294.996  -607.69  38.7021
 23.2558 -23.2558  23.2558 0.553881 -2.43035  290.327 -568.793 -54.8109
      10      -10       10  18.5143 -1.02933  310.073 -559.692  42.1182
      10 -3.58268       10  16.6628 -52.7083  402.072 -630.538 -129.663
-10.0295  10.0295  10.0295  37.4637 -25.8386  383.262 -598.722  5.28864
-16.8236  16.8236  16.8236 -56.6665 -61.4715  194.552
