     -10      -10       10 -9.91268 -4.96976   231.13 -505.986  100.535
     -10      -10       10 -37.3438 -51.5018  349.464 -604.582  1.38405
 36.9416 -26.1155  36.9416 -67.2761  7.56624   281.88 -667.839  46.1687
      10       10       10 -36.8014 -38.0654  311.547 -605.953 -2.42381
      10       10       10 -32.5174 -28.8937  309.749  -610.85  30.2102
      10 -2.11391       10 -29.9928 -19.0714  308.017 -604.308  11.2098
      10       10       10  -27.311 -30.4079  308.703 -607.667  16.6465
      10       10       10 -24.5297 -31.7614  308.116 -608.062  24.9795
       10    3.1346        10  -21.5236  -26.9332   308.703  -611.995 -0.623816
     -10  1.65569       10  2.50407 -27.7166  289.565 -582.219  35.3026
      10      -10       10 -13.1067 -14.2462  267.313 -549.135 -71.9818
      10 -5.03568       10  -13.581 -21.1943  290.247 -579.497  41.0443
      10      -10       10 -13.8042 -14.9814  310.896 -604.035 -14.8586
     -10      -10       10  8.06529 -10.8749  310.163 -599.272  40.3203
      10      -10       10 -11.6419 -12.8536  309.932 -586.115  -18.945
      10      -10       10 -9.13381 -6.40031  309.106 -584.628    40.65
      10      -10       10 -10.7889 -14.9883  305.335 -553.856 -43.5579
      10      -10       10 -6.72359 0.810773  313.615 -576.483  46.5464
     -10  4.52808       10  3.37837  -55.268   355.06 -573.865 -105.317
 13.3672  13.3672  13.3672  -17.322 -27.4555  331.436 -550.015  5.61757
      10       10       10 -94.6105 -57.4349  195.524
