 20.4587  20.4587  20.4587 -3.28552 -29.1542  44.9952 -294.961  118.315
  21.856   21.856   21.856 -49.2354 -76.6838  252.096 -488.205  21.2945
 32.5867 -26.4899  32.5867 -49.1272  12.2712  288.116  -676.71  40.7487
 -12.7172   12.7172   12.7172 -0.199859  -43.2178   306.499  -624.227   11.5703
     -10       10       10  1.62907 -32.7245  309.545 -629.551  32.9945
     -10       10       10  2.94413 -36.1556  309.389  -619.63  18.7275
     -10       10       10  5.80871   -35.09  310.559 -623.313  17.9284
    -10      10      10 8.54436 -35.167 309.794 -622.58 29.8663
      -10       -10        10   11.9858  -15.3433   308.493  -623.116 -0.412358
      10  4.78043       10 -4.01841 -28.2864  290.401 -599.333  41.0715
      10      -10       10 -1.11024 -9.53104   278.15 -579.683 -69.1131
      10      -10       10 0.124912 -12.6069  291.264 -596.656  49.1468
  10.0395  -10.0395   10.0395 -0.399775  -15.8561   309.576   -612.26  -21.7303
 24.1595 -24.1595  24.1595 -16.4974  2.63753  296.375 -621.364  48.4387
 45.4694 -45.4694  45.4694 -41.7595  19.7108  274.592 -629.495 -39.9016
 60.4356 -60.4356  60.4356 -60.2631  42.8974  261.355 -632.826  49.5522
 64.2615 -64.2615  64.2615  -66.138  34.8487  248.611 -596.214  -88.853
 51.1205 -51.1205  51.1205 -54.9762  35.7899  268.077 -554.699  59.0772
 50.3845  43.0624  50.3845 -52.1263 -113.517  414.561 -748.941 -195.098
 19.8425  117.395  117.395 -38.1441 -139.386  417.756 -899.738  19.4894
 -10.164   10.164   10.164 -74.4605  -48.851  198.236
