 12.1992  12.1992  12.1992  5.94965 -22.7777  34.1072 -245.349  101.521
 10.4641  10.4641  10.4641 -48.2579 -64.4142  250.681  -432.59  18.2977
 35.2851 -24.6798  35.2851 -67.6527  10.1605  281.895 -666.626  36.4083
      10       10       10 -38.3405 -40.6863  311.045 -613.319  10.0509
      10       10       10 -33.8913 -33.3889  308.861 -619.733  31.1356
      10       10       10 -32.2624 -36.7839  308.465 -611.138  17.7514
      10       10       10 -29.5295 -35.4819  310.238  -616.18  17.4857
      10       10       10 -26.5768 -35.3865  309.269 -616.279  29.2216
      10      -10       10 -22.8399 -14.6331  308.334   -619.2 0.554466
      10      -10       10 -17.4472 -12.2074  289.574 -595.815  40.6531
      10      -10       10 -13.6067 -8.02786  272.365 -569.336 -65.7612
      10      -10       10 -13.8173   -11.38  290.023 -591.252  47.9411
 10.8986 -10.8986  10.8986 -16.5948 -14.1432  308.948 -609.233  -20.305
 34.5388 -34.5388  34.5388 -44.2068  13.2222  284.319 -625.458  46.7801
 54.4595 -54.4595  54.4595 -68.1138  28.6416  264.992 -632.691 -38.7547
 68.3257 -68.3257  68.3257 -85.5433  50.6072  251.098  -631.82    48.41
 64.7075 -64.7075  64.7075 -81.7523  34.2768  244.561 -586.486 -88.2087
-39.4484 -39.4484  39.4484  20.6252  22.8952  283.092 -537.833  58.2816
 62.5607  62.5607  62.5607 -90.5423 -137.125  418.336 -782.354 -205.179
 118.555  118.555  118.555 -163.895 -142.656  438.074 -937.369   19.955
     -10       10       10 -82.3753 -47.7251  194.325
