     -10      -10       10 0.411952  -2.0373  118.115 -422.167  122.602
     -10      -10       10 -67.9226 -44.8984  368.251 -514.587 -22.6895
-62.5726 -16.9655  62.5726  7.66823 -1.62352   227.94 -659.903  24.8155
      10      -10       10 -57.5809 -18.7132  320.273 -599.874 -17.5319
      10      -10       10 -50.2929 -10.9336  308.055 -598.201  24.5147
     -10      -10       10  -26.448 -12.4309   307.74 -600.286  4.57221
     -10       10       10 -22.4855 -31.7684   309.18 -612.412  14.7175
      10       10       10 -37.4042 -32.2269  307.279 -622.481  25.7612
      10       10       10 -33.5681 -33.3364  309.188 -632.696 0.773032
      10 -1.09775       10 -25.6925  -23.533  284.994 -609.426  41.7774
      10      -10       10 -17.1319 -11.8508  250.596 -570.404 -67.4374
      10      -10       10 -20.9394 -14.4631  285.935 -601.674  47.4299
      10      -10       10 -23.2219  -13.873  310.589 -617.354 -12.2965
      10      -10       10 -21.7323 -10.4328  309.445  -603.37  41.7431
      10      -10       10 -21.7225  -12.685  310.031 -582.593 -19.6815
 -10.0408  -10.0408   10.0408 -0.574064  -6.34703   310.398  -570.415   34.8522
     -10      -10       10 -2.55291 -15.3552  303.584 -522.818 -54.4112
       10       -10        10  -21.2894 -0.290227   306.544  -518.129   30.0306
      10   3.9156       10 -33.5618 -58.0536  399.359 -578.674  -144.71
     -10       10       10 -5.00638 -22.2324  432.612 -670.631  11.0174
      10      -10       10 -65.4894 -34.9903  146.264
