      10      -10       10 -34.6198 -4.29744  158.861  -430.28  105.113
-12.6868 -12.6868  12.6868 -74.6802 -44.6748  375.397  -532.84  -30.557
 65.5178 -16.8014  65.5178 -125.892 -2.15328  222.826 -665.025  29.0008
      10      -10       10 -65.4781 -18.9196  321.203 -588.328 -20.9217
      10      -10       10 -57.4872 -10.4707  305.948 -585.005  24.7186
      10      -10       10 -54.2947 -12.0042  306.137 -586.369  2.13399
      10 0.156023       10  -50.531 -21.1252  307.676 -599.182  14.0642
      10  4.86544       10 -46.1785 -26.8875  306.919  -609.47  23.5759
       10        10        10  -42.4761  -33.4981   308.397  -620.931 -0.300326
      10  6.18021       10 -34.4639 -31.6493   284.27 -597.544  39.6838
      10 -4.97245       10 -24.7848 -17.9161  248.187 -557.937 -67.7733
      10      -10       10 -30.0319 -14.8742  285.262 -591.166  45.2479
      10      -10       10 -32.9716 -13.9611  309.954 -609.263 -12.0974
      10      -10       10 -31.7411 -10.5168  309.054 -596.009  40.1454
      10      -10       10 -31.8266 -12.6982  309.946 -577.676 -17.2198
      10      -10       10 -30.1435 -6.92014  309.827 -570.287  34.3756
      10      -10       10 -31.1402 -15.4001   302.79 -529.642 -42.5996
       10       -10        10  -28.5112 -0.506387   307.932  -540.619   32.8235
      10       10       10 -43.5753 -62.5009  385.587 -577.472 -107.425
      10       10       10 -33.5163 -22.1061  391.196 -635.686  17.0853
     -10      -10       10 -45.8732 -36.4965  140.139
