 115.016 -115.016  115.016 -146.586  96.1625  392.541 -1118.54  131.407
 85.5256 -85.5256  85.5256 -94.9189  26.4773  348.634 -1011.43  53.3558
-34.0747 -34.0747  34.0747  45.9957  14.9136  295.593 -771.702  89.5411
-11.9093 -11.9093  11.9093  21.4603 -13.3597  308.963  -653.82  10.9696
      10       10       10  1.75862 -29.1664  310.197 -636.607  36.3875
      10       10       10  3.06318 -32.3027  309.331 -619.499  12.4382
     -10       10       10  25.9408 -32.9959  309.961 -615.239  15.3126
     -10       10       10  28.6081 -34.2984  309.371 -608.567  24.5394
      10       10       10  11.1045 -35.4172  308.323 -600.636 -8.93965
-10.4082  7.09486  10.4082  31.9602  -33.247  284.157 -550.313  30.2114
-21.4957 -7.79531  21.4957  44.2851 -12.7501  260.007 -547.123 -94.7062
 133.156 -16.5346  133.156  -131.02 -9.28021   131.02 -665.433  31.4629
 74.0977 -9.28377  74.0977 -44.3741   -16.79  276.468  -767.51 -17.7194
  151.56 -1.82831   151.56 -138.876  -23.614  138.876  -774.11  43.1321
 66.9228  17.6411  66.9228 -28.3011 -45.5741  269.546 -748.569 -2.77864
 39.1377  39.1377  39.1377  9.01056 -62.5258  278.835 -701.655  55.3905
-44.3186  44.3186  44.3186  88.8537 -73.2003  268.508 -666.112 -8.87351
-21.7599  21.7599  21.7599  83.6849 -33.1962  295.853 -701.413  56.4605
-8.61147 -50.1765  50.1765  40.1887  15.9013  194.686 -498.969 -45.1426
 33.1011 -33.1011  33.1011 -15.9641  36.0671  36.0671 -237.066 -30.4131
 13.0975  5.51316  13.0975 -83.0673 -40.6333  200.241
