-74.0124 -74.0124  74.0124  27.5057  56.1325  383.113 -932.481  103.132
-54.3193 -54.3193  54.3193  19.8394 -6.71122  382.482 -897.118   11.543
-35.3764 -35.3764  35.3764  24.7507  14.7408  288.069 -713.698  67.5211
      10      -10       10 -20.1645 -17.8024  310.019 -617.772 -1.96496
      10  5.03755       10 -16.7666 -25.4691  310.091 -615.937  31.2896
      10       10       10  -14.062 -34.0206  308.179 -609.781  12.0459
 27.7138  10.1135  27.7138 -31.0049 -33.0334   307.53 -672.763  17.6924
 139.067 -5.16584  139.067 -161.595 -17.7812  161.595 -762.221  20.3331
 148.229 -13.7891  148.229 -169.586 -9.78451  169.586 -802.486 -9.62866
 140.066   -21.55  140.066 -157.959 -4.15488  157.959 -749.123  27.8075
 131.254 -26.4675  131.254 -144.293  3.74205  144.293 -700.159 -85.0545
 142.881 -21.7213  142.881 -155.099 -4.95704  155.099 -755.094  35.1222
 154.767 -11.7426  154.767 -164.803 -15.4619  164.803 -814.865 -13.5542
  157.33 -2.80629   157.33  -163.02 -21.6355   163.02 -830.709  41.8396
 154.255  13.0836  154.255 -158.576 -40.0879  158.576 -804.753 -5.21296
 99.2675  27.2238  99.2675 -86.5965 -48.9303  228.516 -773.297  48.9078
 91.3092  29.4537  91.3092 -80.3159 -57.7733  227.103 -716.016 -15.4008
 63.7754 -10.8067  63.7754 -36.5623  0.75156   262.32  -732.42   53.527
 33.4955  -100.97   100.97 -31.3923  67.6212  134.054 -544.928 -45.8878
  65.291  -65.291   65.291 -54.1337   66.242   66.242 -373.069 -5.26966
     -10  1.51595       10 -64.6977 -43.9359  198.994
