 37.2819 -37.2819  37.2819 -31.9829  18.9409  374.577 -827.567  125.618
 39.2987 -39.2987  39.2987 -30.9457 -27.3755  368.369 -821.714  15.9108
 32.0802 -32.0802  32.0802 -12.2064  10.4888  300.203 -720.768  68.1266
      10      -10       10   12.107  -18.066  308.769 -638.125  2.42693
      10  3.54657       10  15.2205 -22.4315  309.282 -637.474  35.9975
      10       10       10  17.3828 -30.9038  307.436 -629.118  11.7594
      10       10       10  20.3159 -30.4594  308.252 -629.166  18.1947
      10       10       10  23.1793 -31.9946  307.582 -627.711   24.606
     -10       10       10  45.6388 -33.9914  307.171 -624.608 -2.04277
     -10       10       10  46.2128 -36.7057  286.863 -587.434   32.192
     -10      -10       10  47.1737 -14.6546  261.874 -547.075 -76.7446
      10       10       10  31.2968 -37.2627  285.738 -585.099   37.052
      10       10       10  36.3737 -36.5954  306.306 -620.184 -12.7898
      10       10       10  39.8029 -33.4406  305.627 -622.932  38.9003
      10       10       10  41.0994 -35.2438  308.064 -615.227 -12.1384
     -10  5.27735       10  65.0535 -24.5841  306.423 -619.563  37.9755
     -10       10       10  63.5476 -35.9273  304.719 -591.078 -30.5488
      10  -4.1005       10  51.0568  -6.1337  301.439 -616.069  39.3488
-13.3758 -13.3758  13.3758  58.3724 -26.2495  282.209 -491.404 -75.0844
-22.0728 -22.0728  22.0728  49.9224  12.9775  147.088 -316.174  -19.847
 -14.914   14.914   14.914 -52.4747 -62.9759  204.209
