-38.4696 -38.4696  38.4696 -18.8458  14.6861   423.73  -887.17  107.578
 24.5527 -24.5527  24.5527 -67.3446 -38.1931   420.42 -873.592  20.4777
 39.2954 -39.2954  39.2954 -59.8431  17.9628  279.963  -722.34  72.7231
      10      -10       10 -28.7443 -16.9421  310.809 -627.059  3.27701
      10  1.78881       10 -25.8857 -21.4162  309.967 -617.912  33.0716
     -10       10       10 -4.05368 -32.2819  309.085 -604.906   10.637
-10.0176  10.0176  10.0176 -1.07788 -32.1533  309.659 -602.293  14.6105
     -10       10       10  1.41129 -33.4136  309.102 -595.335  22.8028
      10       10       10 -16.4238 -34.8751  309.045 -588.061 -8.23765
 15.7144 -2.96886  15.7144 -20.9578  -22.302  281.841 -548.898  27.1333
 17.5711 -17.5711  17.5711 -19.5951 -4.21713  256.602 -511.045  -89.789
 23.4043  -4.0653  23.4043 -23.3081 -22.5884  274.156 -563.749  34.6343
 17.3667  17.3667  17.3667 -11.3873 -45.7416  303.605 -606.552 -14.3739
  21.028   21.028   21.028 -10.0206 -47.3032    299.6 -625.821  45.1867
 28.0892  28.0892  28.0892 -15.9242 -56.8479  293.734 -633.289 -4.40201
 26.5917  26.5917  26.5917 -7.22118 -49.1326  293.721 -650.309  52.8064
-29.5517  29.5517  29.5517  47.6883  -58.385  291.413 -632.282 -13.6826
-11.3711 -1.60258  11.3711  46.7412 -8.59709  315.692 -675.696  66.8932
 58.6496 -58.6496  58.6496 -48.1444  25.6164  167.056 -490.709 -41.8726
 52.1834 -52.1834  52.1834 -41.2091  51.2973  51.2973 -310.338 -1.70554
      10 -1.55133       10  -88.246 -38.9916  191.175
