-12.0361 -12.0361  12.0361 -4.60842 -2.34409  236.605 -546.227  112.017
 10.6588  9.62568  10.6588 -47.5489 -69.7827  334.167 -623.218  16.9995
 36.2913 -29.6531  36.2913 -60.3832  11.9298  287.034 -697.959  55.0992
 15.7808  15.7808  15.7808 -37.1067 -43.3992  305.955  -634.12  4.08136
 10.9702  10.9702  10.9702 -26.7083 -30.1965  308.541 -628.547  35.8666
 10.1434  10.1434  10.1434 -23.2784 -31.8386  308.171 -618.887  15.5224
 10.0104  10.0104  10.0104 -20.1653 -30.9346  310.285 -621.434  19.7299
      10       10       10 -17.2156 -32.0324  310.172 -620.272   27.944
      10       10       10 -14.6901 -33.8671  310.083 -617.346 -1.39688
      10      -10       10 -10.6009 -16.0265  288.559 -580.705  35.9768
      10  -4.0522       10 -7.41454 -19.9466  266.302 -542.737 -77.7194
      10      -10       10  -6.2519 -16.0142  288.565 -574.109   41.338
      10      -10       10 -5.02644 -14.8873  310.071 -602.847 -17.2464
 10.0573 -10.0573  10.0573 -2.42543 -10.5702  310.206 -601.348  42.0978
 11.5984 -11.5984  11.5984 -3.55995 -11.4305  309.744 -591.185  -21.999
 10.2694 -10.2694  10.2694  1.17674 -6.01621  309.219 -586.965  41.6625
-10.3006 -10.3006  10.3006  20.2614 -14.8018  303.049 -550.614 -49.1078
     -10      -10       10  24.7394 0.451654  311.819 -571.936  47.9354
     -10       10       10  16.8056 -60.5379  370.414 -591.161 -121.972
     -10       10       10  19.0465  -22.759  320.358 -514.808  3.98388
     -10       10       10 -73.2688 -54.9746  198.393
