 16.2696  16.2696  16.2696   16.761  -16.761   16.761 -299.078  129.372
  58.876   58.876   58.876 -58.1478 -117.191  117.191 -513.301  85.5011
 82.9665  14.8694  82.9665 -87.7587 -30.8001  225.584 -842.376  89.3922
 80.1581  80.1581  80.1581 -86.0585 -123.068  233.423 -809.522  54.9953
 61.7689  61.7689  61.7689 -64.4183 -93.5125  272.448 -812.508  70.6275
 140.665  54.7718  140.665  -160.87 -89.9096   160.87 -818.546  39.2624
 147.426  19.5824  147.426 -170.494  -49.853  170.494 -835.644  30.3356
 146.843 -2.46899  146.843 -171.981 -26.5779  171.981 -807.855  31.7604
 144.524 -16.2914  144.524 -171.365 -10.1888  171.365 -772.753 -8.08829
 131.433 -26.2881  131.433 -158.134   3.4344  158.134 -680.197  20.5608
 86.6375  -34.315  86.6375 -105.754  16.7825   193.45 -590.069 -96.0842
 92.4993  -42.998  92.4993  -110.03  22.4542  209.881 -638.176  23.4721
 142.415 -50.1604  142.415 -165.388  25.8664  165.388 -715.785 -35.0793
 130.911 -64.4918  130.911 -146.247  42.4827  196.212 -749.175  33.3139
 152.238 -77.6499  152.238 -165.914  50.3569  165.914 -769.986 -26.9759
 155.978 -86.9442  155.978 -165.396  63.7247  165.396  -789.26  54.0904
 157.265 -74.4512  157.265 -158.395  38.5016  158.395 -801.194 -32.4792
 76.6579   18.788    237.2 -92.8459 -48.8016  92.8459 -905.877  90.9197
 268.054  185.017  268.054 -273.343 -273.343  273.343 -1292.67 -103.678
 315.376  314.106  315.376 -352.222 -352.222  352.222 -1401.42 -14.7625
 26.1863  63.0683  63.0683 -116.055 -116.055  116.055
