      10      -10       10 -11.9791 -2.81015  253.017 -562.519  112.082
-18.4151  18.4151  18.4151 0.453286 -81.1412  319.191 -618.544  17.2728
 32.2655 -30.4861  32.2655 -35.7965  13.1344  291.251 -695.181  55.1084
  16.146   16.146   16.146 -18.8658 -44.8166  306.187 -638.919  4.64781
 10.5784  10.5784  10.5784 -7.87505 -29.7799   311.73 -639.624  36.0221
      10       10       10 -5.36141 -32.2161  309.729 -627.859  16.1462
      10       10       10 -2.79798 -31.0937  310.399 -628.652  20.5846
       10        10        10 -0.109764  -32.1964    309.16  -627.391   28.2576
       10        10        10   1.86804  -33.7702   309.304  -624.716 -0.157029
      10 -8.56376       10  4.62696 -17.1388  286.601 -587.488  35.3482
      10      -10       10  6.49338  -13.428  261.195 -544.625 -75.1348
      10      -10       10  7.88119 -15.2498  287.127 -580.358  38.8834
      10      -10       10  9.73645 -14.3045  309.645 -611.268  -16.557
-10.0476 -10.0476  10.0476  31.6222 -10.4442   308.81  -606.03  38.8107
 11.1089 -11.1089  11.1089    10.73 -11.6039  307.614  -594.11 -20.7071
 11.0271 -11.0271  11.0271  13.0188 -5.37499  305.547 -588.663  38.3142
 10.8172 -10.8172  10.8172  11.2934 -14.6103  301.532 -554.497 -46.0507
       10       -10        10   16.7045 -0.531634   313.507  -578.751   42.5397
      10      -10       10  11.4956 -42.4537  389.201 -618.688  -114.54
      -10        10        10   31.4003  -24.0266   328.143  -530.741 -0.157283
-10.3838  10.3838  10.3838  -63.622 -55.7459  200.426
