 82.3189 -82.3189  82.3189  -131.13  62.0232  404.378 -1022.56  119.542
 66.8101 -66.8101  66.8101 -98.3692  8.16297  381.863 -977.516  37.4235
 35.0144 -35.0144  35.0144 -40.4703  14.5849  289.358 -747.858  78.2908
      10      -10       10 -15.3382 -15.6218  307.858 -635.867  11.3406
      10       10       10 -12.8248 -29.6156   309.24 -628.511  33.4676
      10       10       10 -11.1169 -32.4003   309.31 -614.732  14.9396
     -10       10       10  11.9292 -32.7883  309.694 -610.566  14.4674
     -10       10       10  14.6077  -34.227  309.201 -603.442  26.0742
 11.9235  11.9235  11.9235  -5.1928 -37.5284  307.206 -599.352   -9.103
 26.6661  5.38588  26.6661 -21.5854 -31.6769  270.198 -568.752  29.9639
 36.5691 -36.5691  36.5691  -28.734  14.6995  250.537 -570.542  -92.496
 138.286  -6.3692  138.286 -147.603 -19.5531  147.603 -707.586  32.3042
 157.675  -3.4078  157.675 -162.719 -23.0927  162.719 -811.656 -21.6441
 154.216  3.30942  154.216 -153.744 -28.7979  153.744 -799.331  43.9018
 74.3937  19.1925  74.3937 -52.9308 -47.9766  258.842 -739.406 -4.04221
 45.2653  30.9187  45.2653 -13.1856 -54.5819  275.067 -695.626  58.1219
-36.9786  36.9786  36.9786  69.3895 -66.1564  283.982 -657.049 -13.7486
-11.7755 -3.34251  11.7755  62.2032 -7.55025  313.354 -685.014  66.5691
 65.0335 -65.0335  65.0335 -47.7636  33.7745  149.219 -479.164 -47.3188
 40.3789 -40.3789  40.3789 -25.4891  43.4423  43.4423 -265.699  -14.826
-10.0342  10.0342  10.0342 -63.7514 -47.5917  198.007
