-52.5262 -52.5262  52.5262 -26.7292  29.9962  422.126 -924.396  90.9379
-47.8064 -47.8064  47.8064 -25.2388 -10.6495  434.046 -947.905 -5.20687
 48.7337 -40.2823  48.7337 -76.3767  23.7869  248.783 -764.504   72.293
  10.539  -10.539   10.539 -43.0376 -18.2644  317.187 -630.003 -1.40114
      10      -10       10  -36.632  -10.646   307.04 -611.578  28.1121
      10      -10       10 -34.5345 -14.1476  305.801 -595.884  9.71772
      10 -7.48214       10 -31.1347 -15.8162  328.379 -644.652  13.4858
 127.509 -11.7128  127.509  -167.61 -11.6434   167.61 -751.403  16.7717
 138.909 -14.3852  138.909 -178.576 -9.15751  178.576 -807.027 -15.4113
 131.482 -15.1676  131.482 -165.323 -9.82414  165.323 -755.205  28.3862
 123.679 -14.5086  123.679 -150.751 -6.89227  150.751 -708.747 -91.2391
 134.839 -4.76869  134.839 -162.328 -22.2031  162.328  -761.23  37.1108
 141.536  7.81284  141.536 -167.337 -37.2884  167.337 -792.065 -14.6216
 89.9181  22.8285  89.9181 -99.7428 -51.9285  237.743  -763.85  49.9352
  85.8107   38.3036   85.8107  -93.6575  -69.9528   237.125  -736.948 -0.294591
 78.5803  39.4423  78.5803   -79.08 -64.6853  244.684 -743.705  53.8026
 74.3466   11.741  74.3466 -74.7102 -41.5404  250.569 -713.987 -12.0511
 60.5804 -60.5804  60.5804 -43.4331  52.5127  249.595 -740.012   70.346
-17.0924  -103.17   103.17  14.8036  78.5432  78.5432 -527.578 -18.2965
 45.9974 -45.9974  45.9974 -26.5026  52.8083  52.8083 -382.082  30.9711
      10      -10       10 -72.0612 -22.5982  163.991
