 38.1653 -38.1653  38.1653 -49.7341  19.4381  360.087 -790.097   106.26
 29.7932 -29.7932  29.7932 -37.1134 -35.2662  362.432 -767.256  7.83308
 31.3366 -31.3366  31.3366 -25.4427  9.94563  293.343 -703.643   65.321
      -10 -0.762696        10   16.0974  -27.5443   312.862  -628.016  -3.46139
       10        10        10 -0.630044  -29.2184   312.924  -630.886   33.1319
      10       10       10  1.10528 -31.6619   309.53 -619.518   9.7105
      10       10       10  3.70962 -30.8544  309.551 -619.947  17.5472
      10       10       10  6.01084 -32.4012  308.282 -617.405  24.1987
      10  6.90298       10  7.91056 -31.0392  308.095 -614.146 -3.15854
      10 -3.48331       10  8.58358  -23.127  287.878 -573.294  30.5438
 10.0897 -10.0897  10.0897  9.94466 -14.0278  263.897 -534.111 -80.5332
      10 -1.36142       10  13.2325 -25.4741  288.557 -576.271  36.4614
      10       10       10  17.0561 -36.2846  310.179 -616.191 -13.9744
      10       10       10  20.4076 -32.8821  309.652 -621.186  41.5756
 10.9363  10.9363  10.9363  20.3732 -35.8473  308.048 -613.633 -10.3805
 11.5161  11.5161  11.5161  23.2602 -30.6272  304.021 -617.374   44.848
 12.5999  12.5999  12.5999  20.1485  -38.341  301.651 -591.617 -25.8711
      10  4.05657       10   31.694 -14.0991   312.72 -633.686  50.5406
-16.3085 -16.3085  16.3085  43.0669  -24.102  299.714 -532.343 -70.6247
  -36.044   -36.044    36.044   53.1174   27.6082   138.546  -362.408 -0.896847
 10.1014  10.1014  10.1014 -76.9462 -58.8399  202.213
