 45.8011 -45.8011  45.8011 -42.4192  29.1759  334.268  -791.79  116.225
 26.0784 -26.0784  26.0784 -17.6493 -39.0012  352.727 -751.077  17.8208
-30.2307 -30.2307  30.2307   48.482  9.96944  299.239 -715.126  67.2835
      10       10       10  9.22296 -37.9213  311.852 -640.744  1.10063
      10       10       10  12.3177  -29.153  309.174 -636.564  36.1349
      10       10       10  14.3136 -31.7087  307.271 -628.805  13.4336
      10       10       10  17.3039 -30.7374  309.014 -633.133  19.4811
      10       10       10  19.7848 -31.9371  309.271 -632.916   26.159
      10       10       10  21.8232 -33.9989  309.055 -629.842 -2.10974
      10  5.21965       10  22.0292 -31.3928   286.16 -586.946  32.7405
     -10      -10       10  42.4937 -14.2276  258.762 -541.104 -79.0139
      10 -3.54816       10  26.2509 -22.8895   283.99 -581.185  37.8994
      -10 -0.973348        10   50.5779  -24.5741   306.772  -618.501  -14.7879
     -10  -4.2135       10  53.8926 -17.8305  307.111 -623.054  40.8922
      10       10       10  34.7187 -33.7862  309.809 -616.034 -14.6569
      10       10       10  37.8503 -28.1256  306.599  -615.94  39.2563
      10       10       10  35.4311 -35.4215  301.921 -579.844 -34.1538
      10 -8.82403       10  42.1127 -1.98112  303.355  -604.89  41.1323
      10      -10       10  31.8545 -33.9347  331.283 -541.295 -86.2116
 10.7218 -10.7218  10.7218  19.8617 0.892612  196.622 -359.134 -6.74843
-12.0773  12.0773  12.0773 -52.1367 -59.7936   205.24
