 142.455 -142.455  142.455  -187.77  124.325  416.484 -1250.31  136.026
 113.261 -113.261  113.261 -127.534  61.0668    351.4 -1159.64  74.9009
-56.1307 -56.1307  56.1307  64.8252  41.3695  267.682 -827.237  106.135
-13.4714 -13.4714  13.4714  21.5325 -8.75824  304.206 -666.338  18.0947
       10       -10        10 -0.769821  -7.86761   308.594  -637.129   38.3554
      10   7.2781       10 -1.03484 -30.0719  308.892 -612.712  12.0393
     -10       10       10  21.3551 -34.3316  310.306 -605.609   11.654
  -11.94    11.94    11.94  24.7718 -38.2573  307.955 -595.349   21.979
 11.6412  11.6412  11.6412  3.34043 -38.7324  308.486 -584.254 -15.3445
-31.9736  3.99645  31.9736  42.4014 -30.1958  264.108 -549.235  23.5711
-44.3918 -4.76129  44.3918  55.7149 -14.9123  244.017 -551.735 -107.435
 135.382 -14.0663  135.382 -137.734 -11.6112  137.734 -666.105    29.76
 97.4301 -4.54039  97.4301 -76.7235 -23.9536  245.078 -776.567 -19.1696
 154.943  11.0288  154.943 -143.392 -38.8359  143.392 -801.484  50.5164
 92.4252  39.2539  92.4252 -59.8687 -70.3322  240.335   -790.5  2.33014
 63.9106  63.9106  63.9106 -18.8706 -90.1554  255.398 -766.119  70.0964
-67.3233  67.3233  67.3233  110.781 -99.3277  252.912 -745.083  2.20881
-38.7851  11.5657  38.7851  105.989 -24.1706  286.686 -805.446  84.0359
-35.0776 -93.0231  93.0231  57.1948  62.9401  71.6711 -515.768  -10.461
 11.8815 -11.8815  11.8815  12.4899    21.39    21.39 -217.407 -18.9915
 33.4533 -29.2848  33.4533 -108.876  9.91184  170.987
