      10       10       10 -11.2421 -22.7537  243.482 -555.266  116.799
     -10       10       10 -7.17325 -72.2773  337.101 -628.543  19.9088
 32.2345 -31.0292  32.2345 -36.7991  13.5103  293.465  -698.49  55.0633
 17.7803  17.7803  17.7803 -20.6352 -46.2507  302.713 -643.211  7.06676
 11.3278  11.3278  11.3278 -8.75544 -30.6279  309.786 -641.232  36.3792
      10       10       10 -5.42109 -31.9656  309.562 -628.543  17.1827
      10       10       10 -2.65682 -30.8875  310.408 -629.557  20.1166
     -10       10       10  19.8596 -32.0988  309.707 -626.846  28.4886
       10        10        10   2.27641  -33.8741   309.392  -624.874 -0.686347
      10 -1.64058       10  4.68125 -24.2317  287.565 -586.713  35.3058
      10      -10       10  6.89706 -13.7283  263.769 -547.045 -75.8077
      10      -10       10  8.66461 -15.8111  287.969 -581.088  39.4484
     -10      -10       10  30.6573 -14.7558   309.33 -609.691 -16.9831
     -10      -10       10  33.0144 -10.7543  308.684 -606.694  39.8298
     -10      -10       10   33.641 -12.9814  309.091 -594.272 -21.0193
-10.2411 -10.2411  10.2411  36.2607 -5.98059  308.039 -591.281  39.4709
 10.1329 -10.1329  10.1329  14.2179 -15.0049  304.121 -558.407 -47.9806
      -10       -10        10   38.3426 0.0303184   309.588  -571.589    44.078
      10      -10       10   13.609 -41.5527  374.229 -598.257 -116.807
     -10       10       10  32.5976 -24.1814  331.875 -526.548 -3.37934
-10.3342  10.3342  10.3342 -65.2553 -55.9182   202.18
