 132.463   103.96  132.463 -125.051 -125.051  125.051 -905.808  141.254
 113.866  113.866  113.866 -114.501 -213.796  213.796 -886.743  118.758
 79.9855 -17.7222  79.9855 -65.2002 -11.4777  227.941 -849.498  105.075
161.791 113.356 161.791 -164.56 -164.56  164.56 -965.01 65.4876
 161.107  122.254  161.107 -158.225 -158.225  158.225 -970.737  76.0533
  162.26  54.1461   162.26 -161.718  -85.489  161.718 -941.154  56.1131
 161.305  9.91082  161.305 -161.579  -34.583  161.579     -912  37.4662
 159.292 -8.94128  159.292 -162.651 -13.8853  162.651 -867.724  42.0003
 158.261 -19.3416  158.261 -164.252 -4.24833  164.252 -831.917 -8.18874
 152.683 -22.1966  152.683 -162.741 -4.15323  162.741 -764.516  23.0301
 140.327  -31.156  140.327 -151.502   7.5421  151.502 -678.171 -118.896
 109.501 -109.501  109.501 -109.092  84.5223  204.683 -681.412    17.34
 160.204 -30.9857  160.204 -164.942  8.79272  164.942 -782.362 -29.0653
 160.348 -36.5535  160.348 -156.573  16.9512  156.573   -807.4  18.6554
 93.1915 -61.9715  231.693 -99.4229  42.0963  99.4229 -920.208 -1.34612
 60.3575 -80.5725  248.544 -62.5058  62.5058  62.5058 -944.477  7.84904
 176.241 -47.0204  176.241 -160.354  25.6272  160.354 -885.433  31.6049
 170.635  53.3495  170.635 -147.783 -67.9618  147.783 -885.983  3.19563
 147.709  147.709  147.709 -131.434 -193.531  193.531 -778.262  14.1969
 149.833  149.833  149.833 -136.156 -197.252  197.252 -748.462  -47.376
 57.8489   41.362  57.8489 -119.157 -119.157  119.157
