-9.26103  26.7677  26.7677  29.8179 -29.8179  29.8179 -263.865  134.779
-73.5687  73.5687  73.5687  75.9211 -129.103  129.103 -463.595  31.7071
  85.811  43.2456   85.811 -69.4795 -57.4273  210.075 -731.569  56.5194
-70.4585  70.4585  70.4585  96.8855 -111.296   247.81 -757.768  30.3935
 13.9467  13.9467  13.9467  26.8013 -44.1783  309.059 -702.197  58.8847
     -10       10       10  50.3717 -42.2369  306.617 -667.087  36.6817
      10       10       10  31.1041 -39.1397  309.042 -664.033  31.8697
      10       10       10  31.5444 -37.9385  308.533 -654.139  38.0658
      10       10       10  31.6534 -35.9754  306.715 -641.234  2.01707
      10      -10       10  30.1081  -11.275  289.325 -600.225  37.8957
      10      -10       10  27.8862 -5.67084  279.217 -566.982 -78.6474
      10      -10       10     31.3 -9.13961  289.132 -585.021  42.9849
 22.7875 -22.7875  22.7875  19.7803  -2.2187  292.433 -624.181 -34.4124
 50.9095 -50.9095  50.9095 -12.5366  27.7392  266.511 -655.336  49.4698
 84.6524 -84.6524  84.6524 -49.6582   54.473  239.402  -701.52 -58.1412
 160.575 -122.538  160.575 -144.425  97.8574  144.425 -737.497  59.0933
  166.78 -124.044   166.78 -144.955  85.6893  144.955 -766.132 -109.507
 98.5648 -80.9877  233.404  -93.555  55.9547   93.555 -827.218  91.2568
  252.75  89.8246   252.75 -215.713 -167.356  270.222 -1163.09 -224.167
 254.527  254.527  254.527 -218.862 -274.259  338.345 -1217.28   20.322
-75.0046  75.0046  75.0046 -2.98009 -108.997  108.997
