      10       10       10  10.1715 -15.9271  15.9271 -186.603   105.17
      10       10       10 -31.4043 -65.2101  197.053 -326.213  8.77827
-31.8068 -27.2075  31.8068  9.19694  12.4088  285.725 -638.386  32.1492
     -10       10       10 -4.71647 -44.6977  314.714 -618.461  10.5199
     -10       10       10 -1.19872 -36.1154  310.707 -620.122  33.3694
      10       10       10 -18.3323 -39.7081  308.375 -614.133  20.3636
      10       10       10 -15.7575 -37.2244  310.285 -620.154  20.1445
      10       10       10 -12.5626 -36.8886  309.174  -622.31   31.611
      10 -2.93508       10 -8.88808 -22.7392  307.889 -626.271  3.11704
      10       10       10  -4.4954 -31.3742  290.103 -606.572   44.262
      10 -6.63683       10 -2.66126 -9.34355  279.133 -585.499 -60.8844
      10      -10       10 -1.85285 -9.83558  291.314 -598.641  53.0581
 11.9442 -11.9442  11.9442 -5.88868 -14.2193  308.252  -610.68 -26.6728
 39.9051 -39.9051  39.9051  -39.928  16.9094  280.951 -629.618  52.4201
 71.5708 -71.5708  71.5708 -77.6034  42.3711  257.743 -663.092 -58.3099
 140.056 -140.056  140.056 -162.677  119.467  162.677 -667.716  54.5637
 143.453 -125.708  143.453  -163.46  91.4445   163.46 -671.561 -118.902
 150.988 -70.1654  150.988 -179.595  51.8081  179.595 -675.945  82.6599
 153.678   133.16  235.413 -189.733 -211.173   269.76  -1042.9 -246.866
 256.702  290.111  290.111 -315.527 -315.527  315.527 -1204.36  23.0317
     -10       10       10 -77.9959 -46.6373  199.623
