 14.5756  14.5756  14.5756  12.0118 -12.0118  12.0118 -228.508  152.651
 54.0588  54.0588  54.0588 -45.4952 -110.947  110.947 -418.652   44.672
 89.5547  47.1531  89.5547 -79.8599 -60.8189  215.848  -763.81  73.4258
 111.239  111.239  111.239 -91.0873  -160.67  193.804 -838.359  47.7819
 -40.426   76.698   76.698  67.3321 -113.993  241.502  -803.59  75.4474
-32.0146  32.0146  32.0146  67.8166 -68.9555   284.12 -725.298  47.8973
     -10       10       10  48.7818 -41.8649  311.484 -683.726  42.1078
     -10       10       10  47.6551 -39.1549  311.059 -662.808  43.0321
     -10      -10       10  46.5412 -16.0197  307.977 -637.484  2.58343
     -10      -10       10   42.962 -8.21126  287.836 -579.998  35.5959
     -10      -10       10  39.7748 -1.44525  273.164  -532.81 -88.0681
-31.2991 -31.2991  31.2991  61.3616  14.7724  266.382 -584.509  38.3059
-61.7644 -61.7644  61.7644  91.8774  35.3716  254.751 -655.737   -43.78
-101.063 -101.063  101.063  126.296  76.2885  218.674 -706.608  48.5038
-141.019 -141.019  141.019  162.824  107.095  169.529 -744.812 -66.3321
-152.665 -152.665  152.665   172.86  127.409   172.86 -762.451  70.4586
-68.4346 -127.066  223.141  82.9521  82.9521  82.9521 -842.767 -117.562
-38.1714 -61.9571  301.253  34.0463  34.0463  34.0463   -928.5  111.776
-129.181  66.6337  386.002   152.61  -152.61   152.61 -1381.81  -242.82
-279.478  288.949  360.138  313.518 -313.518  313.518 -1479.05  25.8979
-77.4759  77.4759  77.4759 -8.17518 -111.314  111.314
