-25.7871  36.4068  36.4068  41.5229 -41.5229  41.5229 -312.893  118.528
-71.2587  71.2587  71.2587  63.6214 -129.489  177.595 -533.235  23.4455
-65.6935  5.18059  65.6935  73.6797  -21.389  257.786 -745.616  53.9139
-25.1264  25.1264  25.1264  44.5526  -60.614  298.067 -689.892  27.3144
      10       10       10  14.2091  -35.397  308.323 -663.496  49.1868
      10       10       10  14.2665 -37.5946  306.002 -646.198  29.6608
      10       10       10  15.1498 -35.5972  310.251 -646.719  25.4871
      10       10       10  16.3355 -35.2593  310.517 -642.116  34.4856
     -10  3.97829       10  37.5206 -29.0921   308.95 -634.453 0.413543
     -10 -9.52891       10  37.9922 -12.5962  286.031 -592.612  38.5836
     -10      -10       10  37.3172 -7.67233  266.352 -551.969 -74.8051
-11.3373 -11.3373  11.3373  40.3504 -9.54314  283.907 -578.943  43.0086
 12.0668 -12.0668  12.0668  19.1559 -12.8574  304.333 -608.232 -27.8912
-38.3264 -38.3264  38.3264  64.7774  16.4488  280.335 -632.911  44.2082
-57.7878 -57.7878  57.7878  81.2915  30.2363  264.217 -648.115 -47.1757
 90.6854 -90.6854  90.6854 -72.9365  69.9361  238.751 -687.317  45.9137
 152.369 -117.537  152.369 -147.213  82.6091  147.213 -698.889 -92.0468
 164.781 -82.2017  164.781 -161.388  61.6087  161.388 -739.567  68.9106
 201.303  49.2671  201.303 -184.334 -123.216  286.073 -1034.02  -180.35
 119.293  232.434  247.033 -115.117 -251.908  316.768 -1148.91  22.7072
-50.0434  50.0434  50.0434 -30.9269 -91.5584  155.433
