      10      -10       10   -1.175  1.25124  40.8814 -344.056  127.819
-12.7807 -12.7807  12.7807   -69.54 -39.1488  327.653 -449.459 -19.3804
 -65.388 -14.5098   65.388 0.387361 -2.67848  225.832 -653.708  20.4844
      10      -10       10 -66.5621 -20.9867   315.64 -585.207 -14.5339
     -10      -10       10 -39.8934 -13.0984   305.76 -583.692  22.4906
     -10      -10       10 -36.5479  -14.947  305.983 -583.199  3.92285
     -10      -10       10 -32.6984 -13.4202  309.178 -597.326  11.5885
      10       10       10  -47.501 -34.3625  307.211  -608.91  24.7739
       10        10        10  -42.6819  -34.7605    308.08  -623.039 -0.992417
      10  1.93767       10 -33.0555 -26.0178  283.876  -605.56   43.761
      10 -5.47392       10  -24.257 -14.6762  256.259 -576.543 -63.1333
      10      -10       10 -27.5463 -13.0061  283.782 -600.598  51.3922
     -10      -10       10 -11.3755 -14.3428  308.256 -612.527 -13.7683
 15.2705 -15.2705  15.2705 -36.8528 -5.13424  303.772 -607.433  46.3214
 29.1381 -29.1381  29.1381 -53.4469  5.79868  290.499 -606.199 -26.7394
-37.2746 -37.2746  37.2746  10.5777  21.0219  286.022 -601.381  38.9089
-36.2011 -36.2011  36.2011  8.49333  8.51415  275.492 -545.684  -71.081
 15.1398 -15.1398  15.1398 -41.3432  1.66026  301.632 -497.684   37.311
 18.1855  18.1855  18.1855 -58.6904 -85.3458  429.878 -645.334 -168.033
 72.7598  72.7598  72.7598 -126.759 -90.0119  472.256  -871.53  12.2751
      10      -10       10 -70.1695 -32.5095  143.979
