 82.6466 -82.6466  82.6466  -115.83  62.0914  458.801 -1098.47  114.873
-96.1265 -96.1265  96.1265  78.6698  36.1419   371.65 -1082.67  35.7765
-44.9242 -44.9242  44.9242   50.823  23.9529  283.873 -781.875  87.3716
-14.3251 -14.3251  14.3251  19.2093 -11.7758  301.954 -644.588  7.27392
     -10      -10       10  17.2354 -9.87897  308.592 -626.025   33.274
     -10  1.95058       10  17.8054  -25.151  309.001 -610.031  8.49384
     -10       10       10  20.2194 -33.9488  310.015 -606.231  12.4554
-10.1638  10.1638  10.1638  22.6488 -35.5382  309.342 -599.262  20.4523
-16.8034  16.8034  16.8034   29.597 -43.6093  301.823 -597.085 -10.3355
-32.3868  2.32491  32.3868  43.6568 -28.3249  276.648 -591.247  24.1447
 128.955 -14.2119  128.955 -136.675 -5.90918  136.675  -641.98 -99.6473
  142.77 -10.0529   142.77 -146.679 -15.4989  146.679 -719.399   28.551
 93.6429  6.09599  93.6429 -78.3987 -35.7551  233.865 -745.838 -13.1717
 90.0438  22.6562  90.0438 -68.4828 -51.2743  229.235 -750.565  50.1561
 94.8329  41.7328  94.8329 -70.9803 -72.5669  227.146 -765.622  2.89819
 92.4344  51.5977  92.4344 -61.0109 -76.6673  228.486  -789.63  59.4179
 91.0012  44.1551  91.0012 -59.7459 -74.6568  231.966 -771.212 -1.97518
 61.5632 -25.3779  61.5632 -9.54806  13.7321  254.136 -796.393  73.7012
 1.28999 -102.585  102.585  14.0157  72.9591  72.9591 -526.749 -11.2182
 27.3836 -27.3836  27.3836 -5.53476  31.4717  31.4717 -260.153 -10.9571
 20.8787  -13.041  20.8787  -93.749 -19.3017  188.265
