     -10      -10       10 -18.6505 -6.35162  281.102 -589.012  101.772
     -10      -10       10 -37.7632 -52.1462   374.65 -677.277  8.89299
 37.0184 -28.0215  37.0184 -66.1315  8.45376  283.755 -684.437  52.2494
 10.4299  10.4299  10.4299 -35.3305 -38.8229  309.555 -615.839  2.53144
      10       10       10 -30.4726 -29.0825  310.351  -620.88  32.4189
      10       10       10 -28.2425 -30.9817  309.515 -612.229  14.0617
      10   6.3854       10 -24.8325 -26.5711  309.477  -613.16  18.1855
      10       10       10 -22.3078 -31.7609  308.445 -608.279  26.4015
      10       10       10   -19.55 -33.7574  308.177 -606.656 -2.14409
      10   -3.728       10 -15.5879 -22.3041  287.518 -570.555  33.7756
      10 -6.99739       10 -11.3963 -17.1751    264.8 -535.118 -75.7705
      10 -2.18988       10 -11.1234 -24.3598  289.646 -569.308  38.4629
      10  5.36782       10 -9.71673 -30.8455  310.479 -600.375 -15.9071
     -10      -10       10  12.9608 -11.7561  310.107 -596.513  39.5719
     -10      -10       10  14.6179 -13.6782   309.18 -587.445 -16.8682
     -10      -10       10   17.928 -7.12681  310.685 -591.383   42.514
      -10 -0.871128        10   17.4976  -24.1317     307.1  -566.736   -38.669
     -10      -10       10  23.1861 0.602804  314.969 -592.028    49.68
      -10 -0.604725        10   15.1314  -46.0644    316.23  -532.307  -93.8317
       10   8.37452        10  -3.96529  -20.3602   281.036  -468.494 -0.218089
      10       10       10 -95.8522 -56.7763  195.834
