-143.523 -143.523  143.523  127.001  122.057  395.121 -1191.34  130.577
  99.352  -99.352   99.352  -90.963  36.8319  347.165 -1059.01  45.7418
 50.7907 -50.7907  50.7907  -29.558  29.9431  277.842 -783.068  90.6484
  10.016  -10.016   10.016  12.2557 -16.2099  308.263 -646.808  6.40285
      10 -8.44359       10  13.9823 -10.8491  309.341 -634.698  35.2995
      10       10       10   14.837 -32.4262  308.933  -620.15  9.45837
      10       10       10   17.726 -32.8534  309.425 -617.899  13.9966
     -10       10       10  39.9128 -34.2362  308.853 -610.334  22.0006
     -10       10       10  41.5694 -35.6064  307.216 -598.602 -10.1693
     -10  4.33163       10   40.601 -29.6495  285.517  -546.89  24.8167
-13.2026 0.107752  13.2026  43.3548 -21.8414   257.38 -505.881  -93.845
-10.7171  10.7171  10.7171  48.4648 -37.0016  283.424 -557.172  33.1707
-14.0628  14.0628  14.0628  59.5462 -42.6342  302.397 -619.144 -13.9433
 21.9062  21.9062  21.9062  28.7877  -48.429  295.424 -655.783  47.2211
 -34.2419   34.2419   34.2419   85.3528  -63.3411   283.833  -673.004 -0.721243
 37.9608  37.9608  37.9608  19.7275 -61.3877  277.961 -706.062   55.515
-46.4964  46.4964  46.4964  101.029 -75.7696  269.527 -689.525 -8.15931
-14.8827  14.8827  14.8827  88.9209 -27.7003  302.579 -714.892  62.4214
 27.8581 -27.8581  27.8581  13.7655 -5.97879  200.218 -464.933 -36.6138
  17.0142  -17.0142   17.0142 -0.777796    17.969    17.969  -167.761  -21.0831
-32.1906  2.15809  32.1906 -39.6932 -36.8489  179.062
