      10      -10       10 -79.4029 -12.0851  341.361 -620.552  81.3676
      10      -10       10  -101.09 -52.1177  428.009 -666.923  -48.577
 65.7477 -17.5751  65.7477 -123.991 -3.38629  222.496 -681.623  44.8603
      10      -10       10 -64.4189 -19.0878  321.391 -593.839 -26.3578
      10      -10       10 -57.6701 -10.1135  307.265 -581.305  25.3202
       10       -10        10  -54.6491  -11.4093   305.715  -577.535 -0.675767
       10 -0.953569        10  -51.2051  -19.5572    306.96  -587.553   11.8195
      10 -2.26777       10 -47.7211 -19.4792  307.147 -594.236  21.6041
      10  7.70367       10 -44.6036 -31.3777  308.092 -601.758 -4.67482
      10   6.2421       10 -38.1615 -31.8204  283.444 -567.917  35.4286
      10  4.61282       10  -28.597 -27.8699  245.666 -527.367  -77.059
      10   5.5886       10 -33.2688 -32.4604  284.823 -570.333  42.1611
 10.0015  10.0015  10.0015 -34.5602 -36.6255  311.824 -605.875  -11.561
 10.7728  10.7728  10.7728 -32.6812 -34.7117  310.057 -604.984  42.6364
 15.6753  15.6753  15.6753   -38.07 -41.4767  305.125 -597.803 -8.53918
 13.7755  13.7755  13.7755 -31.7938 -34.1481  302.778 -594.138  40.7629
 12.1222  12.1222  12.1222  -30.708 -38.2043  302.226 -564.142 -19.7972
      10 -8.32707       10 -20.3362 -1.23442  317.675 -619.726  44.5802
-52.6896 -52.6896  52.6896   24.979  16.0595  249.515 -555.072 -45.0364
-69.3664 -69.3664  69.3664  60.5156  65.6361  129.418 -503.497  29.5085
      10      -10       10 -65.4748  -38.058  138.158
