 13.7105 -13.7105  13.7105  -4.6114  3.00345   19.166 -308.209  122.736
 23.4966 -23.4966  23.4966  -111.04 -27.0343  307.422 -452.516 -13.1978
 69.2729 -8.67391  69.2729 -136.901 -9.14767   209.71 -662.254  21.8171
      10      -10       10 -75.5636 -20.7609  323.087 -587.797 -17.4219
      10      -10       10 -66.7379 -13.7167  305.069 -581.808  23.2628
      10      -10       10 -63.6545 -15.5738  304.962 -582.092  2.83531
      10      -10       10 -60.3479 -14.3339  306.569  -591.65  13.0063
      10 -8.17315       10 -55.3632 -16.4891  304.561 -602.829  22.7724
       10        10        10  -52.0977  -35.3483   306.996  -615.669 -0.925781
      10      -10       10 -42.9776 -14.6699  285.501 -598.899  39.6431
      10      -10       10 -34.2968 -10.9098  258.859 -569.875 -64.5879
     -10      -10       10 -18.6047 -13.1868  287.638 -597.454  46.2818
-13.9184 -13.9184  13.9184 -18.6224 -9.38544  304.692 -617.132 -12.7302
  19.8216  -19.8216   19.8216  -52.5625 -0.624786   297.103  -609.539   42.2084
 25.6899 -25.6899  25.6899 -59.3497  2.03343  290.503 -597.665 -20.5766
 24.3598 -24.3598  24.3598  -57.389  5.62485  290.956 -579.447  39.0816
 17.5228 -17.5228  17.5228  -50.577 -12.3375  290.407 -523.826 -52.6054
      10 -8.84195       10 -45.0487 -8.92558  317.034 -522.975  36.0449
 27.9325  27.9325  27.9325 -89.0681 -96.3136  446.252 -701.634 -144.511
-53.5573  53.5573  53.5573 -14.5401 -73.3971  473.235 -829.457  7.32839
      10      -10       10 -63.9194 -33.0547  127.734
