-62.2298 -62.2298  62.2298   2.0376  41.6529  399.745 -938.583  105.953
 36.4023 -36.4023  36.4023 -81.2398 -22.9208  412.512 -909.618  23.3213
 39.5097 -39.5097  39.5097  -58.681  18.6607  277.144 -731.887  73.2604
      10  6.10121       10 -28.4691  -33.255  309.302 -629.566  5.91274
     -10       10       10 -5.80339 -30.7071  309.631 -620.185  32.8087
      10       10       10 -24.3449 -32.9359  308.962 -604.491  11.9078
      10      -10       10 -20.7647 -12.5714   309.86  -604.32  14.7761
 21.7946  8.30285  21.7946   -32.28  -32.796  297.782 -617.335  25.1589
 41.8051  1.09834  41.8051 -53.1901 -26.3309  289.739 -665.125 -7.81596
 127.724 -12.7623  127.724 -153.626 -11.9436  153.626 -685.689  23.7351
 123.598 -18.5905  123.598 -144.511 -2.63012  144.511 -660.635 -92.2792
 91.2183 -14.9579  91.2183  -101.44 -11.6959  223.275 -704.403   36.467
 147.203 -8.10939  147.203 -164.871 -19.3441  164.871 -779.272 -16.9086
  149.003 0.0449077   149.003  -161.606  -25.3254   161.606  -792.346   41.9529
 84.2325  18.4755  84.2325 -80.8245 -47.5756  246.796   -738.7 -1.70868
 47.7363  47.7363  47.7363 -31.6053  -71.303  274.906 -693.798  54.6894
-57.8911  37.7427  57.8911  70.2352 -67.1807  263.472 -674.828  -11.339
-43.3702 -5.53087  43.3702   71.753 -4.20384  283.381  -718.51  61.8743
-57.1596 -96.3862  96.3862  58.7894  65.3215  113.726 -516.554 -38.0491
-47.7041 -56.5689  56.5689  60.0703  60.0703  60.0703 -349.461 -4.98867
       10 -0.869034        10  -85.1066   -38.563   188.783
