 39.5625 -39.5625  39.5625 -100.774    18.45  409.155 -874.336  101.237
-35.8227 -35.8227  35.8227 -17.0661  -23.896  407.737 -887.264  15.2601
 42.4513 -42.4513  42.4513 -67.4167   22.435  273.507  -737.99  70.4173
     -10      -10       10 -14.9797 -17.2635  313.068 -627.761  1.10744
      10       10       10 -31.4121 -30.6615  308.697 -615.236  31.6662
      10       10       10 -29.4175 -33.3898  307.312  -601.93  10.8177
-1.02251  11.6738  11.6738 -15.7126 -35.1301  306.417 -603.185  14.9921
 -13.7437   13.7437   13.7437 -0.616092  -38.2903   305.376  -604.769   24.4936
 30.9043  4.93387  30.9043 -46.0959 -31.0372   288.84 -626.018 -7.21729
 59.2799 -8.85738  59.2799 -76.8675 -17.1561  244.984 -634.827  29.0051
  120.205  -20.8605   120.205  -145.744 -0.854856   145.744  -653.345  -92.2443
 136.406 -19.8947  136.406 -161.578 -5.92471  161.578 -739.133  33.9501
 148.461 -12.2069  148.461 -171.467 -15.0466  171.467 -803.465 -16.5139
 151.265 -3.19252  151.265  -169.22 -21.5309   169.22 -821.872  44.2094
 149.638  13.5875  149.638 -165.596 -41.1954  165.596 -802.689 -5.84455
 104.718  26.6467  104.718 -105.231 -48.6562   220.81 -778.856  53.6773
 96.4812   27.455  96.4812 -97.6516 -55.6308   222.97 -726.997  -14.151
 64.4563  -16.611  64.4563  -47.004  7.53548  260.797 -742.838  65.2554
-14.1647 -102.658  102.658  9.68654  72.8458  115.758 -534.887 -41.0613
-44.8703 -60.8705  60.8705   54.349  63.6868  63.6868  -368.77  1.67517
      10 -5.62281       10  -84.547 -33.7496   185.81
