 16.4993 -16.4993  16.4993 -50.9438  -5.9852  429.538 -806.942  76.5283
-24.1994 -24.1994  24.1994 -2.83882 -41.4198   401.61 -820.981  24.5154
 37.6371 -37.6371  37.6371 -49.2602  14.0025  298.793 -732.205   54.102
       -10        -10         10 -0.0716573   -19.8157    323.939   -641.398    4.18803
      10      -10       10 -15.9877 -11.4255  311.376 -620.373  29.1051
      10       10       10 -15.2048 -33.1569  311.585 -609.015  10.1945
      10       10       10 -12.7959 -32.2061  309.522 -602.078  13.6495
      10       10       10 -10.8759 -32.7597  307.508 -593.267   19.811
      10       10       10 -9.32244 -34.1451  304.601 -581.379 -5.28351
 37.5196 -4.51445  37.5196 -40.2302 -19.4871  258.236 -582.961  20.7035
 103.724 -7.57919  103.724 -118.074 -12.9912  118.074 -545.644 -83.2637
 35.6737 -35.6737  35.6737 -31.3146  9.82719  259.341 -588.429  30.3756
 57.0694  6.28917  57.0694 -52.6075 -32.5823  270.768 -685.007 -9.97524
  141.91  9.65767   141.91  -151.66 -33.9698   151.66 -746.609  33.6033
 42.3978  42.3978  42.3978 -26.7427 -69.7407   293.08 -698.629  2.08195
 31.2696  31.2696  31.2696 -8.96071 -55.0994  285.771 -668.012  53.4689
   29.365    29.365    29.365  -6.67192  -58.7198   291.159  -656.747 -0.656894
 16.7756 -8.80375  16.7756  20.9447 -4.27389  307.721 -702.353  67.6841
 57.7911 -57.7911  57.7911 -40.6877  20.3181  214.988   -598.6 -23.5221
 75.8992 -75.8992  75.8992 -62.1237  72.8231  85.0238 -461.833 -18.5058
     -10   5.4718       10 -67.9919 -50.4281  204.977
