 5.01039 0.588152       10       10      -10       10 -249.253  91.6642
     -10      -10       10 -54.5479 -50.7373  217.814   -230.5 -23.6815
 59.8032  14.5153  59.8032 -129.831 -36.0356  207.292 -561.173  11.2264
      10      -10       10 -77.9338 -31.1639  318.052 -552.942 -15.0274
      10      -10       10 -70.2519 -19.5491   307.03 -562.223  22.5594
      10      -10       10 -64.0063 -21.8109  304.456 -572.857  2.90667
      10       10       10 -60.2789 -39.5298  307.974 -591.446  17.1074
      10      -10       10 -52.8321 -17.0987  304.239 -607.594  22.3629
     -10 -6.41573       10 -26.3535   -19.13   303.83 -628.652  12.9291
     -10      -10       10  -18.555 -7.84566  304.696 -663.989   44.419
 93.7617 -6.05893  93.7617 -120.831 -8.06593  120.831  -619.31 -39.7002
      10      -10       10 -33.3541 -6.95631  306.571 -658.192  55.6739
      10      -10       10 -36.2823 -16.8524  306.248 -613.516 -12.7873
 36.7336 -36.7336  36.7336 -71.0268  13.4486  280.778 -619.777  51.4202
 71.7381 -71.7381  71.7381 -113.415  41.8061  244.416 -633.577 -59.3538
 107.656 -107.656  107.656 -161.919  88.5963  208.011 -635.215  55.0014
 121.597 -121.597  121.597 -176.056  88.3128  185.144 -614.584  -144.04
 118.792 -106.485  118.792 -188.623  94.4997  188.623 -524.943  68.8099
 149.589  149.589  149.589 -233.588  -231.51  359.118  -880.38 -294.237
 4.06317    273.6    273.6 -136.043 -302.741  436.653 -1326.16   9.7024
      10       10       10 -76.5102 -47.9918  132.151
