-47.1837 -47.1837  47.1837 -18.1245  23.9461  429.451 -902.514  86.4404
 -32.091  -32.091   32.091 -13.6212 -29.1831  407.581  -896.24  16.8955
 44.5078 -44.5078  44.5078 -67.4105  24.0694  277.587 -760.341  78.2605
       10       -10        10   -33.165  -18.1499   320.363  -647.283 -0.662142
 3.59349      -10       10 -23.5713 -10.4221  309.489  -616.67  34.1364
-2.70578       10       10 -16.7236 -33.2591  308.532 -598.649  7.50286
     -10       10       10 -7.17076 -32.9757  309.209 -594.214  12.3384
 10.1269  10.1269  10.1269   -25.48 -34.4965  308.191 -585.326  20.7301
 13.4994  13.4994  13.4994 -28.2148 -38.9445   306.05 -582.558 -10.6701
 38.7224 -8.57897  38.7224 -55.7871 -16.0794  254.591 -565.233  23.3296
 16.4366 -14.2292  69.9378 -35.2513 -6.17109  184.765 -547.831 -94.9332
   25.91 -8.26701  75.5296 -43.5602 -17.5697  217.388   -627.8  31.3574
 69.5197  2.24812  69.5197 -80.8948 -30.9334  252.504 -688.823 -13.9434
 37.2934  21.3514  89.5351 -46.5003 -48.4374  230.346 -735.494  47.7602
  38.3856   45.0755   100.422  -47.6466  -75.2436   222.212  -753.203 0.0279515
 84.8447   59.511  84.8447 -83.3611 -83.8728  236.122 -760.208  56.9272
 42.6209  62.4616  110.856 -48.7652 -92.3405  199.665 -749.162  -2.7166
 46.9985 -46.9985  46.9985 -21.8409  36.3909  291.402 -793.878  77.0529
-44.9582 -121.039  121.039  42.6188  91.3446  91.3446 -613.488  -4.9043
-40.7471 -56.7483  56.7483  58.9158  58.9158  58.9158 -417.299  14.6993
     -10 -4.27147       10 -64.3034 -32.7572  186.451
