     -10      -10       10 -64.6036 -13.4796  371.685 -641.472  75.3182
     -10      -10       10 -79.7934 -52.2866  435.421 -673.485 -53.4703
 63.7319 -22.0262  63.7319 -120.282  1.23091  228.287 -672.805  39.6931
      10      -10       10 -63.0271 -20.1003  326.914 -597.109 -25.7347
-5.90116      -10       10  -38.526 -11.0563  305.295 -578.034  22.9698
      -10  -9.38734        10   -32.031  -12.7618   308.132  -581.097 -0.100239
      -10 -0.769339        10  -28.0253  -20.4133    307.12  -588.249   12.3267
-9.88792  1.84386       10  -24.438   -23.89  306.018 -592.815  20.3605
-4.35603       10       10  -27.375  -33.748  308.144 -598.143 -3.29423
      10  5.09915       10 -35.7931 -30.4203  285.242 -566.166  32.5351
 6.31892  5.69999       10 -22.0037 -28.8886  236.641 -506.724 -75.1836
 3.12984   13.118   13.118 -24.5283 -40.1386   281.67  -570.36  38.3062
 10.7999  10.7999  10.7999 -31.7607 -37.9545   310.22  -606.15 -8.23505
 9.34581  18.3634  18.3634 -28.7914 -43.5085   299.86 -614.189  41.0004
 11.1753   24.115   24.115 -30.8334 -51.1257  296.295 -615.975 -4.79593
 18.5926  18.5926  18.5926 -33.2968 -40.4218  302.121 -614.664  41.0132
 13.5039  13.5039  13.5039 -27.2325 -41.0986  304.086 -583.402 -15.6254
       10       -10        10  -13.8188 0.0760853    318.35  -638.506   50.4866
-46.4637 -73.4938  73.4938  24.2252  39.1394  198.991 -568.648 -38.7144
-56.5213  -90.942   90.942   51.188  90.2569  90.2569  -535.27  30.4783
     -10      -10       10 -47.3882 -37.4981  144.813
