 -2.85539 0.0637602   23.5247  -8.52188  -11.2566   171.763  -503.995   107.214
-1.72102   18.913  29.7057 -44.4417  -78.513  302.592  -610.63  18.2816
 39.7399 -24.7613  39.7399  -68.757  7.11051  280.149 -702.461  49.3706
 12.6569  12.6569  12.6569  -37.909 -41.1329   308.65 -630.323  8.23191
 5.38264       10       10 -25.7144 -29.9321  309.401 -629.621  34.7457
0.514385  7.05231       10  -19.026 -29.3498  308.458 -618.421  17.6889
-0.186008   4.46817        10  -15.4517  -25.6369   310.024  -621.188   18.8273
0.498444       10       10 -13.3266 -32.1888   309.67 -620.604  30.0006
 2.94547       10       10 -13.2687 -33.7601   310.01 -619.495 -1.96021
      10 -6.41454       10 -15.5532 -18.5899   287.08 -583.284  38.9995
 12.0398 -12.0398  12.0398 -13.7631 -10.1353  256.013 -538.279 -78.9176
  10.059  -10.059   10.059 -12.1041 -14.4751   287.18 -573.664  43.4937
 12.0917 -12.0917  12.0917 -14.6265 -12.4026  307.928 -602.933 -18.8091
  12.514  -12.514   12.514 -13.0268 -7.74954  307.947 -600.415  42.4518
 18.6228 -18.6228  18.6228 -19.8818 -4.27244  303.073 -595.203 -24.8563
 21.4346 -21.4346  21.4346 -20.9084  5.27745  299.778 -594.754  40.2185
 21.9796 -21.9796  21.9796 -22.9164 -3.53162  293.747 -559.737  -55.918
      10      -10       10 -6.31458 0.215438  308.411 -547.316  44.8503
 10.9241  10.9241  10.9241 -14.7999 -66.1304  395.021 -621.637 -136.546
 9.88096  34.5092  34.5092 -14.9605 -48.3311  369.938 -651.875  7.96352
 10.6426  10.6426  10.6426 -91.7648 -54.6792  192.535
