    7.77 0.604268       10       10      -10       10 -242.416  123.597
     -10       10       10 -48.7395 -72.0633  234.916 -256.471 -19.4764
-8.60582 -5.42364  52.1459 -52.1736 -15.6193  244.391 -578.928  7.41089
      10      -10       10 -62.1289 -26.3227  315.913 -552.263 -16.2972
5.72459     -10      10 -51.845 -16.015 310.137 -568.85 17.5192
-3.12898      -10       10 -37.9834 -18.0689  308.289 -578.473  4.64489
     -10 -7.43843       10 -26.6238 -18.5245  309.611 -596.686  11.7292
     -10       10       10 -20.6426 -35.5971  306.839 -614.669  27.5518
     -10      -10       10 -14.6443 -13.6134  307.095 -636.112   3.6473
      10      -10       10 -24.5071  -8.6405  286.623 -636.858  53.1301
      10      -10       10 -16.8167 -3.26973  263.585 -616.427 -49.8973
      10      -10       10 -20.1676 -8.57254    288.7 -634.887  64.1529
      10      -10       10 -25.5485 -16.2143  310.363 -629.724 -18.6566
 29.3951 -29.3951  29.3951 -50.1886  6.72121  289.403 -628.425  57.0444
  61.409  -61.409   61.409 -90.2419  32.8006  256.632 -635.857 -55.0321
 87.4557 -87.4557  87.4557 -125.534   70.101  229.875 -632.404  54.7624
 92.7583 -92.7583  92.7583 -132.566  62.2483  212.887 -583.524 -135.857
 77.0248 -77.0248  77.0248 -126.898  67.3706  233.556 -494.157  60.6145
 84.1423  84.1423  84.1423 -146.164 -157.265  422.985 -774.926 -320.458
-18.5784   186.22   186.22 -73.4155 -209.569  446.233 -1097.66  31.7525
      10       10       10 -84.8014 -51.8926  168.114
