-34.4215 -34.4215  34.4215  -38.807  10.9822  429.945 -874.358  98.5321
-27.3182 -27.3182  27.3182 -40.9245 -33.8497  455.668 -910.026 -2.33244
-15.7393 -38.9623  49.3143 -16.9779  19.6975  265.641 -751.194  69.4332
     -10      -10       10 -21.1876 -17.9233  315.604 -628.316 -1.72558
-6.31854      -10       10  -19.747 -10.2279  305.527 -608.882  32.0375
-4.40134 -4.07306       10 -20.6409 -18.7251  307.502   -594.5  7.27558
-3.96172       10       10 -17.9475 -32.5861  307.677 -592.438  12.2271
-3.89037       10       10 -15.3895  -33.405  308.805 -588.518   21.831
-3.50375  6.91459  14.7758 -13.8128 -31.3061  303.101 -589.974 -9.80536
-1.57806  1.82409  27.9789 -14.5349 -26.2938  265.013 -561.875  28.6687
 4.46328 -0.69189  42.3392 -18.3106 -20.3609   220.06 -535.635  -91.957
 14.9002  3.13173  46.3907  -27.749 -29.4044  246.338 -593.404  36.3295
 40.2008  19.6261  40.2008 -48.1926   -48.52  280.278  -640.39 -14.4808
 35.0616  20.4329  57.3188 -40.6185 -47.9094  263.031 -680.393  46.7539
 34.4279  34.3699  68.0762 -39.3874 -64.3846  255.969 -699.387 -2.90931
 37.9006  39.4381  66.7228 -35.8104 -63.5174  257.719  -719.41  53.1578
 28.8877   30.573  72.0682 -28.4307 -60.3684  248.383 -696.816 -11.3334
 19.3402 -40.0723  40.0723  2.76285  30.1198  277.872 -717.029  71.9295
-27.1938 -99.9782  99.9782  25.6979  70.2819  87.9534 -518.304 -22.2916
-30.1067  -57.363   57.363   44.213  60.3395  60.3395 -388.526  16.3217
     -10      -10       10 -61.9941 -25.8838  177.636
