     -10      -10       10  -30.187 -7.48306    221.4 -505.905  100.673
     -10      -10       10 -79.4371 -47.5017  403.808     -588 -35.9373
-8.48538 -13.1933  65.7615 -50.8802 -6.74362  224.213 -669.429   32.172
     -10      -10       10 -42.1492 -18.3589  319.657 -595.486 -20.3347
     -10      -10       10 -34.4924 -10.2424  307.222 -591.187  25.0448
     -10  -6.3377       10 -30.6442 -15.2588  306.663 -590.914  3.26434
     -10  1.49714       10  -26.313 -22.1827   307.98 -601.789  14.0108
     -10  4.75231       10 -21.6991 -26.4779   307.35 -609.499  24.5708
-9.07106       10       10 -18.5826 -33.4329  308.849 -619.012 -1.00789
-4.05319  6.77411       10 -15.8979 -32.3888  283.764 -590.122  39.1083
 4.47815  1.38302       10 -14.4213   -24.78  243.951 -546.132 -71.3373
      10  3.46577       10 -24.5234 -29.3272  284.432  -584.78  43.9261
      10  4.17776       10 -26.0663 -29.0348  310.784 -609.393 -11.0452
      10 -1.87817       10 -24.0692 -19.5831  309.759 -597.179  38.8642
      10      -10       10 -23.3747 -13.2196  310.318  -579.85 -13.8899
      10      -10       10 -20.7396 -7.65892  310.163 -575.161  32.8448
      10      -10       10 -21.0933 -15.3337  305.727 -542.956 -35.1076
        10        -10         10   -16.0939 -0.0452575    309.571   -560.644    31.9929
-1.76449      -10       10 -14.5685 -37.3414  346.268 -538.978 -87.1883
 1.70156      -10       10 -5.36159 0.975248  328.017  -565.37  15.7076
      10      -10       10 -65.2632 -37.1114  140.655
