-22.3635  38.6668  38.6668  40.9641 -40.9641  40.9641 -356.105  145.021
-86.3723  86.3723  86.3723  72.8492 -143.354  143.354 -537.029  28.8396
-23.9153  22.0743  73.0646  27.6555 -36.8172   242.99 -758.805  54.4606
 35.4724  35.4724  35.4724 -20.7224 -70.6088  283.975 -710.736  26.4115
-4.64236  16.2358  16.2358  25.2152 -41.9418  306.547 -687.827  49.9185
     -10       10       10  32.9944 -38.5416  308.875 -662.318  31.0606
-9.14933       10       10    33.63 -36.2954    310.3 -658.551  28.0881
0.172443       10       10  26.1496  -35.963  308.968 -652.241  36.3272
      10       10       10  17.4438 -35.4446  308.403 -643.238   1.7039
      10      -10       10  18.5801 -12.3268   289.48 -607.147  40.6092
      10      -10       10  17.7042 -7.65355  278.456 -574.313 -76.1572
      10      -10       10  20.7935 -10.9857  289.392 -593.247  47.0359
 15.9409 -15.9409  15.9409  15.6624 -9.35798  301.894 -620.632 -31.0114
 35.9628 -35.9628  35.9628 -7.30309   14.456  282.229 -636.312  50.1994
 56.4659 -56.4659  56.4659 -30.9807  28.8913  261.907 -646.664 -55.1303
 76.6365 -76.6365  76.6365 -56.1621  57.3852  240.641 -648.295  56.8841
 87.1831 -87.1831  87.1831 -69.0798  53.7682  220.275 -624.101  -111.68
 77.3414 -77.3414  77.3414 -61.2376  58.8549   241.74 -587.694  79.3604
 40.1644  40.1644  40.1644  4.57636 -111.817  464.491 -815.046 -227.728
 10.8723  91.8736  91.8736  22.9821 -109.861  458.819 -901.044  34.4898
  57.136   57.136   57.136 -140.811   -92.68  140.811
