     -10       10       10   24.674 -20.0627  247.317 -564.335  118.606
 -14.454   14.454   14.454  17.1205 -79.1291  321.218 -617.376  19.9118
 2.08094 -21.4589  34.9172  11.4003  4.01366  291.501 -702.078   54.201
 14.1127  14.1127  14.1127   2.5647 -43.3667  306.993 -644.846   6.2127
      10       10       10  11.1372 -29.8138  311.297 -646.042  37.6374
      10       10       10  12.6693 -32.3238  308.838 -635.957  16.6368
      10       10       10  15.1921  -31.147  309.745 -638.193  21.3096
      10       10       10  17.5648 -32.1402  309.142 -637.776  28.3691
      10       10       10  19.6987 -33.5687  308.777 -636.695 0.999526
      10 -8.78511       10  21.0057 -16.2495   284.27 -596.409   35.305
      10      -10       10  21.7972 -12.4773   251.66 -546.602 -72.7443
      10      -10       10  23.9155  -14.626  283.483 -587.785  37.5637
      10      -10       10  26.4328 -14.2494  307.647 -619.103 -14.6901
      10      -10       10  27.9914 -10.5994  306.891 -613.449  35.7927
 12.1562 -12.1562  12.1562  25.5092   -10.66  305.229  -601.83 -18.7325
 16.8104 -16.8104  16.8104  21.6418 0.341139  299.621 -601.823  32.1518
 21.5786 -21.5786  21.5786  13.1781 -4.10889  288.423  -567.22 -45.3637
 11.1938 -11.1938  11.1938  29.3296 0.575309  306.423  -571.33   33.694
      10      -10       10  31.7331 -44.4493  400.177 -638.674 -110.085
      10       10       10  29.8465 -24.2404  357.062  -573.63 -7.76743
 17.3724  17.3724  17.3724 -85.7953 -63.0642  197.035
