-49.8491 -49.8491  49.8491 -13.1775  27.5226    453.4 -960.858  99.9112
-38.2099 -38.2099  38.2099  -6.6516 -25.8405  419.661 -931.054  10.5822
-41.9998 -41.9998  41.9998  22.0197   20.667   275.22 -730.671  80.0042
     -10      -10       10 -9.64317 -17.6643  311.771 -626.301 -4.57222
-3.61505      -10       10 -14.0012 -10.1274  311.822  -613.31  33.7091
-1.28225       10       10 -15.0931 -33.0873  308.714 -595.756  5.33704
-0.382453        10        10  -13.3105  -33.0623   308.575  -592.354   13.2935
-2.23304       10       10 -9.41639 -34.4265   309.14 -587.179  20.0497
-4.36882  13.3559  13.3559 -5.95202 -38.6474  306.624 -587.561 -9.87139
-4.32787 -6.78417   43.398 -9.51777 -17.4133  250.184 -575.248  23.6142
 2.36017 -5.85359  61.5203 -14.6713 -14.1732  194.974 -547.929 -93.0859
   16.63 -5.05604  67.5376 -28.3605 -20.5386  225.704 -618.287  31.0677
 63.2313  5.03533  63.2313 -69.1712 -33.7995   258.28 -676.475 -10.8576
  72.539  19.1674   72.539 -74.4298 -46.7965  248.351 -707.709  44.2759
 82.0626  39.6234  82.0626 -83.2246 -69.7577  240.324  -723.51  4.70134
 82.4466  51.1282  82.4466  -76.595 -75.6395  235.776 -743.656  50.7271
 82.8749  47.9105  82.8749  -78.007 -77.6185  238.196 -727.466  4.33555
 29.4709 -15.9213   66.555 -5.21583  5.74752  260.995 -788.832  61.0524
-37.5965 -116.109  116.109  37.3485  85.4613  85.4613 -572.297  5.14625
-40.7527 -56.2136  56.2136  58.4168  58.4168  58.4168 -394.942 -8.91341
     -10 -9.43436       10 -65.4117 -27.8628  185.787
