     -10      -10       10  4.97528 -5.07649  300.702 -621.745  109.052
     -10      -10       10 -2.77683  -53.304  358.983 -668.174  9.60008
-0.607124  -28.5324   32.0679  -0.83682   8.92547   293.737   -692.69    55.722
      10       10       10 -8.56519 -38.2906  311.974 -628.487  1.96459
      10       10       10   -4.828 -29.2592  311.519 -633.087  34.2937
      10       10       10  -2.9343 -31.3993  309.374 -624.218  14.1516
       10        10        10 -0.172027  -30.4065   309.879  -626.415   18.9995
      10       10       10  2.16443 -31.7921  308.983 -624.272  27.1864
      10       10       10  4.15927 -33.8088  309.089 -622.229 -1.68954
      10  1.00432       10  5.72783 -27.7471  287.978 -583.442  34.1312
      10      -10       10  7.44876 -14.6446  265.854 -545.755 -77.4053
      10  -4.7337       10   9.4306 -22.0572  288.653 -579.822  39.0597
       10 -0.814497        10   11.9172  -24.2495    310.17  -612.746  -16.7966
      10 -2.46641       10   14.362 -18.7425  309.089 -611.201  40.6963
      10 -3.21488       10  15.0934 -19.8753  309.231  -600.79 -18.2179
      10 -6.52743       10  17.7048 -10.6183  307.372 -598.856  42.1453
      10  -7.7011       10  16.0793 -17.4717  304.706 -570.002 -39.9788
      10 -6.89301       10  21.6903  -3.1217  311.309 -596.937  48.2752
      10      -10       10  12.9108 -36.6684  342.861 -561.854 -97.0757
     10      10      10 10.3782 -21.819 261.728 -440.86 3.15172
      10       10       10 -80.4055 -58.6763  203.606
