-119.817 -119.817  119.817  67.4999  101.089  424.999 -1181.51  126.333
-93.2349 -93.2349  93.2349  67.4031  38.0708  373.425 -1087.55  51.4411
-39.0785 -39.0785  39.0785  40.7428  22.0676  287.638 -779.609  93.4841
     -10      -10       10  10.1572 -13.9724   305.98 -640.541  11.1949
    2.298  -2.24572        10 -0.887055  -16.3786   308.129  -624.923   35.2243
      10      -10       10 -7.70069 -12.7081  310.411 -609.643  10.1652
      10       10       10  -5.2195 -33.7719  311.234 -604.483  13.0846
 10.9319  10.9319  10.9319 -3.77693 -36.2081  309.104 -596.366  21.0056
 15.1619  15.1619  15.1619 -6.76598  -41.156  304.243 -591.115 -11.8637
 35.6758 -4.45025  35.6758 -30.2572 -19.8705  258.242 -561.753  22.5331
 53.5822 -8.62117  53.5822 -49.0973 -10.8437  207.294  -532.71 -99.8807
 59.4811 -6.69546  59.4811  -50.375 -18.4839  233.683 -604.151  29.8215
 64.2294  4.37613  64.2294 -47.9563 -33.1501  254.688 -676.828 -13.3961
 69.7502  15.3316  69.7502 -46.8587 -43.2106  249.378 -712.809  46.2327
 76.1396  33.9581  76.1396 -50.5647 -64.8655  245.676 -730.045  6.83021
 73.9927  47.1959  73.9927 -39.3737 -72.3562  246.027 -759.455  56.4417
 77.2536   56.046  77.2536 -43.4313 -87.6292  246.714 -747.798  7.38656
 53.0412  16.2807  53.0412  1.63993 -28.6128   272.18 -793.976  63.8964
 1.36384  -107.79   107.79  13.0089  75.1928  75.1928 -528.129 -8.73278
-12.7667 -29.2112  29.2112  36.5441  36.5441  36.5441 -276.572 -30.9429
-15.1292  1.64656  15.1292 -59.2187  -27.369  193.773
