  -34.759   -34.759    34.759 -0.961245   14.2985    389.67  -846.063   117.529
 -27.484  -27.484   27.484 -2.13434 -36.1505  389.528 -815.661  21.5127
 -15.395 -34.5959  34.5959  4.18876  13.9568  290.076 -712.939  67.6961
      -10 -0.273596        10  0.977742  -26.8742   310.674  -626.914   3.55455
-0.348485        10        10  -4.86904  -29.1184   310.253  -625.115   34.2762
 4.94492       10       10 -7.70171 -31.6478  309.183 -614.916  12.9272
      10       10       10 -9.38781 -31.1579  310.274 -615.327   17.222
      10       10       10 -6.36485 -32.3716  309.699 -611.425  25.9069
      10       10       10 -3.58579 -33.9191  308.983 -606.469  -4.6703
      10  2.96348       10 -1.14296 -28.1426  285.489 -561.434  31.4282
      10      -10       10  2.41883  -12.533  255.345 -514.768 -83.5306
      10 -0.53507       10  4.96932 -25.4987  285.201 -560.344  36.5229
      10  4.64035       10  9.33776 -31.1859  309.362  -603.92 -14.3174
      10  5.11565       10  13.9387 -29.0397  309.758 -611.628  41.6806
  10.769  10.5981   10.769  15.2822 -36.7504  310.928 -608.874 -8.39417
      10       10       10  21.4276   -30.25   309.12 -614.754  43.6353
 11.3548  11.3548  11.3548  18.9743 -38.0994  306.801 -589.818 -23.2589
      10  5.47572       10  29.8874 -15.4666  309.771 -623.312  45.4974
 7.26862 -18.7264  18.7264  16.0881 -20.3111  268.871 -487.344 -71.1124
 6.34021 -37.5229  37.5229  7.42853  32.2053  115.479 -317.551 -21.6797
      10  4.01382       10 -88.5796 -47.2678  199.772
