     -10      -10       10 -7.93576 -4.27796  157.784 -470.237  120.323
     -10      -10       10 -67.6764 -46.4161  378.943 -533.778 -29.2657
 -7.80157  -18.3588   61.7428  -45.5172 -0.309458   231.486  -661.229   27.0122
     -10      -10       10 -35.7014 -18.1822  319.598 -593.018 -19.7844
     -10      -10       10 -27.9155 -10.0707  308.765 -598.347  24.1466
      -10 -0.857183        10  -23.8396  -21.0807   308.512  -602.105   4.91153
     -10       10       10 -19.2698 -30.7931  309.106  -614.08  14.7529
     -10       10       10 -14.2712 -31.9041  307.377 -622.685  26.7253
-4.33253       10       10 -15.3834 -33.0565  309.437 -637.722  1.30413
0.917935       10       10 -12.8922 -34.7648  284.672 -614.743  43.4316
 8.11515      -10       10 -9.90199 -11.5913  244.308 -575.301 -68.6666
 7.91849      -10       10 -15.0768 -14.5685  285.924 -604.367  47.8745
      10      -10       10 -19.4189 -14.1855  312.339  -620.03 -11.9293
      10      -10       10 -18.0391 -11.0399  310.006 -601.333  39.3903
      10      -10       10 -17.9895 -13.0605  309.932 -578.208 -18.4355
      10      -10       10 -16.0048 -6.67277  309.671  -569.03  30.7637
      10      -10       10 -18.0207 -14.7001  304.031 -522.807 -49.7804
      10      -10       10  -15.495  1.13886  307.832 -525.394  22.8866
-0.955873       -10        10  -14.9437  -39.7483   386.794  -563.348  -134.313
 4.52584       10       10 -10.0753 -21.5272  388.164 -611.468  7.10496
      10      -10       10 -65.8841 -34.9163  149.777
