-35.1106 -35.1106  35.1106  1.86491   13.384  400.179 -839.416  88.1777
-24.1485 -24.3429  24.3429 0.889284 -41.0312  377.436 -783.124  31.3186
 35.6585 -35.6585  35.6585 -45.3439  13.8602  294.554  -717.76  55.0671
      10      -10       10 -19.2236  -18.891  321.677 -633.334   2.5534
      10      -10       10 -15.5589 -9.91453  311.518 -614.395  27.0755
      10       10       10 -14.1159 -32.2303  311.683 -606.795  9.61975
      10       10       10 -11.0884 -31.7336  310.258 -604.811  13.1666
      10       10       10 -8.67982 -32.5517  308.612 -599.494  21.1708
      10       10       10 -6.98805 -34.0271  307.853 -591.918  -3.9391
      10       10       10 -6.11171 -34.4297  284.374 -541.181  20.2798
 20.1337 -20.1337  20.1337 -15.0932 -1.09332  216.152 -461.104  -77.463
 14.7567 -14.7567  14.7567 -5.97817 -10.8417  278.798 -549.862  26.4206
 13.4452  13.4452  13.4452 0.386005 -40.4215  306.619 -606.401 -8.80564
 23.6652  9.48606  23.6652 -6.39431  -34.624  293.772 -632.448  40.0119
 28.3049  20.7943  28.3049 -9.04607 -48.0498  295.082  -649.46 0.917732
 27.5767  27.5767  27.5767 -2.64718 -49.8122  291.847 -660.252  47.3469
 30.4775  30.4775  30.4775  -6.3782 -58.7791  286.444 -643.614 -2.93504
 12.9195  12.9195  12.9195  26.3525  -24.871  311.086 -682.757  56.3133
 32.4699 -32.4699  32.4699 -10.0405 -7.67515  257.912  -570.05 -27.0359
 13.2468 -53.5241  53.5241  4.43327  49.3899  126.158 -441.228 -31.0643
     -10  6.83856       10 -66.6511 -51.7705  202.787
