 -41.642   41.642   41.642  51.2617 -51.2617  51.2617 -373.533   116.29
-43.7113  43.7113  43.7113  13.8479 -101.238  232.793 -529.378  20.5483
-20.3864 -23.4198  36.6132  6.14002  8.44411  286.405 -697.461  46.3823
      -10        10        10 0.0990125   -40.457   313.284  -635.073   13.2371
     -10       10       10  3.95276  -32.279  310.918 -638.065  36.6136
-7.85601       10       10  3.20633 -35.5863  309.178 -625.562  19.9152
 -4.5763       10       10  2.55253 -34.2466  310.543 -628.667  20.7658
-1.10631       10       10  1.60136 -34.5571  309.878   -627.2  30.3867
 1.77609  4.65005       10  1.56959 -29.2045  308.859 -626.954  1.00253
 5.22611      -10       10  2.03622 -13.0978  287.391 -594.715   39.031
 8.68341      -10       10  1.50626 -9.13994  264.624 -558.324 -68.9403
      10      -10       10 0.244167 -12.0905  287.695 -586.454  43.7245
 12.3265 -12.3265  12.3265 -2.74186 -12.0357  307.308 -611.953 -20.0639
 27.9901 -27.9901  27.9901 -20.6954  7.07351  291.593   -620.8  41.5032
 43.0461 -43.0461  43.0461 -38.4983  18.2522   276.76 -623.326 -34.3885
 54.4795 -54.4795  54.4795 -52.0057  36.9053  263.704 -621.015  40.4027
 56.8106 -56.8106  56.8106 -56.1548  27.3035  251.955 -582.225 -75.3366
 39.8298 -39.8298  39.8298 -37.5417  23.9512   284.02 -563.762  49.8205
 22.7201  22.7201  22.7201 -14.8388 -91.1284  450.884 -741.962 -169.979
 4.01873  74.9115  74.9115 -9.32769 -95.6347  441.419   -835.1  4.97863
  13.774   13.774   13.774 -97.0347 -53.5214  194.429
