-50.1945  57.8597  57.8597  61.0028 -61.0028  61.0028 -452.409  88.2644
-91.9499  91.9499  91.9499  70.8407 -159.011  159.011 -574.271  44.0985
 88.6899    37.68  88.6899 -94.6873 -58.9203   208.73 -750.773  41.8381
 20.2859  20.2859  20.2859 -13.6506 -56.3462  302.868 -675.875  34.4668
      10       10       10  1.15203 -36.4243  312.133 -662.829  39.6823
      10       10       10  1.31709 -37.9621  309.834  -643.19  29.7861
      10       10       10  2.97606 -36.7002  311.283 -641.489  22.0853
      10       10       10  4.81696 -35.9508  308.797 -634.153  32.2124
      10      -10       10  8.18126 -13.9703  307.738 -637.463  7.53369
      10      -10       10  10.5637 -9.00218  283.424 -600.328  36.5096
      10      -10       10  11.2191 -3.49241  237.503   -520.8 -55.3022
      10      -10       10  12.3419 -8.30512  281.837  -582.42  40.6597
      10      -10       10  12.7926 -14.7412  309.162 -609.688 -23.5148
 35.6482 -35.6482  35.6482 -17.6182  12.0639  279.797 -621.705  44.2588
 60.8068 -60.8068  60.8068 -48.2684  32.6028  260.493 -637.788 -55.0922
 95.1455 -95.1455  95.1455 -90.9932  74.7978  219.485 -645.958  45.9368
 114.199 -114.199  114.199 -111.983  80.9125  210.663 -666.929     -116
 115.399 -115.399  115.399 -122.859  100.881  184.234 -572.147  61.0207
 96.2628  96.2628  96.2628 -83.3754 -168.345   389.19 -827.821  -218.52
 139.107  139.107  139.107 -126.521 -156.059  497.829 -1093.99 -21.5378
 16.2813  69.5243  69.5243 -105.112 -105.112  105.112
