-81.2974 -81.2974  81.2974  18.0093  59.1494  432.472 -1057.91  110.736
-55.8918 -55.8918  55.8918  15.7801 -1.83647  411.692 -1011.56  33.0135
-40.3116 -40.3116  40.3116  27.4237  20.9327  279.208 -761.238  84.1614
     -10      -10       10 -3.75482 -15.7435  309.889 -636.574   5.7239
     -10      -10       10 -2.05219 -9.54615  309.989 -618.789  31.7973
      10      -10       10 -20.8954  -12.641  309.251  -600.69  8.74933
 10.1333  10.1333  10.1333 -18.4918 -33.7305  309.532 -596.859  11.2836
 6.06469   11.818   11.818 -12.4625 -36.7313  307.575 -590.938  21.3674
 4.98278  11.8122  11.8122 -9.51329 -37.9004  307.285  -579.83 -12.7404
 18.0775  18.0775  18.0775 -22.4423 -43.1033   279.68 -538.702  23.9793
 57.5296 -29.4749  57.5296 -66.0059   9.6242  210.547 -542.243 -100.586
 62.4444  -27.609  62.4444 -66.9697  1.78526  231.694 -606.922  32.0814
 35.6686  35.6686  35.6686 -28.8287  -65.384  286.871 -640.517 -13.2484
 45.3549  45.3549  45.3549 -32.9383  -73.816   276.69 -681.473  50.7559
  86.406  24.5197   86.406 -78.2795 -55.2253  235.284 -739.763   4.4179
 94.0773  45.9888  94.0773 -79.5216 -70.6106  225.016  -778.57  59.5484
 92.2747  58.9508  92.2747 -78.8344 -89.4277  231.046 -755.102 0.363154
 37.0946 -37.0946  37.0946  4.39512  25.1734  290.521 -765.507  76.2279
 -11.069 -102.958  102.958  17.1498  73.2973  73.2973  -513.91 -11.8737
 -17.485 -34.2945  34.2945  39.6284  39.6284  39.6284 -307.083 -4.40303
     -10 -5.34203       10 -62.2133 -26.1584  189.255
