-23.4742  50.8831  50.8831  29.1929 -58.2269  71.3453 -449.062  129.352
-59.6907  59.6907  59.6907  32.0507 -118.724   225.45 -599.494  25.8239
-23.8198 -4.47468  55.2427  11.8289 -11.6846  273.905  -759.61  59.1809
-9.99254  26.4466  26.4466  3.73584 -57.4266  294.839 -677.637  17.7707
-0.0157438    13.3674    13.3674   0.507371   -35.2373    305.184   -658.197    45.4552
  3.40879        10        10 -0.781575  -34.6687   307.738  -639.882   23.4055
      10       10       10 -5.01544 -33.2332  311.422   -642.2  24.6367
      10       10       10 -2.25892 -33.6939   311.91 -641.031  32.9854
      10       10       10 0.346002  -34.176  311.525 -637.845   1.2768
      10   -7.299       10  3.68893  -16.167   287.42 -597.192  39.8261
     -10      -10       10  26.0177 -9.73074  260.658 -550.739 -75.4999
 3.25825      -10       10   13.772 -12.6307   285.58 -581.384  43.9156
 12.3848 -12.3848  12.3848  5.21117 -12.1401  306.682 -609.941 -21.0959
 24.6248 -24.6248  24.6248  -7.9252  3.96572  294.655 -615.956  41.4703
 35.9625 -35.9625  35.9625 -21.1026  11.5057  285.334 -614.729 -35.3197
 44.9236 -44.9236  44.9236 -30.7987  27.8366  275.339 -611.586  35.9442
 50.7341 -50.7341  50.7341 -39.4811  22.0166  257.098 -569.605 -76.6045
 40.3776 -40.3776  40.3776 -26.9072  26.7053  275.944 -552.722   42.154
 14.3776 -4.01457  14.3776   11.561 -59.9103  452.398 -714.703 -170.927
 23.1656  50.5158  50.5158 -2.21583 -67.9001  434.348 -769.279  6.31891
 32.9379  32.9379  32.9379  -120.37 -72.9221  174.722
