-37.2553  37.2553  37.2553  52.8275 -43.1954  52.8275 -339.177   125.99
-83.0915  83.0915  83.0915   71.292  -141.27   141.27 -505.412  22.2037
 -40.694  20.6598  71.2314  46.2603  -35.761  243.534 -739.416  50.2716
-19.9077  19.9077  19.9077   38.441 -54.6714   304.32 -681.687  21.7255
      10       10       10  12.4069  -35.446   313.01 -667.331  46.0281
      10       10       10  13.0448 -38.1406  309.153 -650.094  26.6019
      10       10       10  14.5455 -36.1846  309.987 -648.228  24.9616
-4.83334       10       10  30.6424 -36.0578  308.841 -641.503  32.6173
-3.68089      -10       10  31.3562 -15.2361  307.237 -636.434  1.14676
      10      -10       10  18.7974 -11.6734  287.333 -603.186  38.5399
      10      -10       10  19.0777 -6.86772  268.514 -568.518 -69.0628
      10      -10       10  21.1001  -10.329  287.342 -594.028  44.1575
 10.3129 -10.3129  10.3129  22.2839 -14.6219  307.593 -617.249 -25.4821
 31.5475 -31.5475  31.5475 -2.78477  9.43389  286.122 -631.558  45.4373
  56.453  -56.453   56.453 -31.9048  28.8156  260.309 -646.426 -46.1596
 80.9736 -80.9736  80.9736 -62.7613   60.892  236.548 -655.183  48.6982
 94.8058 -94.8058  94.8058 -79.5504  61.1244   212.92 -636.063 -96.6199
 87.3254 -87.3254  87.3254 -74.1154  68.5759  235.071 -613.189  66.8512
 52.5201  52.5201  52.5201 -12.4509 -124.656  454.808 -846.659 -202.555
 15.8229  113.003  113.003  11.0348 -131.997  448.945 -961.047  18.0776
  56.146   56.146   56.146 -138.985 -92.2344   141.82
