-13.4902 -13.4902  13.4902 -51.8601 -9.46507  413.289 -740.186  73.7426
 36.4608 -36.4608  36.4608 -103.011 -25.8523  389.959 -781.105 -20.6626
 47.1561 -42.5539  47.1561 -85.6159  19.8612  268.964 -691.627  46.9782
     -10      -10       10 -26.2156 -19.3173  317.894 -593.723 -12.8809
     -10      -10       10 -20.4301 -10.6853  307.055 -581.719  21.3051
     -10      -10       10 -17.7089  -12.381  308.281 -580.694  3.13944
     -10       10       10   -13.97 -33.7546  308.449 -586.787   11.958
 11.0711  11.0711  11.0711 -31.0386  -35.816  309.672 -601.443   21.525
 21.6606  21.6606  21.6606 -41.9402 -55.6384  298.095 -609.557 -1.19376
 30.6606  30.6606  30.6606 -43.0836  -59.493  244.543 -575.601  22.5379
 34.7983 -34.7983  34.7983 -41.3943  10.5518  219.685 -558.648  -66.922
 133.095 -19.4763  133.095 -163.839 -8.00458  163.839 -737.642  43.0026
 146.558 -8.35323  146.558 -172.455 -9.75926  172.455 -824.207  -12.037
 146.546 -1.51609  146.546 -170.813 -22.4584  170.813 -809.603  40.7865
  148.97  5.67765   148.97 -171.304 -30.4891  171.304 -812.082 -6.85159
 149.818  14.8965  149.818 -170.722 -36.6663  170.722 -802.714  37.9232
 141.976  11.7388  141.976 -161.606 -38.5413  161.606 -744.004 -24.1043
 42.2462 -2.87283  42.2462 -36.0578 -9.13256  297.741 -686.191  42.3399
-56.0689 -56.0689  56.0689  49.7568   21.638   201.69 -498.915 -48.1242
-36.9048 -36.9048  36.9048  42.2205  33.9518      147 -392.472 -17.8469
     -10      -10       10 -59.1661 -46.8689  184.105
