-12.2376 -12.2376  12.2376 -35.2165  -5.0608  338.998 -684.508  84.2084
-16.9617 -16.9617  16.9617 -41.3981 -46.9145  386.129 -735.894  26.4959
  -72.69 -16.5829    72.69  33.0506  -4.5266  235.001 -727.294  51.2198
      10       10       10 -42.9031   -38.04  333.303 -662.839  9.52944
 127.029 -2.89981  127.029 -175.508 -15.8689  175.508 -752.934  23.7788
 128.038 -4.38825  128.038 -174.322 -16.8726  174.322 -743.957  7.26019
     -10 -1.31046       10 -11.4492 -18.8001  338.105 -669.344  23.9802
 130.126 -6.81754  130.126  -169.84 -14.9501   169.84 -738.893  19.2489
 139.257 -8.35654  139.257 -178.282 -13.3471  178.282 -782.901 -2.55521
 126.993 -10.8983  126.993 -158.997 -12.8514  158.997 -707.697  22.7007
 100.554 -8.79214  100.554 -121.095 -12.8605  121.095 -561.958 -70.9305
 16.7288 -16.7288  16.7288  -23.387 -8.11314  279.848 -570.089  31.5979
      10      -10       10 -14.8061 -15.5614  310.519 -594.391 -7.62705
 11.2419  11.2419  11.2419 -13.2536  -34.143  308.389 -595.829   34.971
      10      -10       10 -9.89774  -15.078  312.862 -590.937 -8.27716
     -10      -10       10  14.8066 -9.21131  310.654 -594.677  37.2227
      10       10       10  -5.5866 -37.3357  309.522 -574.591 -22.5975
     -10 -6.42427       10  23.4686 -3.12128  309.805 -603.272  42.7568
      10      -10       10 -5.33865 -38.4522  314.678 -546.181  -58.321
     -10       10       10  20.1186 -16.8564   297.83 -530.554 -37.6649
 43.2464  12.3756  43.2464 -141.028 -56.6576  141.028
