-33.9405 -33.9405  33.9405 -31.3066   8.5084  566.538    -1008  62.6493
-105.295 -105.295  105.295  50.1877  40.8736  369.369 -991.403 -55.9442
-49.3733 -49.3733  49.3733  30.2006  23.3304  286.942 -720.338  47.5869
-24.0277 -24.0277  24.0277  3.86895 -8.39879  303.688 -595.731    -29.6
      -10       -10        10 -0.720607  -14.2791   310.488  -574.306   12.5874
     -10      -10       10  3.61944 -16.5288  310.548 -578.423 -4.97936
      10      -10       10 -10.5398 -19.1895  309.826 -592.064  9.95252
 12.4084  12.4084  12.4084 -6.03891 -42.2262  310.775  -627.37  23.0137
-37.4306  37.4306  37.4306   40.422 -80.7697  282.172 -651.158  6.06007
 65.4043  65.4043  65.4043 -53.3756 -93.3471  195.747 -669.132  22.9463
 121.625 -6.18652  121.625 -122.253 -15.4632  122.253 -680.628 -61.2738
 156.439 -49.5068  156.439 -166.308  23.3067  166.308 -797.681  48.5993
 160.658 -20.6589  160.658 -157.246  5.22605  157.246 -862.426 -10.1579
 162.914   6.9649  162.914  -160.79 -35.4539   160.79 -851.484  41.2156
-107.603  40.4252  208.854  105.953 -68.5539  105.953 -913.842 -7.00285
 73.3292   55.285  234.272 -81.7309 -81.7309  81.7309  -916.24  33.3723
-103.481  31.3805  206.415  104.086 -60.2023  104.086 -874.797 -29.4511
-65.3403 -33.6352  151.026   81.216  21.9647  163.417 -800.008  29.7786
-66.6451 -95.5215  95.5215  70.7503  70.7503  70.7503 -427.535  -46.604
-12.5979 -23.4743  23.4743  27.1789  27.1789  27.1789 -190.262 -31.0403
-18.7928 -18.7928  18.7928 -51.2498  -42.463  194.794
