 30.7849  30.7849  30.7849 -27.7242 -41.1587  215.527 -599.341   130.15
 38.6073  38.6073  38.6073 -53.0786 -101.474  314.902  -680.72  20.8445
  42.2521  -17.8943   42.2521  -41.9602 -0.264236   275.211  -705.822    56.637
      10       10       10 -5.60753 -40.1568  314.477 -636.121  4.41113
      10       10       10 -3.26546 -31.1109  311.106 -629.368  32.9519
     -10 -4.14548       10  16.6303 -19.3894  311.094 -609.667  8.43433
     -10      -10       10  18.2607 -12.2638  310.052 -602.006  10.4703
     -10      -10       10  17.3649 -13.3021  312.169 -583.441  13.5299
     -10      -10       10  19.5523 -16.1157  304.305 -569.208 -15.9967
      10      -10       10  -6.9947 -16.8753  289.018 -488.548  16.9104
 18.4404 -18.4404  18.4404 0.569751 -6.12867  229.014 -524.232 -67.4176
-34.7489  34.7489  34.7489  65.9454 -61.5818  247.447 -690.003  48.3211
 -37.548   37.548   37.548  63.0051 -59.7701  284.634 -702.326  2.47227
-48.5843 -5.53968  48.5843  72.6724 -14.9813  264.118 -688.466  45.2348
 -29.967  -29.967   29.967  55.7653  8.14735  291.005 -645.403 -7.67256
-23.9531 -23.9531  23.9531  50.9477  6.81549  293.421 -619.176  36.3495
-21.8444 -21.8444  21.8444  46.8878 -4.72348  296.502 -586.598 -33.4528
-1.56947 -10.4695  10.4695  31.2487 -2.32311  307.456 -574.112    32.09
      10 -6.98804       10  17.9433  -51.825  392.843 -637.199  -74.114
      10      -10       10  22.9727 -2.77827  420.034 -684.466 -30.7492
-10.8183  10.8183  10.8183 -43.6536 -64.7556  177.649
