     -10       10       10  7.15137 -19.3539  82.5294 -510.513  126.461
     -10       10       10  -73.711 -61.3109  390.122 -533.412 -3.67102
  64.538   9.8155   64.538 -116.381 -28.3853  193.875 -671.798  19.9863
      10       10       10 -62.0772  -41.732  330.826 -624.112 -13.3763
      10 -4.40176       10 -51.7424 -19.6573  302.826 -598.493   21.987
      10      -10       10 -50.4919 -14.8086  309.841 -590.813  1.78871
      10      -10       10 -46.0664 -13.1675  306.966 -588.867    8.212
      10      -10       10 -44.3076 -13.4207  310.067 -579.057  15.0372
     -10      -10       10 -18.6175 -14.2745  302.572 -577.759 -11.9765
      10      -10       10 -39.4587  -16.551  290.433 -509.915  31.2941
      10      -10       10 -12.2243 -11.1455  242.941 -601.692 -57.7099
 124.152  35.1294  124.152 -140.645 -61.1728  140.645 -877.472  54.0426
 147.429  12.6733  147.429 -180.289 -35.6922  180.289 -921.443 -2.38512
 134.613 -23.1504  134.613  -162.71  1.53312   162.71 -811.504  44.6328
 29.5663 -29.5663  29.5663 -40.8215  7.19623  309.638 -667.613 -9.55688
 20.7988 -20.7988  20.7988 -30.9398  1.78076  296.974   -582.4  32.4788
  21.649  -21.649   21.649 -35.2725 -5.25095  296.658 -534.908   -50.48
-14.3544 -14.3544  14.3544  2.90743  1.79621  295.486 -493.807  11.1185
-11.5947 -11.5947  11.5947 -9.06424 -46.5716  420.676 -596.937 -128.983
     -10      -10       10  1.40056  2.28791  514.488 -800.391  -18.422
     -10       10       10 -28.2527 -54.7092  114.998
