-62.7268  62.7268  62.7268  67.5297 -70.3687  70.3687 -520.363  135.831
 64.9906  64.9906  64.9906 -93.9798 -121.287  237.971 -641.816  42.5986
 76.5197  19.7613  76.5197 -91.8345 -35.9687  221.797 -746.005  53.4296
     -10       10       10  4.64478   -42.17  316.154 -654.105  21.0181
     -10       10       10  7.08501 -34.8982  308.948 -637.086   38.424
     -10       10       10  7.01293 -37.7628  309.905  -617.45    18.47
     -10      -10       10  9.05668 -15.5203  309.656 -609.832  15.7624
      10      -10       10 -11.1684 -15.8166  309.901 -589.915  21.4249
      10      -10       10 -7.45342   -14.03  303.457 -583.718 -10.7177
 10.3845 -10.3845  10.3845 -14.5694 -15.2585  297.318 -514.704  28.5226
  -20.5899   -20.5899    20.5899    32.6919 -0.0956646    232.416   -533.386   -66.2805
-57.4672  33.1413  57.4672   76.471 -56.5306  228.136 -711.894  44.4686
 151.292  9.03577  151.292 -158.277  -35.375  158.277 -803.376 -9.11415
  151.099  -21.7594   151.099  -156.392 -0.463657   156.392  -788.426   41.0572
 76.8678 -44.8733  76.8678 -67.5043  21.1552   267.02 -728.161 -19.7779
-150.174 -68.3554  150.174  142.596  47.6124  142.596 -710.488  33.8078
-73.6119 -73.6119  73.6119   81.414   44.056  270.802 -667.701 -60.2582
 141.575 -48.5949  141.575  -152.15  28.1393   152.15  -637.23  29.1125
 113.675  5.47558  113.675 -106.149 -76.1907  394.074 -912.057 -132.414
 249.033  18.6324  249.033 -268.539 -36.4933  268.539 -1069.43 -32.3645
 48.1568  48.1568  48.1568 -121.708 -95.1155  121.708
