 44.2485  44.2485  44.2485 -23.4715 -51.1506  51.1506  -439.14  109.323
 91.3477  91.3477  91.3477 -106.325 -158.622  158.622  -657.66  80.8384
 83.6725  12.9516  83.6725 -86.4336 -35.2182  231.155 -843.391  79.8118
  68.409   68.409   68.409 -72.9161 -107.607  258.118  -795.19  52.1822
 144.372  50.9529  144.372 -161.513 -79.6279  161.513 -852.431  53.7187
 149.526  23.8715  149.526 -169.274 -53.7397  169.274 -854.743  35.4175
  149.71  5.45503   149.71 -169.611    -32.2  169.611 -838.031  28.4978
 149.275 -5.25718  149.275 -169.848 -20.4399  169.848 -816.084  30.5221
 147.913 -11.9462  147.913  -169.05 -13.2496   169.05 -789.635 -2.07825
 135.946 -20.6399  135.946 -155.465 -2.58222  155.465 -709.583  20.8245
 115.456 -28.3032  115.456 -130.681  8.88384  130.681 -593.573 -81.5083
 93.1709 -32.7996  93.1709 -102.116  11.2867  209.292 -658.731  23.6467
 146.615 -35.8565  146.615 -163.441     11.8  163.441 -735.235 -26.3286
 152.418 -47.7714  152.418  -166.43    26.33   166.43  -762.09  26.5919
 155.037 -61.4703  155.037 -165.873  36.4377  165.873 -768.933 -25.0705
 156.794 -78.6146  158.214 -164.178  58.2179  164.178  -779.34  37.3358
 138.463 -79.9674  175.707 -144.749  48.0498  144.749 -797.764 -38.7304
 125.439 -27.5041  192.291 -130.842   6.4962  130.842 -829.983  62.4834
 232.983  111.602  242.392  -237.03 -187.552   237.03 -1122.54 -88.4007
  287.44   287.44   287.44  -309.41 -322.901  322.901 -1283.57 -45.7879
 28.8701  62.1905  62.1905 -118.163 -118.163  118.163
