 88.4144  33.4927  88.4144 -111.806 -46.2793  111.806 -652.462  132.372
 34.2916  34.2916  34.2916 -75.6741 -92.8488  326.091 -692.869  25.3384
 49.2141 -15.3573  49.2141 -72.7665  -3.4093  257.869 -717.113  58.2745
 10.3542  10.3542  10.3542 -29.3408 -39.7151  317.599 -645.133  4.31446
      10       10       10 -25.0913 -32.2264  309.163 -625.871  34.3087
     -10       10       10  -4.8224 -33.9947  310.573 -604.787  8.63442
      10      -10       10 -21.9636 -12.7652  308.083 -593.784  11.3838
      10      -10       10 -22.5104 -12.9685  311.977 -574.883  13.3042
      10      -10       10 -19.1717 -16.0128  304.104 -559.818 -16.4181
 10.0539 -10.0539  10.0539 -25.2285 -17.4699  294.559 -480.582  18.0913
 44.1495 -39.9156  44.1495  -41.744  17.1993  196.969 -557.604 -72.2024
 87.8174  18.7202  87.8174  -78.723 -45.1307  188.553  -773.39  52.0174
 50.8323  50.8323  50.8323 -41.4135 -72.7078  291.798 -768.271  4.94567
-146.078  2.09073  146.078  137.747 -23.7955  137.747 -779.638   45.995
-37.1792 -37.1792  37.1792  48.0764  15.3649  301.041 -678.574 -7.95229
-20.8125 -20.8125  20.8125  33.6422  1.76346  294.815 -594.738  36.5757
-18.6685 -18.6685  18.6685   29.641 -7.80759  294.995 -553.629  -39.386
-10.6674 -10.6674  10.6674  25.6338 -1.91586  308.225 -547.817  28.4226
-10.6371 -10.6371  10.6371  23.2933 -45.3826  411.662 -642.431 -100.011
      -10       -10        10   32.6208 -0.405406   424.615  -695.628  -32.5327
     -10       10       10 -47.4085 -61.6473  165.325
