      10       10       10  -22.986 -21.5056  122.171  -488.54  121.096
      10       10       10 -89.5657  -62.725  385.018 -518.573 -12.1977
 66.4645  -9.7622  66.4645 -120.086 -8.59391   200.83 -658.591  20.5674
      10       10       10 -59.6569 -40.5269  328.365 -614.427 -18.7947
      10      -10       10 -50.3971 -13.2901  304.033 -594.681  21.9838
      10      -10       10 -48.5121 -14.2532  309.653 -592.752  1.80663
      10       10       10 -44.3388 -33.6662  306.994  -594.91  9.25676
      10      -10       10 -41.9028 -12.9489  310.833 -593.044  17.2844
      10      -10       10 -36.3625 -15.5806  302.616 -591.129 -7.18572
     -10      -10       10 -17.3658 -16.0934  308.712 -568.443  34.2363
 95.9622  -13.236  95.9622 -112.854 -8.18945  112.854 -681.392 -66.0546
 131.711  22.5548  131.711 -152.625  -47.278  152.625 -924.756  50.8373
 146.272  5.17085  146.272 -179.105 -27.4294  179.105 -925.016 -3.05217
  134.052  -21.1021   134.052  -163.016 0.0371286   163.016  -815.269   43.8007
 22.6472 -22.6472  22.6472 -32.8355 0.373352  317.335 -664.181 -8.27516
 14.3044 -14.3044  14.3044 -23.4609  -4.9028  302.653 -576.712  34.9396
 16.1952 -16.1952  16.1952 -28.6715  -10.606  299.304 -530.669 -45.6257
-12.7921 -12.7921  12.7921  1.81949 0.348322  299.668 -506.542  14.4299
 -11.582  -11.582   11.582 -10.4236 -44.2596  421.372 -602.818 -120.946
     -10      -10       10  2.57305  2.63495   473.14 -762.216 -13.8681
     10     -10      10 -49.651 -35.232 121.957
