      -10       -10        10 -0.493407 -0.360501   103.978  -434.434   94.1986
-26.4436 -26.4436  26.4436 -80.2046 -28.7525  354.855 -535.522 -13.7306
-2.62119   -24.74  89.7356  -68.583  6.11658   169.74 -670.416  16.3558
      10      -10       10 -80.3863 -19.5552  326.293 -593.813 -13.9299
      10      -10       10 -69.0743 -12.3537  300.608 -574.926  20.3105
     -10      -10       10 -48.0537 -13.5016  307.541 -578.752  2.42813
     -10      -10       10 -42.9282 -12.6689  305.365 -587.395   12.045
     -10       10       10  -38.966 -33.7579  305.444  -596.42  20.3305
     -10      -10       10 -34.1656 -13.9863  305.527 -606.678  1.87826
     -10  3.52897       10 -25.3313 -28.1231  281.439 -581.554  33.5097
     -10 -2.48659       10  -10.744 -18.8061  228.803 -518.777 -56.8882
     -10 -8.95978       10 -19.6322 -14.7297  281.487 -578.788  39.3383
      10      -10       10 -42.8504  -13.966  306.875 -602.629 -7.48104
     -10      -10       10 -21.6365 -10.5684  306.049 -588.838   36.838
 17.6736 -17.6736  17.6736 -50.3085 -5.26145  298.697 -583.318 -14.4897
 23.6227 -23.6227  23.6227 -56.4055  6.69199  294.059 -582.501  32.2761
 17.8564 -17.8564  17.8564 -51.2383 -9.73405  300.172 -544.999      -43
      10      -10       10 -41.3618 -2.89239  307.585 -521.362  28.5183
 21.6708  21.6708  21.6708 -72.0646 -88.0121  398.611 -634.748 -98.2336
 55.9981  55.9981  55.9981 -118.971 -72.0364  476.677 -867.415  -18.236
 30.1124 -30.1124  30.1124 -88.8984 -13.4189  88.8984
