-6.10099  35.2857  35.2857  38.2608 -39.6066  39.6066   -403.1  131.737
 79.3037  79.3037  79.3037 -71.6441 -144.913  144.913 -599.848  96.0795
 79.4919  26.0267  79.4919 -61.6925 -43.7333  226.791 -811.777  76.0049
 97.4217  97.4217  97.4217 -80.5442  -142.88  201.836 -811.623  63.6658
 66.9581  66.9581  66.9581  -40.994 -99.8603  268.329 -838.465  69.9647
 153.198  75.3904  153.198 -148.839 -110.062  148.839 -853.004   44.416
 153.133  28.5017  153.133 -149.616 -59.4997  149.616 -834.373  33.0702
 48.8966 -2.86793  48.8966 -23.7314 -23.7146   304.09 -772.411  40.9493
 144.032 -16.3529  144.032 -144.743 -11.0722  144.743 -740.291 -3.02663
 60.6317 -32.1667  60.6317 -44.4499  11.8187  265.164 -682.658  24.9825
 126.507 -38.0761  126.507 -129.645  20.2423  129.645 -617.506 -90.9613
  148.04  -44.388   148.04 -150.326  24.5609  150.326 -718.199  17.5995
 159.781 -52.1522  159.781 -158.479  27.4708  158.479  -776.78 -31.0377
 162.025 -64.5918  162.025 -157.105  41.8878  157.105  -789.66  27.3644
 164.429 -77.3575  164.429 -155.919  49.6353  155.919 -798.309  -28.459
 166.527 -89.6527  166.527 -154.716  65.4259  154.716 -807.219  39.3392
 168.692 -83.4147  168.692 -152.226  45.3014  152.226 -813.175  -42.627
 174.176  -12.635  174.176 -155.103 -15.3239  155.103 -837.989  67.6348
 260.211  149.948  260.211   -236.2   -236.2    236.2 -1185.43 -106.114
  281.49   281.49   281.49 -259.685 -317.874  372.843 -1362.94 -25.2207
-64.8539  64.8539  64.8539 -11.0574 -116.939  116.939
