-8.26344       10       10  11.4839 -11.4839  11.4839  -301.72  73.0646
-89.2087  89.2087  89.2087 -4.06081 -146.019  146.019 -133.052 -36.5614
 70.8781   36.683  70.8781 -145.302 -67.4308   162.31 -364.755 -34.2726
      10       10       10 -83.3814 -60.5184  335.776 -439.701  -25.333
      10      -10       10 -66.2389 -28.6971  299.876 -503.927  10.3181
     -10      -10       10 -43.5181 -28.3211  310.897 -545.112  4.81341
      10      -10       10 -55.4825 -22.3766  304.992 -586.347  10.8228
     -10      -10       10 -32.0155 -19.9244  307.631  -600.12  25.8926
     -10      -10       10 -21.5103 -8.46392   294.73 -641.782 0.566914
 26.4657 -26.4657  26.4657 -70.8872  5.37868   299.91 -615.142  62.6571
     -10      -10       10  3.28911  2.29416  233.177 -633.954 -29.8344
-39.6192  39.6192  39.6192  38.1782 -55.0714  215.882 -784.699  47.6939
-76.0382  20.2101  76.0382   42.595 -56.2124  249.686 -781.428    10.17
 -69.102  -69.102   69.102  34.7149  42.1911  270.388 -755.271  40.7844
-173.871 -104.978  173.871  116.857  70.5376  116.857 -757.478 -34.4105
 60.2841 -152.324  185.288 -127.401  127.401  127.401 -744.977 -10.6916
 55.5268 -163.292  178.105 -124.747  124.747  124.747 -644.427 -99.1758
 134.002 -86.2101  134.002 -199.893  61.2318  199.893 -601.298 -37.6003
 46.9283  62.6335  366.286 -178.316 -155.445  178.316 -1156.38 -265.968
-417.649  1.07549  417.649  295.807  -17.215  295.807 -1728.99 -40.9298
      10       10       10 -47.1634 -63.3135  94.2924
