     -10      -10       10 -27.5202 -4.18475  185.448 -489.044   86.252
-18.8427 -18.8427  18.8427 -85.0077 -38.9729  382.205 -599.543  -17.566
 71.2241  -8.7874  71.2241  -138.54 -10.3251  206.906 -691.287  31.6645
     -10      -10       10 -55.4625 -19.1455   323.03 -608.566 -12.3028
     -10      -10       10 -45.5687 -10.8791  301.794 -589.012  26.4181
      10       10       10 -64.1383 -32.7397  306.118 -586.372  3.68575
      10      -10       10 -59.7898 -10.7337  305.515 -588.584  13.7354
      10      -10       10 -55.8208 -11.5798  304.893 -590.757  20.2435
      -10        10        10  -32.4715  -33.8703   305.841  -595.658 -0.959795
     -10       10       10 -24.7897 -36.4165  283.135 -565.201  30.6122
     -10      -10       10 -13.0064 -14.2578  238.481 -506.324 -65.5513
     -10 -4.07683       10  -19.309 -21.8115  284.148 -561.201  35.3586
     -10      -10       10 -20.3071 -14.1898  307.918 -591.434 -10.2119
     -10      -10       10 -17.4715 -10.9936  307.061 -586.208  36.0005
      10       10       10 -35.9595 -33.2314  308.713 -580.415  -9.7913
 10.4121 -10.4121  10.4121 -33.1383 -7.08377   309.65  -582.05  35.4485
 12.0046 -12.0046  12.0046 -34.5717 -13.9577  304.559 -558.776 -24.8873
      10       10       10 -27.9638 -21.1305  308.519 -567.681  35.6968
      10       10       10 -38.9949 -64.4657  360.338 -585.472  -57.953
     -10       10       10 -14.4701   -21.17  408.593 -686.264 -1.75812
     -10      -10       10 -43.0946 -36.6681  121.789
