      10      -10       10 -52.6924 -8.78498   223.51 -579.294  101.562
 15.8399 -15.8399  15.8399 -114.663 -40.6884  426.036 -619.791 -39.2304
 66.1801 -11.5599  66.1801 -122.329 -5.67662  196.425 -688.144  32.0009
      10      -10       10 -68.8829 -19.9912  332.766 -605.369 -25.5471
      10      -10       10 -57.9615 -11.3351  302.123 -576.125  20.7186
     -10      -10       10  -36.932 -12.2691  307.984  -565.98 -6.75811
      10      -10       10 -52.6357 -11.5524  304.734 -563.068  4.51596
      10      -10       10  -51.969 -12.0515  310.439 -552.768  8.06341
      10      -10       10 -47.6675 -16.8995  302.527  -539.03 -17.1989
      10      -10       10   -47.39  -16.339  284.654 -467.357  18.9041
     -10  5.01219       10  1.03995 -28.7044  227.252 -546.186 -65.9777
 39.3411  39.3411  39.3411  -45.505 -67.1169  245.981 -771.448  63.1378
-51.2719  51.2719  51.2719  31.6512 -73.7425  274.353 -762.942  7.37526
     -10      -10       10  1.51167 -11.6598  307.427 -658.176  55.9151
     -10      -10       10 -3.10093 -12.7279  312.922 -607.561 -4.41556
     -10      -10       10 -2.78261 -9.15007  309.353 -577.187  36.6174
     -10      -10       10 -4.05226 -15.6094  306.603 -538.223 -36.5585
     -10      -10       10 -1.47574  -1.6124  308.277 -536.284  23.9598
     -10      -10       10 -9.87806 -34.4965  337.347 -505.558 -89.1387
      10      -10       10 -14.5015  4.24095  333.902 -583.608  2.51534
     -10      -10       10 -30.8043 -34.7405  119.096
