-27.6699 -27.6699  27.6699 -14.6306  5.56376  526.387 -953.943  85.5515
-81.7561 -81.7561  81.7561  44.2212  15.3882  384.344 -939.334 -49.2068
-40.9148  -39.467  40.9148  33.2626  15.0761  289.314 -704.273  57.3712
-13.0772 -13.0772  13.0772  4.87523 -18.2777  311.432 -586.511 -26.4223
     -10      -10       10  8.41287 -12.1686  309.211 -582.769  19.3348
     -10 -5.68681       10  12.4845 -18.7281  309.728 -586.869 -3.61417
      10      -10       10 -1.82099 -16.3152   309.91 -600.778  13.3159
  14.1791   14.1791   14.1791 -0.626468  -41.5867   308.634  -630.517   22.2745
-29.4474  29.4474  29.4474   42.202 -69.0834  289.846  -642.98   5.1417
  53.395  49.4699   53.395 -35.3227 -77.6055  220.234 -652.055  24.0201
  124.58 -7.36561   124.58 -121.263 -15.9057  121.263 -677.968 -67.1897
 158.013  -43.759  158.013 -159.258  17.0736  159.258 -803.522  45.2547
 164.049 -19.1123  164.049 -155.147  3.12165  155.147 -861.553 -9.70359
 164.173  4.40102  164.173 -155.435 -30.2528  155.435 -843.562  38.5731
-125.981  33.7873   180.15  137.303 -59.5851  137.303 -876.781 -3.78552
 118.989  41.4475  200.043  -113.83 -65.6234   113.83 -864.218   32.382
-141.545  38.9519  164.033  157.261 -67.1094  157.261 -827.224 -24.3688
-145.836  1.24545  145.836  167.345  -13.314  167.345 -781.216  21.3014
-85.4503 -115.054  115.054  89.0639  84.3421  89.0639 -478.794  -50.761
-38.1417 -38.1417  38.1417   52.123  38.0364   52.123 -245.869 -37.2954
     -10      -10       10 -50.4727 -50.4947  195.331
