     -10      -10       10 -59.4326 -14.6421  282.835 -683.544  77.1151
-46.5586 -46.5586  46.5586 -84.8292 -11.4938  418.923 -739.782 -56.5021
-66.2454 -7.68057  66.2454  3.11843 -7.43167  188.737 -719.601  37.0538
-19.2507 -19.2507  19.2507 -57.4212 -11.3284  323.913 -610.084 -28.1711
     -10      -10       10 -51.4018 -11.0482  300.023 -557.818  19.3829
     -10      -10       10  -50.397 -12.1429  304.698 -544.062 -10.5124
      10      -10       10 -66.1376 -11.6593  302.492 -541.651  3.02939
      10      -10       10 -65.1671 -12.1085  307.939 -534.642  5.00396
      10      -10       10 -60.9748 -18.5036  301.158 -520.173 -17.3041
      10      -10       10 -57.9211 -15.9599   278.55 -453.351    12.39
      10       10       10 -31.2481 -33.8057   231.47 -521.472 -67.7544
 18.1787  18.1787  18.1787 -34.3441 -46.1805  274.868  -706.37  63.7324
-28.0486  28.0486  28.0486  2.29379 -49.9333  297.425 -714.432  8.24558
-27.1858  27.1858  27.1858  4.33231 -52.1668   286.71 -672.864  56.8369
-21.2003  21.2003  21.2003  -2.6019 -46.7033  300.606 -636.579 0.643445
 -10.556   10.556   10.556 -10.4513 -32.5897  310.645 -595.269  45.8779
     -10  3.10091       10 -11.1847 -29.4485  306.009 -556.044 -26.6299
     -10      -10       10 -8.88306 -1.09982   310.67 -555.219  33.6255
-18.0545 -18.0545  18.0545 -7.55913 -17.1992  275.856 -456.018 -74.6767
-20.1417 -20.1417  20.1417  14.4517  16.6995  230.308 -489.097  14.5497
      10      -10       10 -53.7081 -31.6987  114.868
