 19.3684  19.3684  19.3684 -42.1657 -32.9266  221.637  -532.65  113.942
 29.4905  29.4905  29.4905 -76.8125 -90.1848  313.701 -624.686  9.64949
  45.3711   -18.002   45.3711  -77.8429 -0.368307   269.177  -685.032   52.3198
 14.0847  14.0847  14.0847 -41.9543 -43.5887  308.961 -622.853 -1.75138
     -10       10       10 -14.0528 -30.9993   311.38 -613.787  33.0955
      10 -3.37665       10 -32.4205 -19.5499  309.112  -598.86  8.61198
      10       10       10 -30.6138 -32.4188  308.771 -593.925  14.5373
      10      -10       10 -29.5602 -12.5332  310.645 -585.714  17.3232
      10      -10       10 -26.9281 -16.8038   306.52  -576.71 -7.52138
      10      -10       10 -28.8498 -17.3094  300.305 -535.853  23.1296
 106.694 -26.8738  106.694 -126.086  2.34018  126.086  -616.65 -75.4515
 137.181  4.07852  137.181 -155.265 -29.7424  155.265 -813.216   41.704
 142.534  2.79459  142.534 -166.932 -25.1484  166.932 -801.874 -5.60537
 63.5521 -3.83215  63.5521 -71.2806 -16.9319  262.759 -714.417  44.7286
 35.1695 -6.60664  35.1695   -39.42 -15.9221   284.56 -634.475  -6.3376
 15.1349 -15.1349  15.1349 -15.1593  -2.6875  303.446 -592.192  37.5363
 13.2751 -13.2751  13.2751 -14.6129 -12.7646  300.983 -556.336 -31.2026
      10      -10       10  -8.0336 -2.20315  316.831 -575.893  36.0232
      10 -3.34864       10 -16.1734 -50.9917  392.859 -632.377 -83.5413
       10       -10        10  -10.6734 -0.309986   386.718  -639.922  -16.2658
-11.3291  11.3291  11.3291 -59.8529 -65.3348  180.769
