-20.6594  31.6101  31.6101  36.4957 -36.7604  36.7604  -292.09  116.161
 71.6751  71.6751  71.6751 -81.8428 -131.319  148.099 -482.915  30.2134
 74.4021  27.6558  74.4021 -76.7192 -43.8044  235.547 -715.801  42.3997
 22.4269  22.4269  22.4269 -8.77467 -58.5552  297.428 -670.916  28.0237
      10       10       10  7.30165 -36.7414  311.424 -656.151  44.1177
      10       10       10  8.48786 -39.0576  307.999 -642.504  31.8627
      10       10       10  9.78465 -37.1627  311.032 -643.681  24.4041
      10       10       10  11.4215 -36.6059  309.486 -638.538  37.5714
      10       10       10  12.7522 -35.7762  308.346 -632.714 0.576103
      10 -0.92545       10  13.8107  -21.121  292.962 -604.401  42.7619
      10 -7.42685       10  13.0047 -9.81077  284.907 -578.723  -77.359
      10 -9.75213       10  15.2882 -10.8536  292.611 -589.913  47.7173
-14.5058 -14.5058  14.5058  40.0076 -10.7984  305.172 -611.524 -31.7943
 60.2095 -60.2095  60.2095 -43.3363  37.9787   259.88 -655.704  48.1973
 85.8072 -85.8072  85.8072 -72.3392  56.5086  234.093 -675.347 -56.0433
 107.923 -107.923  107.923 -98.2151  86.9108  223.253 -708.579   60.359
-103.117 -126.293  208.945  95.2346  89.2693  95.2346 -780.764 -111.306
 48.3349 -91.0465  249.031  -69.962   69.962   69.962 -805.463  85.9922
 243.927  97.3449  243.927 -243.331 -173.417  243.331 -1065.86 -224.823
  125.17  275.721  282.557 -138.476 -298.834  298.834  -1190.9  32.9314
-58.6754  58.6754  58.6754 -26.2801 -97.2459  137.173
