 21.8628 -21.8628  21.8628 -105.585 -5.04566  566.307 -978.924  61.1999
-102.077 -102.077  102.077  28.5243  37.5651  379.475 -1011.57  -46.603
-81.6947 -81.6947  81.6947  44.9399  57.6415  231.955 -736.763  53.2133
-23.6675 -23.6675  23.6675 -11.3759 -6.84326  304.422  -596.34 -27.2214
      10      -10       10 -36.2345 -13.3165  308.602 -567.496  14.8906
     -10      -10       10 -12.9383  -15.362  307.629  -565.94 -4.00809
 10.6626 -3.76795  10.6626 -28.5548 -24.9122  307.958 -583.446  10.9567
 48.9399  5.32755  48.9399 -68.3023 -33.6285  281.504  -681.22  20.3707
 131.812  8.85828  131.812 -166.298 -49.3888  166.298 -730.494  -1.9336
 69.0465  69.0465  69.0465 -76.1066 -98.2809   200.07 -659.919   22.427
 -82.1334 0.0768122   82.1334   70.6046   -24.292    181.29  -628.022  -66.8651
 143.782 -46.2776  143.782 -172.765  19.5268  172.765 -755.092  48.0841
 150.899 -15.4692  150.899 -168.357 -1.58659  168.357 -827.135 -10.2172
 150.191  13.0299  150.191  -168.53 -41.9633   168.53 -807.553  42.6011
 152.502  34.3996  152.502 -168.388 -64.5674  168.388  -815.56 -3.27242
 154.546  48.2887  154.546 -169.239 -76.0712  169.239  -814.51  40.2883
 59.3178  30.7549  204.469 -84.6511   -58.63  105.423 -836.565 -27.3439
-6.42352 -46.8134  176.806  -5.1363  39.3677  128.531 -813.517  32.8909
 -81.784  -97.688   97.688  73.8469  73.8469  73.8469 -440.368 -26.4391
-18.9614  -26.457   26.457  29.4564  29.4564  29.4564 -195.785  -14.021
 52.6071 -52.6071  52.6071  -142.21 -5.71065   142.21
