     -10      -10       10 -4.88675 -10.4335  433.348 -794.759  120.168
-16.2615 -16.2615  16.2615  5.12776  -50.381  425.597 -804.955 -27.5714
 46.1261  -36.965  46.1261 -46.3921  13.9378  278.216 -709.215   65.558
      10      -10       10 -5.22109 -20.2609  315.545 -616.648 -17.0324
     -10      -10       10  19.0292 -10.9089  310.043 -608.659  30.7865
     -10       10       10   21.483 -32.6735  309.655 -601.921 -1.07134
      10      -10       10  5.65819 -13.0636  309.229 -603.484  13.6314
      10       10       10  7.76403 -34.1491  312.392 -601.112  14.6514
      10       10       10  9.82509 -42.5383  305.519 -583.994 -7.77541
     -10  7.02797       10  29.4757 -34.0502  275.656 -520.413  15.0894
     -10 -1.12716       10  39.0383 -24.4482  244.416 -524.914 -67.2231
-31.4734  7.49042  31.4734  68.1932  -37.484  268.693 -669.059  53.0388
 55.8587  13.5311  55.8587   -16.96 -32.2884  278.311 -761.093  1.92316
 158.638  8.02807  158.638 -142.344 -30.7033  142.344 -819.454  39.2751
 169.587  6.89065  169.587 -151.815 -28.9528  151.815 -853.935 -7.49557
 159.631  9.72004  159.631 -141.906 -30.1234  141.906 -787.799  29.8515
 40.2051 -2.27031  40.2051  5.48173 -25.0528  288.735 -670.211 -17.5265
      10      -10       10  43.9163 -3.35218  306.752 -613.682  27.4841
-50.6158 -50.6158  50.6158  78.5402  9.92886  218.664 -494.197 -47.6785
-33.4305 -33.4305  33.4305  60.7659  26.4995  148.572 -369.241 -42.5153
      10      -10       10 -60.8446  -48.903  178.916
