     -10      -10       10 -3.74158 -3.65134  151.118 -481.682  126.788
     -10      -10       10 -58.0946 -44.4309  364.548 -528.211 -16.5676
 58.5172 -3.17435  58.5172 -105.845 -14.9862  231.382 -666.422  23.4741
     -10      -10       10 -30.5208 -18.1551  321.793 -608.539 -15.4017
     -10      -10       10 -22.8439 -10.4802  307.607 -604.697  22.8624
     -10      -10       10 -18.7602 -11.8354  309.308 -612.013  7.77561
      10       10       10 -34.1071 -31.4531  309.664 -624.676  14.3239
     -10       10       10 -8.92361 -32.1109  308.484 -635.545   30.172
       -10         10         10   -4.52439   -33.7069    309.741   -646.216 -0.0249744
     -10       10       10  2.18887 -35.7488  288.891  -625.89  47.3806
      10  -2.3047       10 -10.6434 -20.4963  260.894 -595.116 -74.5226
     -10      -10       10   7.2212 -15.3345  290.563 -616.502  53.4436
      10      -10       10 -13.9491 -14.3263  311.567  -625.84 -14.8288
      10      -10       10 -12.5556 -10.5131  309.593 -607.869  45.9658
      10      -10       10 -13.1381 -12.7441  311.118 -582.305 -25.1778
      10      -10       10 -11.7091 -6.39858  310.677 -568.538  36.1946
     -10      -10       10  5.50036 -14.7749  307.806 -520.367 -65.6255
     -10      -10       10  7.16995 0.978763  301.785 -500.388  28.4613
      10      -10       10 -23.0608 -40.4501  392.971 -545.022  -171.46
     -10       10       10  10.0583 -20.8324   382.93  -597.44  29.8171
     -10       10       10 -42.0731 -53.9505  150.032
