-43.1667 -43.1667  43.1667 -64.7128   16.095  483.952 -929.849  39.8528
 -127.39  -127.39   127.39  7.05134  66.1681   364.13 -1038.71 -104.604
 58.8379 -44.1139  58.8379  -98.662  30.2055  227.801 -810.238  61.1179
 38.2881 -38.2881  38.2881 -97.5579  5.04627   300.29 -638.376  -32.795
 13.4799 -13.4799  13.4799 -56.9475 -8.64535  301.771 -575.598  14.9185
-12.9188 -12.9188  12.9188 -29.2721 -12.2791  303.967 -558.264 -10.6575
     -10      -10       10 -27.0091 -16.0933  307.977  -568.68  6.12671
      10   8.6245       10 -42.3732 -36.3679  310.991  -592.62  16.7353
-26.7933  26.7933  26.7933 -8.06555 -65.3289  296.547 -618.407 -4.51854
-48.2626  48.2626  48.2626  28.3386 -76.7569  202.788 -622.978  18.7314
 29.5134  29.5134  29.5134 -42.1948 -53.2243   216.14 -575.184 -68.3212
 38.2693 -38.2693  38.2693 -64.0092  10.7061  309.429 -691.089  62.9888
 132.771 -12.3759  132.771 -164.262 -5.45201  164.262 -828.539 -13.5055
 143.062  4.97577  143.062  -177.65 -32.8142   177.65 -862.642  46.2813
 148.017  19.9537  148.017 -180.034 -48.9549  180.034 -885.813 -8.55759
 88.5877  95.9509  169.841 -124.809 -124.809  124.809 -837.075  46.9502
-83.4199  34.4738  83.4199  66.9885 -63.6416  249.518 -759.416 -26.6689
-75.9971 -15.5743  75.9971  64.0511  4.26948  241.385 -707.505  53.3025
-81.0329 -85.1141  85.1141  68.3091  68.3091  68.3091  -427.51 -37.2724
-19.9142  -31.168   31.168  33.6519  33.6519  33.6519 -293.335  36.7986
 15.4931 -15.4931  15.4931  -67.972 -27.4373  147.962
