 123.735  123.735  123.735 -192.475 -145.411  192.475 -686.509   188.83
      10       10       10 -66.3025 -90.4621  312.854 -334.297 -200.085
 93.4112 -19.3866  93.4112 -162.031 -41.7222  230.247 -505.972  41.6287
      10       10       10 -47.4886 -40.4572  313.843  -493.03 -94.3871
      10       10       10 -41.0861 -30.7404  314.265 -532.374  33.8085
     -10       10       10 -9.42554 -29.1073   313.92 -595.203 -27.7548
     -10      -10       10 -2.46408 -8.88689  314.474 -624.363  38.7706
    -10      10      10 8.34378 -27.111 314.034 -681.26 24.0227
      10      -10       10 -3.15444 -10.2694  314.647 -714.193   34.345
      10      -10       10  14.2842 -3.69658   314.49 -807.413  80.2189
 154.589  154.589  154.589 -170.445 -170.445  170.445 -937.639 -61.1816
      10      -10       10   15.623 -3.41538  314.544 -790.489  93.2951
 150.258 -150.258  150.258 -174.433  117.833  174.433 -803.688 -35.9886
 147.032  52.6143  147.032 -176.798 -74.8767  176.798 -782.838  55.1747
 144.332 -144.332  144.332  -179.71  107.765   179.71 -695.589 -136.812
 137.356 -137.356  137.356 -186.129  127.324  186.129 -610.914  47.7608
  139.01  -139.01   139.01  -185.03  109.492   185.03 -596.523 -323.293
 122.682 -122.682  122.682 -198.222  140.929  198.222 -403.469  14.7288
 27.9725  65.7262  212.181 -113.678 -113.678  113.678 -510.672 -712.433
-85.1641  85.1641  85.1641  32.0349 -81.1351  81.1351 -162.688  275.368
 41.2581  51.2905  51.2905 -143.205 -143.205  143.205
