-84.9989 -84.9989  84.9989  1.10272  86.4305  220.094 -576.728  59.6989
-169.734 -169.734  169.734  59.4221  149.787  149.787 -717.678 -156.044
 47.4408 -47.4408  47.4408 -86.4147  64.0991   272.43 -798.973  64.7853
  118.28  -118.28   118.28  -199.81  100.513   199.81 -663.637 -89.5131
 -48.996  -48.996   48.996 -2.59572  40.2834  271.429 -619.712  6.67895
-25.9971 -25.9971  25.9971 -17.6297  4.76329  295.178 -585.407 -33.6832
-21.4389 -21.4389  21.4389  -7.6695 -1.48483  301.436 -661.426  19.6204
-188.236  103.458  188.236  131.415 -131.415  131.415 -970.291  6.54658
 139.827  57.0595  139.827 -182.029 -98.9116  182.029 -904.913  15.3512
 19.6783 -19.6783  19.6783 -11.6158 -18.3368  306.476 -862.768  53.4182
  150.61  53.5259   150.61 -172.975  -85.926  172.975  -1004.1 -48.5617
 149.554  -33.361  149.554 -173.294  4.58193  173.294 -949.133  90.4118
 153.835  19.4067  153.835 -170.306  -34.261  170.306 -976.857 0.109885
-85.0991  13.3967  289.446  30.6807 -30.6807  30.6807 -1070.96   41.431
-67.6896 -6.91998   310.24       10      -10       10 -1082.24 -45.9579
-56.1971 -7.95967  308.959      -10      -10       10 -992.115  9.53822
-55.6194 -31.0723  309.808      -10       10       10 -981.534 -116.416
-101.224  -45.543  285.191  33.1855  33.1855  33.1855 -857.131 -18.5118
 75.2407 -156.491  188.883 -131.997  131.997  131.997 -650.248  -186.13
    -10     -10      10 2.26658      10      10 6.91409 90.3527
-18.5051 -18.5051  18.5051 -48.7595  3.73451  204.102
