  11.358  -11.358   11.358 -37.4962 -13.5158  313.077 -483.147  123.094
-49.1295 -49.1295  49.1295  25.3227  3.82872  275.927 -608.383 -75.3132
-98.4793 -75.5861  98.4793   77.179  57.6706   226.35 -743.067  54.0043
      10      -10       10 -9.87025 -13.2621  314.191 -613.891 -42.6677
 146.961 -37.3557  146.961  -178.26  17.8686   178.26 -766.239  17.0623
      10      -10       10 -1.69928 -10.2946   313.72 -627.374 -9.68203
       10        10        10 -0.745325   -34.218   313.754  -617.542   21.3882
 23.4907  23.4907  23.4907 -11.4674 -47.9905  299.989 -656.394  20.0273
 43.2285  43.2285  43.2285 -34.4821 -78.6044  280.655 -676.724 0.456842
      10      -10       10  13.3313 -21.4046  313.092 -658.288  35.1015
      10      -10       10  18.2366 -17.5901  313.461 -672.669 -81.7916
 -162.509 -0.321878   162.509   161.412  -29.1818   161.412  -868.245   60.7435
-157.598  13.7424  157.598  166.288 -33.1083  166.288 -900.879 -9.03386
 162.579  11.0321  162.579 -161.367 -36.4997  161.367 -851.498  44.4919
-64.5352  17.9759  64.5352  90.7321 -43.4895  258.708 -739.873 -7.86715
 162.369    17.66  162.369 -161.559 -42.4679  161.559 -817.163   35.829
  62.789   62.789   62.789 -39.5864 -89.0796  260.636   -692.2 -36.0523
-56.9453 -56.9453  56.9453  81.9299  38.6837  265.951  -658.99  35.7727
-88.8463 -88.8463  88.8463  96.4647  61.1669  234.931 -612.852 -101.406
      10      -10       10      -10  2.20622       10 -40.1585 -11.4341
 62.6743 -62.6743  62.6743 -133.541  9.90709  133.541
