 -150.15   150.15   150.15  80.8356  -165.75   165.75 -738.123  200.827
      10       10       10 -29.1025 -97.3411  313.867 -510.143 -161.842
 92.3426   17.739  92.3426 -135.277 -52.5701  230.835 -636.954  109.306
     -10       10       10 -1.21193 -53.8986  314.268 -574.634 -61.2977
     -10       10       10  4.28159 -31.4858  314.562 -616.953  75.0153
-135.492  135.492  135.492  103.587 -188.403  188.403 -757.683 -23.4175
     -10       10       10  16.6597 -23.9561  314.429 -665.298  38.6046
 146.111 -146.111  146.111 -178.067  122.782  178.067 -730.815 -9.24526
       10       -10        10 0.0586054  -1.87757   314.481   -645.94   1.94019
 148.328 -140.177  148.328 -175.596  116.602  175.596  -721.35  26.3635
-145.753  145.753  145.753  147.494 -179.958  179.958 -907.866  -62.606
 -149.87 -36.5013   149.87  174.111  15.5757  174.111 -1030.58  84.7402
 164.354   125.29  164.354 -160.374 -160.374  160.374 -921.107 -15.7781
 159.449 -159.449  159.449 -164.846  146.861  164.846   -824.8  82.4274
 157.813 -20.5046  157.813 -167.125  1.96405  167.125 -783.782  -111.14
-174.225 -174.225  174.225  150.152  150.152  150.152  -698.14   91.981
-176.543 -176.543  176.543  149.576  149.576  149.576 -660.195 -252.721
 137.853 -22.8146  137.853 -184.861  17.8599  184.861 -435.965  80.5351
  145.98  113.293   145.98  -183.37 -156.526   183.37 -466.095 -434.758
-46.8693  -9.8246  192.166      -10      -10       10 -320.962  203.546
 56.6941  12.5231  56.6941 -141.358 -75.6339  141.358
