 33.8972  99.0454  99.0454 -95.6227 -95.6227  95.6227 -393.166  347.684
-116.985  12.5305  116.985  62.7462 -62.7462  62.7462 -50.3065   7.9648
      10       10       10 -55.4832   5.0267  265.479 -42.2596   83.358
     -10       10       10  -21.105 -74.3656  323.694 -342.081 -172.976
      10      -10       10 -34.1828 -15.7802  306.514 -481.593  64.5481
      10      -10       10 -23.0989 -39.8892  316.037 -596.997 -51.5653
      10      -10       10 -19.5528 -24.4805  314.516 -613.883  29.0451
      10      -10       10 -11.8914 -28.5037  310.593 -648.255   13.668
      10      -10       10 -6.60769 -12.8911  318.223 -691.294 -9.77682
 23.8332 -23.8332  23.8332 -27.3525  1.22496  291.711 -610.652  79.6407
      10       10       10  13.5651  -17.603  321.838 -831.152 -85.6751
-148.672  23.5374  148.672  160.324 -44.9667  160.324 -1156.41  82.8158
      10       10       10  18.2868 -43.6832  324.896 -802.555 -11.7502
      10       10       10  12.0892 -33.7765  300.763 -687.121  112.965
 60.6775 -60.6775  60.6775 -51.9831  24.8959  275.114 -741.538 -92.3138
  90.153  -90.153   90.153 -98.8998  68.3588  222.542  -637.55  119.338
 74.7896 -74.7896  74.7896 -73.5194  22.9574  266.073 -658.978  -241.28
 79.9969 -79.9969  79.9969 -105.869  64.2737  241.908 -410.786  174.322
  133.93   133.93   133.93 -127.307 -247.614  247.614 -863.907  -542.62
 110.343 -110.343  110.343 -47.6649  150.172  813.359 -1873.99  636.849
 -36.481 -22.9487   36.481  -30.183  2.02622  288.789
