 143.202 -143.202  143.202 -198.465  130.038  198.465 -896.373  134.222
 76.6588 -76.6588  76.6588 -94.5578  54.4261   269.71 -944.862  131.378
-32.2675 -32.2675  32.2675  35.5145  29.2608  280.745 -832.648  111.132
 21.6527 -21.6527  21.6527  -28.421  8.91978  321.241 -763.259  45.3072
 135.895 -50.0137  135.895 -167.116  35.2258  167.116 -805.653  35.4118
 17.6368  17.6368  17.6368 -23.8409 -37.8039  326.317 -699.648   25.683
  136.56 -8.47373   136.56 -166.451 -15.5778  166.451 -761.761  10.8654
 152.826 -15.9395  152.826 -186.351 -7.93331  186.351  -819.88  16.3211
 138.178 -22.3736  138.178 -165.175 -5.15245  165.175 -730.825 -17.7498
 150.964 -28.4553  150.964 -185.017   1.3046  185.017 -747.959  14.1332
 130.364 -33.0764  130.364 -154.945  9.41028  154.945 -643.685 -122.412
 156.269 -25.7097  156.269 -181.345 -2.34514  181.345 -768.798  26.2611
 127.776 -15.0438  161.247  -141.75  -15.272   141.75 -778.317 -18.3835
 169.351  -1.3429  169.351 -175.537 -25.2144  175.537 -885.221  53.5949
 69.3367  49.0488   220.25 -79.5469 -79.5469  79.5469 -913.808  5.30837
 6.54908  94.1467  233.142 -9.83138 -119.385  119.385 -1040.08  75.1251
-50.0336   38.833  221.704   51.579 -67.8876  67.8876 -944.219  7.68749
-152.982 -33.5847  187.587  181.707  17.7966  181.707 -1096.47   125.72
-93.3412 -147.802  147.802  118.378  118.378  118.378 -837.424 -25.5723
      10 0.786749       10  10.0707  10.0707  10.0707 -173.868  31.5943
-10.9254  10.9254  10.9254 -55.8398 -13.4931  191.663
