      10       10       10 -45.6736 -21.1557  275.556 -602.554  101.601
-72.3397 -72.3397  72.3397 0.625735  9.95772  259.511 -636.365 -26.0971
 90.9833    21.14  90.9833 -145.673 -49.1327  206.064 -686.424  36.1633
-58.9866 -58.9866  58.9866   8.2674  34.3826  280.047 -697.299 -3.77712
-171.019  76.0546  195.684  101.833 -101.833  101.833 -825.693  18.4874
 140.174 -35.2936  140.174 -196.079  16.9715  196.079 -818.736   10.218
  130.059  -19.6102   130.059  -175.733 -0.331291   175.733  -757.586   18.2691
 142.569 -5.99975  142.569 -189.477  -14.337  189.477 -821.154  28.4017
 135.991  2.22656  135.991 -171.911 -27.0447  171.911 -790.477  6.49503
  147.45 0.203243   147.45 -182.969 -27.0244  182.969 -848.074  49.7046
   133.2 -3.85001    133.2 -159.414 -22.1934  159.414 -765.344 -72.7912
     -10      -10       10  5.89679 -15.6646  323.679 -670.136  62.6777
     -10       10       10  3.57443 -36.1751  303.176 -603.044 -13.0155
-10.5402 -10.5402  10.5402   2.1318 -7.17164  323.362 -618.386  50.8325
 138.004 -53.8488  138.004 -173.925  31.9616  173.925  -694.31 -49.0807
 145.891 -81.6267  145.891 -184.946  71.7493  184.946 -711.731  35.8734
 136.415  -92.176  136.415 -175.619  70.0224  175.619 -634.289 -111.444
 143.365 -74.8341  143.365 -190.061  74.4476  190.061 -632.198  29.4129
 124.597  124.597  124.597 -178.568 -184.427  184.427 -501.341 -217.929
-172.418  103.181  172.418   121.05  -121.05   121.05 -580.379  101.219
-62.5452  62.5452  62.5452 -44.3137 -111.389  111.389
