   78.21    78.21    78.21 -61.9065 -88.2907  252.005 -799.673  132.962
  -91.92    91.92    91.92  97.1239 -162.658  215.422 -699.467  9.31686
 66.3465  8.15318  66.3465 -43.4169 -27.5602  270.101 -766.512  56.0996
 33.9312  33.9312  33.9312 -2.82421 -67.9149   273.41 -677.226  20.8302
     -10       10       10   50.609 -31.2803  325.879 -695.452  43.5248
     -10       10       10  52.0309 -34.7152   295.74 -649.603  36.2583
     -10      -10       10   59.907 -10.8526   326.83 -718.478  32.5836
-123.808  114.996   163.73  142.433 -142.433  142.433 -867.822  42.5967
 178.655  -28.332  178.655 -158.837  4.35643  158.837  -916.66 -3.36557
-135.845 -35.8612  135.845  167.704  9.73079  167.704 -835.306  55.7293
 171.202 -27.8367  171.202 -151.058  5.32046  151.058 -855.807 -98.8854
-134.281 -30.7092  134.281  165.228  5.16792  165.228 -797.567  52.1702
      10      -10       10  46.0725 -13.0971  330.182   -672.6 -22.1396
     -10      -10       10   59.305 -10.4463  285.656 -576.757  45.8126
-10.3469 -10.3469  10.3469  65.6837 -10.3932  336.405 -642.074 -41.3621
 154.977 -76.3458  154.977 -139.376  57.6139  139.376 -690.517  23.6183
-33.2162 -33.2162  33.2162  82.4725  9.12015  317.979 -623.375 -90.9519
 153.172 -118.738  153.172 -141.734   104.51  141.734 -624.123  19.4192
 22.6208 -77.2249  77.2249  8.08605  24.8626  277.767 -558.634 -166.904
-122.402  122.402  122.402  132.049 -142.578  142.578 -499.066  60.6041
-53.1056  53.1056  53.1056 -19.4523 -99.7096  167.973
