     -10       10       10 -18.8206 -47.3477   105.45 -141.392 -557.539
     -10       10       10 -146.172 -102.273  369.247   189.99 -302.532
 -76.946  -25.996   76.946 -12.0986 -27.2075  122.028 -124.752 -267.961
     -10      -10       10 -99.9111 -41.4332  352.155  -282.03 -66.1849
     -10      -10       10 -57.4708 -24.3819  278.498 -391.066 -109.527
 108.265 -108.265  108.265 -203.259  74.5334  203.259 -545.975  1.54899
      10      -10       10 -67.1529 -17.7421  322.485 -580.594 -40.6065
      10      -10       10 -53.9634 -17.5782  289.961 -552.552  67.4383
     -10      -10       10 -31.4768 -2.42357   346.13 -728.348  -16.378
 111.926 -46.4763  111.926 -162.666  25.3522  162.666 -684.223   104.54
      10       10       10 -25.6139 -13.4574  361.281 -886.816 -48.2244
 127.693   17.742  127.693 -143.896 -35.8237  143.896 -888.603  95.5216
     -10       10       10 -9.44696  -40.628   350.49 -759.289  16.1355
 65.4316 -65.4316  65.4316 -91.1985  43.4799  224.603 -667.337  64.4364
     -10       10       10 -24.2282 -27.7566  336.283 -615.175 -14.5969
-175.604 -138.466  175.604  115.769  115.769  115.769 -709.692  6.52118
-216.157 -150.707  216.157  125.814  125.814  125.814 -730.062 -90.3667
-127.622 -32.5469  269.315  16.0616  16.0616  16.0616 -620.424 -108.411
-166.556 -43.6671   343.48       10      -10       10  -632.87 -282.314
 181.964   90.314  181.964 -260.111 -115.162  260.111 -883.182 -7.11876
 18.0438 -18.0438  18.0438  -69.512  -69.512   69.512
