-138.177  138.177  138.177  136.405 -153.894  153.894 -880.077  155.393
 115.652  115.652  115.652 -110.946 -198.303  198.303 -858.116  65.9191
 85.5473  21.5329  85.5473 -66.7537 -45.6096  237.934 -857.728    104.3
-107.383  107.383  107.383    127.3 -151.877  211.828 -894.096  59.6782
-106.023  106.023  106.023   129.96 -136.011  216.282 -899.855  82.1249
-58.9867  58.9867  58.9867  92.0087 -86.2055  264.043 -811.514  57.2764
 20.2288 -20.2288  20.2288  19.3004 -1.96017  296.765 -718.798  46.4227
 38.3795 -38.3795  38.3795 -1.91145  18.1118  291.533 -743.436  50.6969
 157.325  12.5056  157.325 -150.839 -37.1521  150.839 -815.625 -10.3907
 -49.062  -49.062   49.062  82.5407   24.389  278.242 -708.726  45.8194
-136.264 -6.82104  136.264  146.256 -16.8689  146.256 -716.518 -111.159
-152.222 -4.15596  152.222  164.245 -20.6109  164.245 -790.394  36.2622
-74.9522 -34.4845  74.9522  105.252  10.1542   246.83 -694.443 -39.7874
-66.7918 -34.9067  66.7918  98.1851  15.9897  252.846 -660.658  43.4311
-69.2468 -37.7483  69.2468  103.341  14.8494  254.314 -667.526 -61.6704
-75.8716 -53.6472  75.8716  108.444  37.9164  244.606 -651.232  52.3273
 85.1689 -85.1689  85.1689 -47.7159  58.4416   239.57 -685.261 -103.555
 105.837 -105.837  105.837 -73.5233  93.6086  216.459 -680.513  77.4865
 134.714  28.4599  134.714 -107.379 -83.2325  203.095 -707.679 -168.302
 128.218  128.218  128.218 -97.9431 -159.756  223.821 -699.066  93.2529
-69.8232  69.8232  69.8232 -5.76828  -126.58   126.58
