 82.2276  82.2276  82.2276  -98.437  -98.437   98.437 -525.211 -11.8765
 100.703  100.703  100.703 -165.389 -195.384  195.384  -287.86   29.209
 78.5046  44.0858  78.5046  -115.82 -82.4742  190.364 -444.024 -104.387
-27.7148  27.7148  27.7148   8.0375 -81.3662  302.733  -498.87  36.4408
      10      -10       10 -9.50905 -26.2989   299.05 -556.452 -19.1805
      10      -10       10 -10.7056 -22.0551  317.739 -571.377  45.9304
       10       -10        10 -0.141268  -16.2052   311.162  -623.238  -1.36127
      10       10       10  0.80329 -35.7908   310.02 -611.617  52.3134
      10       10       10  10.6581 -22.0259  324.131 -701.583 -3.45021
 150.558  17.9616  150.558 -166.457 -45.9476  166.457 -771.509  62.0525
 164.304 -164.304  164.304 -156.879  156.879  156.879 -953.544 -52.3699
 141.437  141.437  141.437 -122.159 -171.408  171.408 -933.043  68.0936
-163.181 -34.2997  163.181  171.502 -3.11375  171.502 -917.518  6.97221
-46.4226 -13.1952  283.198  21.6509 -21.6509  21.6509  -961.12  32.6573
-163.997 -184.821  184.821  152.847  152.847  152.847 -819.376 -29.1571
  146.721  -146.721   146.721  -156.497   126.545   156.497   -679.88 -0.412599
 162.439 -129.067  162.439 -187.232  102.686  187.232 -663.245 -89.0769
 129.281 -48.0493  129.281 -154.877  33.0844  154.877 -488.242 -62.6221
-91.8159  -42.037  406.384      -10      -10       10 -803.615 -272.943
-184.151  184.151  184.151  177.086 -207.767  207.767 -831.639 -37.0108
 35.6887  35.6887  35.6887 -92.4208 -105.777  105.777
