 206.348 -206.348  206.348 -225.536  187.073  225.536 -1116.53  137.544
 143.138 -143.138  143.138 -130.602  99.4302  217.948  -1020.7  122.647
-51.1956 -51.1956  51.1956  85.2727  40.2964  284.235 -847.091  99.1757
      10      -10       10  22.1633 -10.1867  318.217 -696.223  36.4899
      10       10       10  21.8764  -26.879  310.998 -661.445  37.8156
     -10       10       10  40.9881 -31.3248  314.657 -638.374  18.5692
     -10       10       10  41.9961 -33.3966  307.976 -614.325  12.5939
      10       10       10  23.2623 -34.1577  314.798  -608.72  19.0982
     -10      -10       10  42.9167 -17.0017  300.656 -566.643 -13.5466
     -10      -10       10   44.551 -15.2303  312.447 -567.003  15.7751
 129.556 -5.04177  129.556 -127.106 -16.0369  127.106 -580.535 -117.505
 19.3236 -19.3236  19.3236  22.8629 -7.01239  300.138 -592.614  24.4432
 18.1409  18.1409  18.1409     30.5 -47.1709   292.92 -609.565 -9.25731
 25.6782  25.6782  25.6782  32.0434 -52.2165  293.889 -675.816  45.3882
 41.5202  41.5202  41.5202  17.8338 -70.9631  274.864 -708.525  15.4961
 43.8409  43.8409  43.8409  26.2124  -68.138  277.955 -771.057  64.5333
-60.8188  60.8188  60.8188  126.011 -91.5583  246.023 -760.346   19.656
 -36.607   36.607   36.607  127.599 -53.9204  296.534  -865.63   91.263
-14.1455  14.1455  14.1455  84.5785 -50.7976  250.003 -619.756 -18.1834
0.934848 -19.9524  19.9524  23.2828  23.2828  23.2828  -237.76 -30.8792
-36.0913 -1.84638  36.0913  -33.986 -11.5207  181.987
