 71.0718 -71.0718  71.0718  -92.666  63.6679   92.666 -488.304  59.9658
 16.8272 -16.8272  16.8272 -74.7481 -46.4077  299.804 -491.914 -4.39974
 87.9366  22.6628  87.9366 -137.706 -50.7487  195.046 -644.557  13.1792
 126.847 -44.8254  126.847 -191.241   17.437  191.241 -721.286 -12.0882
 127.502 -27.9937  127.502 -183.602  7.61155  183.602 -737.509  14.1446
  134.03 -12.5916   134.03  -188.98  -10.373   188.98  -770.44  6.88075
 128.922  1.32646  128.922 -175.828 -25.2244  175.828 -742.871  8.79494
      10       10       10 -27.3976 -32.8699  328.979 -681.399   43.697
 136.309  16.1165  136.309 -173.191 -41.7564  173.191 -794.206   3.0367
 135.925   15.547  135.925 -165.065 -39.9553  165.065 -800.683  48.7641
 10.4694  10.4694  10.4694 -8.13779 -29.8959  299.769 -683.925 -38.4564
  135.37 -6.83454   135.37 -161.939 -16.1165  161.939  -775.48  56.5198
 145.415 -29.0826  145.415 -179.543  4.06099  179.543 -800.445 -23.3685
 140.097 -73.9865  140.097 -175.944  54.4736  175.944 -745.414   52.635
 138.869 -104.973  138.869 -178.447  80.7495  178.447 -707.328 -66.6231
  70.412  -70.412   70.412 -100.711  58.0782  250.822 -604.524  56.9266
 54.1981 -54.1981  54.1981 -84.4432  28.8128  273.336 -562.324 -139.758
-34.4175 -34.4175  34.4175 -7.30604  32.7946  275.628 -423.196  48.7832
   81.48    81.48    81.48 -139.166 -145.137  288.239 -523.744 -280.921
 154.356  154.356  154.356 -226.186 -171.129  327.093 -813.765  59.9149
-60.5507  60.5507  60.5507 -41.9682 -103.462  103.462
