 77.3522 -100.733  100.733 -97.3763  97.3763  97.3763 -676.346  82.1922
  120.01  13.3856   120.01 -186.678 -76.6219  186.678 -715.289  26.7118
 90.7653  23.6344  90.7653 -130.605 -44.3863  211.141 -757.956  38.9378
 130.572  10.7939  130.572 -182.787 -42.0258  182.787 -787.094  16.9155
 134.746  4.02003  134.746 -181.216 -25.6969  181.216 -809.622  29.6392
 136.285 -1.98272  136.285 -181.073 -22.1108  181.073 -800.938  24.1645
 138.764 -1.67419  138.764 -180.277 -21.0512  180.277 -806.098  18.8106
 139.518 -2.77692  139.518 -177.512 -20.6923  177.512 -801.057  34.5294
  142.19 -3.42106   142.19 -177.089 -21.4355  177.089 -808.338  2.64558
 139.189 -8.14127  139.189 -169.107 -17.3112  169.107 -785.022  42.4712
 130.859 -14.9881  130.859 -154.546 -7.92999  154.546 -733.852 -69.7876
 142.433 -22.0725  142.433 -170.191 -1.72216  170.191 -775.915  47.4475
-171.393 -32.6659  171.393  140.929  9.30313  140.929 -806.492 -20.1433
 146.793 -56.3916  146.793 -176.936  37.6678  176.936 -757.748  42.1951
 142.579 -73.7956  142.579 -173.238  51.4249  173.238 -711.922 -45.1031
 49.4593 -49.4593  49.4593 -61.5909  35.0685  276.068 -607.872  39.4096
 24.6411 -24.6411  24.6411  -35.482 -2.16009  304.151 -549.759 -88.3614
      -10       -10        10  -2.92074 -0.461575   305.811  -469.851   25.3266
 41.8028  41.8028  41.8028 -69.5031 -109.524  326.158 -527.007 -181.374
-92.6381  92.6381  92.6381  62.1785 -116.423  368.132 -749.103  23.3152
 0.32452  66.6868  66.6868 -108.722 -108.722  108.722
