-41.8716 -41.8716  41.8716 -51.7511  16.1537  441.933 -919.908  81.2273
-32.0019 -32.0019  32.0019 -49.8431 -26.9014  456.434  -967.32   1.5433
-58.7097 -22.0405  58.7097  22.0627  5.35722  231.819 -803.867  77.7502
      -10       -10        10  -30.0808  -18.1222    318.43  -650.444 0.0990086
      10      -10       10  -45.572 -10.6726  306.503  -614.87  30.8779
      10      -10       10 -44.9034 -13.2997   308.68 -594.049  5.71574
      10       10       10 -42.4875 -33.6616  308.962 -585.736  10.4144
     -10 -6.62532       10 -19.4936 -17.9648  306.623  -573.24   18.848
     -10       10       10 -17.9966 -36.1552  307.008 -560.267 -13.1894
-11.6502  11.6502  11.6502 -13.2487 -37.2912  286.291 -519.518  23.6225
 39.0896  -22.196  39.0896 -63.4335  1.00776  228.503 -514.409 -96.3017
-18.4014  33.5839  33.5839  -2.9199  -60.732  265.859 -571.309  32.2405
-59.2852  6.12078  59.2852  37.8671 -36.3514  258.042 -657.587 -13.5957
 49.4084  49.4084  49.4084 -61.0526 -78.5757  272.654 -686.842  48.2332
 34.8441  39.2278  105.314 -54.9464 -70.6749  212.788 -757.147  2.49195
 54.4193  48.6122  106.062 -66.2304 -73.7031  213.893 -794.734  55.6305
 96.5384  32.0317  96.5384 -106.697 -62.3276  228.439  -766.16  2.53377
 19.1321 -69.1431  69.1431 -5.51529   60.016  245.708  -798.08  80.3614
-61.1077 -105.509  105.509   58.582  77.6094  77.6094 -564.323  14.7398
-26.9949 -44.0486  44.0486  50.2091  50.2091  50.2091 -406.954  33.1982
      10      -10       10 -67.3435 -22.1125  142.517
