-76.5012 -76.5012  76.5012 -4.21146  64.1382  380.589 -759.312  57.3759
-162.433 -162.433  162.433  93.0116  129.271   208.46   -907.2 -98.5452
-66.9109 -66.9109  66.9109  36.8852  52.5982  278.001 -772.311  54.4377
      10      -10       10  -34.306 -19.0462  320.582  -586.32 -42.5575
      10      -10       10  -29.125 -14.3008  316.115 -578.855  13.6403
      10      -10       10 -23.5053 -19.1421  310.041  -582.06 -8.82057
 14.9896 -14.9896  14.9896 -22.3546 -16.5843  317.913 -637.177  8.25947
  141.26 -45.6535   141.26 -165.799  16.4769  165.799  -800.38  18.9598
 151.151  -9.7171  151.151 -173.496 -37.0274  173.496 -862.006  3.20423
 135.936  35.4932  135.936 -133.845 -68.9628  165.574  -904.56  42.5015
 143.443  113.349  143.443 -146.118 -146.118  146.118 -854.183 -63.6175
  148.82 -64.8664   148.82 -156.186  36.7795  198.506 -878.093  83.0954
 78.1001 -6.41412  222.905 -87.9173 -6.97484  87.9173 -978.119 -22.7039
 25.0532  26.4872  272.285 -51.2329 -51.2329  51.2329 -1008.55  55.0045
 9.65975   8.3497  284.288 -32.8795 -32.8795  32.8795 -1030.23 -44.3382
-17.4894 -6.19236  307.427 -15.3528 -15.3528  15.3528 -1008.94  54.4714
-32.1929 -13.1159  287.488       10      -10       10 -982.932 -100.074
-66.0634 -45.7202  301.558  36.8882  36.8882  36.8882 -979.879  73.8814
-58.1191 -76.3309  76.3309  65.3304  65.3304  65.3304 -399.974 -167.066
     -10 -5.47686       10   11.494   11.494   11.494 -44.1779  83.8228
-43.5064 -43.5064  43.5064 -40.0548 -5.74765  192.679
