-96.5726 -96.5726  96.5726  24.3076  80.7815  336.654 -945.988  88.7377
-73.6994 -73.6994  73.6994  30.0837  36.5804  325.238 -976.558  90.9066
 41.4803 -41.4803  41.4803  -55.682  31.3561  276.401 -830.825   85.416
 16.0367 -16.0367  16.0367 -36.4677 -4.33166  333.346 -739.866  32.5734
 130.368 -48.6505  130.368 -169.992  32.2707  169.992 -804.089  22.3635
 141.738 -23.5453  141.738 -185.076  2.95118  185.076  -839.38  9.14713
 138.601 -11.4235  138.601 -177.093 -11.9764  177.093 -809.346  5.86613
 140.943 -14.3418  140.943 -178.535 -10.2139  178.535 -799.093   19.702
 140.558 -18.8585  140.558 -176.496 -7.24277  176.496 -775.028 -17.3609
 133.606 -23.8032  133.606 -167.571 -1.81216  167.571 -709.574  17.9302
 118.749 -24.2626  118.749 -144.915  2.81996  144.915 -626.439 -103.042
 136.978 -18.6867  136.978 -163.162 -8.45385  163.162 -721.092  28.1082
 150.285  -7.5685  150.285 -171.449 -21.8726  171.449 -805.778 -15.7593
 151.996  4.59444  151.996 -165.049 -33.1916  165.049  -833.69  51.3426
 160.524  24.2126  160.524 -169.959 -54.9155  169.959 -879.599  7.39976
 104.567  88.3835  197.263 -114.888 -114.888  114.888 -927.914  62.3202
  161.58  15.2719   161.58   -160.6 -45.5085    160.6 -895.354  11.4192
 175.174 -76.2781  175.174 -160.749  64.8821  160.749 -1005.79  95.0859
 112.323 -127.623  127.623 -98.7224  98.7224  98.7224 -720.592 -9.42568
  34.016  -34.016   34.016 -4.89122  48.6892  48.6892 -371.913   35.635
      10 -3.76794       10 -78.4445 -13.8966  186.204
