 139.316 -139.316  139.316 -223.795  122.051  223.795 -922.598  72.6948
 31.2474 -31.2474  31.2474 -90.2422  -10.949  397.553 -881.115  55.7881
-46.6739 -36.5319  46.6739  21.8607  24.1942   241.31 -766.228   67.768
      10      -10       10 -45.5292 -12.7629  359.743 -728.558  17.3397
 114.964 -36.7456  114.964 -159.871   17.159  159.871 -723.264  17.0325
      10       10       10 -36.5475 -32.0387  348.307 -694.123  20.2488
 125.991 -11.4646  125.991 -169.138 -12.2119  169.138 -755.127  5.52214
 140.646 -16.5372  140.646 -185.683 -5.94173  185.683 -822.156  18.1373
 136.321 -17.8244  136.321 -176.167 -7.67509  176.167 -785.172 -11.9044
  132.53 -20.4893   132.53  -170.01 -4.94658   170.01  -739.57  22.2549
 117.135 -21.4694  117.135 -144.738 -1.26823  144.738 -655.883 -92.1348
 135.565  -15.365  135.565 -165.498 -11.7955  165.498 -744.333  30.9777
 146.267 -6.77586  146.267 -172.667 -22.2286  172.667 -806.366 -13.3532
 149.896  1.84989  149.896 -170.521 -28.3332  170.521 -831.039  45.8627
 149.948  15.1627  149.948 -167.217 -44.7023  167.217 -824.366 0.299874
 36.3111  28.6502  124.621 -39.9706 -52.0457   210.69 -847.912  60.8382
-68.2458  83.6229  188.284  50.6396  -113.82   113.82 -860.044 -7.50589
-169.865 -32.3897  169.865  172.472     23.5  172.472  -963.78  76.8424
-102.665 -130.406  130.406  103.856  103.856  103.856 -676.982 -35.0118
-46.3994 -55.9182  55.9182  67.2281  67.2281  67.2281 -434.745  38.4822
     -10      -10       10   -50.71 -15.1103  158.585
