 122.585  25.6133  122.585 -135.174 -40.8609  135.174 -718.145  146.133
 11.3397 -3.86262  11.3397 -4.33903 -55.5326  362.124 -710.359  12.5568
 78.1717    11.44  78.1717 -71.5706 -31.5809   213.22 -732.034  67.8505
      10       10       10  6.53603 -37.6116  333.579 -675.282  4.63295
      10      -10       10  9.84088 -10.3416  300.919 -623.133  34.9889
     -10       10       10  29.0495 -31.3912  318.599 -628.368  9.69223
     -10      -10       10  31.2018  -11.767  307.424 -605.294  9.26951
      10      -10       10  10.4667 -12.5666   314.01 -592.989  16.5749
     -10      -10       10  32.3971 -18.8457  308.243 -579.806 -21.3553
      10      -10       10  5.23702 -19.0577  302.914   -513.8  21.3421
     -10      -10       10  44.0812 -18.2772  293.961 -602.251 -86.6158
 44.8951  25.1867  44.8951  1.06035  -55.337  262.217 -751.917  61.4099
-51.2505  23.2583  51.2505  90.5644  -45.841  271.291  -728.71 -2.54486
-40.1112  6.28061  40.1112  82.3001  -27.049  273.207 -690.377  55.7412
-13.5379  13.5379  13.5379  58.8333 -34.7163   307.24 -638.303 -13.1369
 -12.725  -12.725   12.725  59.1572  -4.2906   304.16 -620.741   48.865
-15.9895 -15.9895  15.9895  58.9767 -8.50323  303.671 -593.433 -40.1862
-11.2656 -11.2656  11.2656  57.0347 0.591446  309.832 -584.376  37.6678
-26.3831 -26.3831  26.3831  61.1207 -21.5047  304.979 -540.528 -85.6494
-16.5388 -16.5388  16.5388   50.049  3.63397  269.089 -458.108  1.53958
 51.1699  38.6693  51.1699 -109.481 -92.7899  109.481
