     -10       10       10  5.67151 -20.4054  53.1744 -402.625   66.349
-22.3287  22.3287  22.3287 -78.7335 -73.3673  354.535 -333.275   2.4789
 61.0452   21.312  61.0452 -120.366 -40.9866  157.476  -483.02 -28.2654
      10      -10       10 -82.0015 -26.3881  341.867 -531.603 -9.21909
     -10      -10       10 -41.0423 -17.9459  283.385 -525.324  1.19902
     -10      -10       10 -44.9281 -19.3796  317.021 -568.486  10.7469
     -10      -10       10 -36.4737 -16.9405  304.512  -579.24 0.607835
     -10      -10       10 -33.8965 -16.0924  307.264 -581.366  29.3898
      10      -10       10 -48.7363 -12.9922  312.138 -612.976 -14.9033
      10      -10       10  -47.801 -15.9913  294.374  -541.93  55.5158
      10      -10       10 -30.7878 -8.35916  330.998 -755.307 -66.6602
-111.903  111.903  111.903  93.3188 -146.454  146.454 -871.211  74.9897
-24.8639 -24.8639  24.8639  1.75328  1.26073   341.92 -794.683  4.75419
 120.607 -54.4768  120.607 -160.617  32.3038  160.617 -729.178  52.0233
 41.0776 -41.0776  41.0776 -77.1643  18.1977  306.178 -649.609 -33.3185
-1.41858 -44.7286  44.7286 -34.8241    25.22  257.775 -535.431  22.5976
-58.2072 -58.2072  58.2072  7.86323  26.8712  287.818  -543.69 -100.359
-152.141 -152.141  152.141  84.8935  140.721  140.721 -563.299 -26.6185
-240.938  20.4444  240.938  139.095 -96.1735  139.095 -717.593 -223.905
-44.4377  15.6832  44.4377 -2.08594 -26.1246  525.961 -916.954   84.899
      10       10       10 -44.9421 -51.6328  93.5218
