 30.6379 -30.6379  30.6379 -33.1317  6.15637  490.563  -868.07  86.1008
 85.7615 -85.7615  85.7615 -82.4426  24.4517    341.4 -904.127 -67.7198
 95.3858 -95.3858  95.3858 -87.0181  71.1887  232.195 -772.087  57.1328
-10.1013 -10.1013  10.1013    32.11 -20.7829  329.877 -633.915  -31.561
      10      -10       10  15.1502 -13.1031  308.538 -599.831  22.6013
      10      -10       10  18.9108  -14.621  312.869 -608.977 -5.30531
     -10       10       10  42.5721 -36.2089  308.481 -609.206   12.249
     -10       10       10  47.9114 -36.7175  309.961 -625.457  18.7464
 26.1807  26.1807  26.1807  9.45434 -64.7816  292.007 -638.048 0.353663
 42.3094  42.3094  42.3094 -5.77495 -69.9379  236.838 -624.849  17.1861
 10.6999 -10.6999  10.6999  32.0702 -15.5763  260.896 -552.821 -66.1961
-28.2334 -28.2334  28.2334  74.9446 -1.38391  301.838 -653.446  48.0092
-133.699  28.3448  133.699  168.159 -44.9641  168.159 -798.716 -9.52536
-140.803  46.5181  140.803  177.214 -71.9394  177.214 -827.358   40.038
 -137.579   56.2567   137.579   178.281  -83.7093   178.281  -828.436 -0.629239
-139.759  65.5828  139.759  183.359 -90.4785  183.359 -838.651  42.9179
 -88.503   91.412  178.195  120.714 -120.714  120.714 -837.292  -17.998
-136.791 -21.5738  137.842  189.338  7.29334  189.338  -848.28  39.2983
 -64.112 -120.877  120.877  87.4821  87.4821  87.4821 -547.674 -44.5222
-11.5532 -31.4438  31.4438  29.8924  29.8924  29.8924 -213.952 -35.3382
  63.692  -63.692   63.692 -127.278  4.00782  127.278
