 -2.0748       10       10  20.8107 -20.8107  20.8107 -227.862  108.035
     -10      -10       10 -42.5675 -44.6359  275.203 -441.603  5.99404
-24.7573 -8.69493   73.798 -24.5218 -9.74062  230.307 -700.592  34.2382
     -10      -10       10 -31.2417 -19.1916  319.127 -612.823  2.75019
     -10 -8.05498       10 -25.6211 -13.7676  306.776 -601.187  28.5107
     -10 -2.39524       10 -23.4372 -22.2287  306.265 -595.976   12.787
     -10  2.78626       10 -20.7431 -26.5586   309.74 -605.901  14.7195
     -10       10       10 -16.8193 -34.3954  309.001 -612.601  28.8968
      -10   3.39462        10  -12.6584  -27.7037   308.731  -620.693 -0.606847
 -1.0696  -4.8782       10 -14.2207 -17.2317  286.917  -598.01  44.4926
      10      -10       10 -19.6874 -7.63658  264.683 -567.133 -65.9027
      10      -10       10 -21.6319 -10.9973  287.177 -592.492  53.4474
 12.1277 -12.1277  12.1277 -27.6183 -12.3993  308.014 -611.427 -21.9213
 32.8196 -32.8196  32.8196 -52.3644  12.4515  286.811 -622.773   51.155
 50.6261 -50.6261  50.6261 -74.2554   25.712  270.838 -627.774 -42.2831
 56.3828 -68.5252  68.5252 -84.5407  52.4361  251.398 -628.344  48.7515
 69.9651 -69.9651  69.9651 -98.0714  40.6535  237.207 -585.294 -93.1113
 31.3806 -55.5397  55.5397 -62.5168  41.6485  262.804 -549.919  59.2403
-7.03486  74.3515  74.3515 -38.0978 -147.268  400.143 -781.234 -218.787
-34.4249  134.681  134.681 -32.0344 -157.097  425.493 -959.929  16.7967
 42.9939  18.6284  42.9939 -140.846 -58.2164  140.846
