-18.4211  25.1295  25.1295  33.4623 -33.4623  33.4623 -266.323  113.432
-41.3318  41.3318  41.3318  19.0157 -99.4361  197.122 -429.536  10.2312
-17.9511 -25.4415  31.0128  8.90088  10.4703  289.311 -659.037  39.7518
     -10       10       10  6.88271 -43.5098  312.208 -623.177  9.78813
     -10       10       10  9.96939 -35.0793  313.017 -634.341  36.2425
-2.82741       10       10  4.53116 -38.2163  311.164 -626.424  19.5248
      10       10       10 -6.17448 -36.4429  311.833  -628.92  20.9891
 9.57022  -4.9496       10 -2.83708 -21.0664  309.453 -628.572  30.6164
      10       10       10 -1.12737 -35.1652  308.562 -629.722   1.5932
      10      -10       10  2.63503 -11.5915  288.144 -603.626  40.5481
      10      -10       10  4.32471 -6.57081  269.367 -572.369 -64.3846
      10      -10       10  4.64819 -10.2529  288.818 -595.846  46.6046
  13.6511  -13.6511   13.6511 -0.337853  -11.0613   305.344  -617.514     -22.6
 37.5345 -37.5345  37.5345 -29.1967  15.4672   279.46 -630.079   44.859
 60.6256 -60.6256  60.6256  -56.595  33.4749  255.776 -641.777  -43.252
 81.5381 -81.5381  81.5381 -83.5063  61.6649  235.929 -647.384  47.7708
 91.6901 -91.6901  91.6901 -95.3517  58.7474   217.73 -626.847 -92.4702
  83.576  -83.576   83.576 -90.4468  64.8113  244.879 -611.084  65.1651
 94.5427  81.7894  94.5427 -96.1404 -155.654  406.937 -875.893   -204.9
 24.1938  171.468  171.468 -47.7069  -194.66  400.587 -1033.24  14.8313
      10       10       10 -87.6864  -49.351  201.041
