    -10     -10      10 11.7035 -1.9275 232.711 -527.23 113.297
-10.1531  10.1531  10.1531 -2.73733 -71.8565  329.067 -609.988  15.3889
-8.70104 -28.0378  31.4704   7.1008  10.4077  294.278 -692.062  53.9445
-3.27298  11.4291  11.4291  4.76156 -39.9118  310.478 -634.935  6.14503
 2.34553  11.1767  11.1767  2.77881 -30.7222  310.189  -639.07  35.6091
 5.83385       10       10  1.25367 -31.9447  309.395 -627.921  16.5828
       10        10        10 -0.304075  -30.9352   310.293  -630.199    19.655
 8.64319       10       10  3.30554 -32.2155  309.567 -627.925  28.1961
      10       10       10  4.02282 -34.0637  309.591  -626.32 -1.20418
      10  -2.2248       10  6.00728 -24.2419  288.159 -588.622  34.7321
      10      -10       10  7.06932 -14.0911  268.295 -550.533 -73.9897
      10      -10       10  9.33221 -16.2148  288.484 -582.489  39.5893
      10      -10       10  11.1794 -14.9429   309.73 -611.725 -18.2629
      10      -10       10  13.0581 -10.7998  308.661 -607.315  40.7833
 10.2948 -10.2948  10.2948  13.1091 -12.6969  308.942 -595.852 -23.5926
 13.1487 -13.1487  13.1487  11.4981 -3.30641  304.728 -593.593  42.0558
 18.0457 -18.0457  18.0457   3.8928  -7.6475  293.584 -564.489 -51.8386
 11.5902 -11.5902  11.5902  15.4689  1.26121  311.146 -579.747  52.6254
      10  -8.3042       10  14.4849 -43.8026   381.89 -622.804 -118.211
 35.3783  37.6218  37.6218 -18.9606 -51.0035  310.089 -577.223  6.66539
 10.2358  10.2358  10.2358 -82.3414 -57.0425  203.851
