-30.2086 -30.2086  30.2086  -19.946   7.5582  424.447 -844.649  97.3821
-22.0203 -22.0203  22.0203 -19.2091 -43.9904  423.798 -846.979 -1.82983
-38.9869 -38.9869  38.9869  18.4668  16.1372  279.258  -697.72  65.5511
     -10      -10       10 -8.60597 -18.7689  310.829 -613.229 -5.94582
0.574797      -10       10 -16.1228 -9.99867  311.863 -611.381  30.0175
 1.36796       10       10 -15.2089 -32.4888  309.515 -599.652  6.80442
0.142772  10.4637  10.4637 -10.7686 -32.2559  308.719 -601.465  13.8375
-2.12396  12.5256  12.5256 -6.61932 -35.9625   305.45  -598.69  21.7261
-1.86612  12.9772  12.9772 -4.88495 -38.0035  306.108 -597.153 -6.98983
 7.94487  0.21832  28.6885 -15.7762 -26.8067  268.451 -572.809  27.1685
 34.8734 -8.75444  34.8734  -41.471 -14.6249  244.623 -547.116 -84.0084
 27.2211 -1.80221   45.706 -32.3455 -26.1353  252.697 -604.067  35.7857
 46.3238  6.75783  46.3238 -47.2364 -35.2499  274.908 -655.329  -13.766
 53.0016  16.6679  53.0016 -50.4891 -42.7556  267.949 -676.297  46.3575
 44.2257  29.2939  65.7356 -42.2639 -57.2943    254.1 -688.161 -6.68514
 60.6985  36.4864  60.6985  -52.636 -58.5532  257.992 -693.949  53.4293
 63.3603   31.043  63.3603   -56.75 -58.6038  258.191 -681.352 -19.2928
 50.9088 -16.0616  50.9088 -30.4144  6.82275  278.807 -723.089  66.2997
 92.6721 -92.6721  92.6721 -93.7559  61.4303  124.002 -523.128 -44.7409
 36.6458 -64.1821  64.1821 -29.2677  61.4335  61.4335  -363.74  10.7636
      10 -7.09494       10 -86.3815 -38.4174  192.187
