      10       10       10 -31.0508 -21.9171  197.448 -502.549  112.962
     -10       10       10 -50.9978 -67.3712  362.444 -581.834 0.510275
  53.343 -9.57617   53.343 -92.4955 -8.46365  239.083 -690.627  42.6608
      10       10       10 -46.4788 -39.9216  321.321 -625.877 -2.67906
      10       10       10 -39.5676  -31.701  306.183 -615.312  31.2947
      10       10       10  -38.517 -33.1147  310.148 -606.689   9.5512
      10      -10       10 -35.0071 -12.0309  308.219 -602.248  14.7513
      10       10       10 -34.3129 -32.8583  311.825 -594.832  20.4969
      10      -10       10 -29.9443 -16.6889  303.913 -583.958 -6.86012
      10      -10       10 -29.7756 -16.8425  304.406 -565.157  30.7525
 109.317   -25.07  109.317 -130.694 0.673969  130.694 -673.945 -76.6573
 137.906  8.12393  137.906 -159.845 -35.2078  159.845 -859.236  48.7571
 147.596  3.29632  147.596 -175.738  -25.324  175.738 -868.347   -6.704
  137.44  -9.8188   137.44 -162.395  -11.819  162.395 -787.782  43.7461
   47.65 -19.1063    47.65 -56.6773 -1.59976  305.326 -720.782 -10.6195
 128.313 -24.8798  128.313  -154.51  6.73672   154.51 -677.279   29.124
 15.6017 -15.6017  15.6017 -20.8676 -8.96864  325.298  -593.58 -42.2884
      10      -10       10  -12.465 -1.92043  304.254 -533.387   30.912
     -10      -10       10  -1.6648 -41.6537  369.021 -556.452 -103.964
     -10      -10       10  7.97043  1.01735  400.555 -651.356 -4.70527
      10       10       10 -64.1977 -59.9828   155.25
