      10      -10       10  4.99292 -1.04105       10 -267.449  135.298
-10.6265 -10.6265  10.6265 -67.2119 -42.1537  318.927 -395.171  -25.037
-12.5356 -18.8066  62.1319  -49.452 0.772137  228.653 -630.804  17.1327
     -10      -10       10 -45.8719 -21.0066  319.057 -570.895 -19.3838
     -10      -10       10 -38.5522 -13.1313  307.852 -578.626  20.0701
     -10      -10       10 -34.9643 -15.2635  307.209 -582.201  2.82499
     -10      -10       10 -30.7217 -13.8027   308.52 -598.788   11.675
     -10       10       10 -25.7716 -34.6869   305.93 -611.299  25.4278
 -9.48255   4.68075        10  -21.7216  -29.1682   308.077  -630.614 0.0618905
-4.07287      -10       10 -17.8244 -13.5234  286.238 -620.075  45.8659
 3.01226      -10       10 -17.6881 -9.39954  263.917  -597.49 -61.0628
 7.10073      -10       10 -24.6977 -12.6161  288.297 -618.574  54.4054
      10      -10       10 -31.7898 -14.1532  310.789 -625.445 -15.2223
 15.9176 -15.9176  15.9176 -38.7253 -4.66682  303.145 -613.719  49.1581
 33.5978 -33.5978  33.5978 -60.7468  9.68109  284.441 -610.691 -32.5261
 43.0182 -43.0182  43.0182  -73.077  26.1336   275.27  -601.65  43.9266
 39.2111 -39.2111  39.2111 -70.4435  10.8163  268.094  -538.85 -82.2035
 10.5362 -10.5362  10.5362 -41.7155 -4.26188  308.697 -479.556  44.7226
-10.0661  10.0661  10.0661 -38.0603 -76.9703   459.87 -645.258 -206.086
-33.2234  75.6173  75.6173 -31.5494 -96.2711  465.793 -850.212  21.6161
     -10      -10       10 -50.9169 -33.2807    149.5
