 26.3417  26.3417  26.3417 -10.8994 -34.2442  241.022 -619.341   103.14
 31.3186  31.3186  31.3186 -28.9314 -97.5709  305.548 -648.304  36.9502
  29.6009  -16.8327   39.0047  -13.3142 -0.484536   282.253  -707.739   47.2756
 14.4843  14.4843  14.4843  5.31012 -44.7696  305.724 -649.885  15.9814
 11.3239  11.3239  11.3239  12.4554 -32.3566  309.521 -651.323  34.7383
 10.0071  10.0071  10.0071  15.6489 -33.5801  309.541  -641.27  20.9034
  9.4558   10.235   10.235  18.5548  -32.633  310.851 -643.423  20.9743
 10.0007  10.0007  10.0007  20.3525 -33.3561   308.46 -638.754  29.4604
      10       10       10  22.4909 -33.9309  307.144 -635.854  3.21782
      10 0.696964       10  22.8511 -23.7417  277.023 -584.262  31.1399
      10      -10       10  21.5108 -9.08065  219.859 -491.236 -63.5931
      10 -8.43803       10  25.3402 -13.7115  274.424 -569.926  33.3549
      10      -10       10  28.6644 -13.9701  306.139 -613.473 -15.3276
      10      -10       10  30.3197 -10.8177  305.615 -608.607  34.6736
 20.7159 -20.7159  20.7159  17.7997 -3.10078  298.302 -610.464 -24.1273
 32.9143 -32.9143  32.9143  4.93886   15.178  283.867 -617.581  31.6124
 40.1391 -40.1391  40.1391 -5.44311  12.3638  276.675  -597.41 -54.9857
 33.4817 -36.5669  36.5669  2.93621  25.1968  272.229 -577.391   31.574
  25.333 -18.9234  32.9653  18.2443 -42.1583  380.799 -679.403 -107.931
 20.5504   54.701   54.701  27.4622  -66.758  401.682 -781.045   -30.94
 22.5638  22.5638  22.5638 -92.3179 -65.9298  185.719
