     -10      -10       10 -44.0574 -9.65165  259.647 -547.373  96.0506
 -10.179  -10.179   10.179 -87.8409 -48.7348  421.418 -643.169 -39.9682
-68.6187 -8.22294  68.6187  5.07591  -12.829  219.099 -680.621  38.7358
     -10      -10       10 -46.9981 -18.2848  317.837 -595.313 -20.4434
     -10      -10       10 -40.0368 -10.0943  306.513 -585.898  27.0354
     -10 -7.59709       10 -36.1828 -13.6651  305.341 -583.838  1.15276
      -10 -0.805771        10  -32.2364  -19.4398   306.523  -591.152   14.3586
     -10  2.71899       10 -28.1251  -24.333  305.976 -595.103  21.0334
     -10  7.96792       10 -24.5999 -31.5838  307.915 -602.114  -2.0066
-6.88616   7.0148       10 -20.8584 -33.9294  286.008 -572.295  33.7301
-1.44768  2.09653       10 -17.6806 -27.4482   256.85 -539.463 -71.2331
0.729435  6.91723       10 -22.8137 -34.6016  287.546 -571.879  39.5168
      10  8.76833       10 -32.3933 -34.6709   310.15 -600.236 -10.7996
      10  5.73027       10 -29.5922  -28.293  309.264 -594.439   38.989
      10  2.72399       10 -27.9883 -26.6635  309.808 -584.566 -9.60953
      10 -2.97482       10 -24.4568 -15.4309  309.299  -584.56  37.6528
      10      -10       10 -24.0739 -15.2586  306.706 -560.916 -24.2102
      10      -10       10 -17.5422 0.583963  314.297 -594.962  41.9958
-13.3465 -13.8085  13.8085 -3.59794 -29.4315  304.968 -516.506  -57.915
     -10      -10       10  3.95295  2.04849  268.608 -480.579  15.8251
     -10      -10       10 -45.0791 -38.8773  134.055
