-13.6316  12.3838  13.6316  11.8249 -23.3177  178.695  -470.93  113.557
-24.0251  24.0251  24.0251 -6.23751 -84.2745  293.388 -583.358  16.0803
-13.9198  -25.018  36.8998 -3.09009  8.20941   290.01 -704.869  52.7892
 -6.2861  11.4012  11.4012 -7.15383 -40.1561   313.83 -635.773  6.82933
-1.30067       10       10 -7.72307 -30.3357  310.854 -632.278  36.8054
0.414035       10       10  -7.7746 -32.9746  308.064 -618.866  16.6204
 1.29411       10       10 -6.03222 -31.8231  309.619 -621.761  19.7446
 1.70257       10       10 -3.86368 -32.7516  309.305 -621.029  29.1661
 2.14638  7.31748       10  -1.7255  -30.991   309.67 -621.857 -1.46558
 4.10548      -10       10 0.432195  -14.387  285.656 -585.248  37.6447
  7.1858      -10       10  1.85138 -11.5307  256.611 -546.053 -75.1938
 7.82224      -10       10 0.182955 -13.9223  286.104 -578.965  41.7471
  10.265  -10.265   10.265  -1.9862 -13.9029  311.256 -610.582 -17.5483
 15.6961 -15.6961  15.6961 -6.84874  -4.7046  306.058 -611.842     40.4
  22.7464  -22.7464   22.7464  -14.8439 -0.276191   299.138  -606.531  -24.1279
 26.7873 -26.7873  26.7873 -17.9806   10.416   291.17 -599.472  37.3001
 27.1412 -27.1412  27.1412 -20.2765 0.923778  280.893 -556.354 -52.5977
  13.179  -13.179   13.179 -1.26138  2.15773  308.238 -559.177   41.804
 6.67978       10       10  1.12953  -67.232  417.814 -657.851 -129.376
 5.28509  22.4067  22.4067  1.53643  -37.429  391.202 -645.067 -1.67455
 12.1172  12.1172  12.1172 -93.5975 -56.3354  198.847
