-104.522 -104.522  104.522   62.831  82.0454  424.264 -1124.12  125.878
-87.7985 -87.7985  87.7985  68.9739  29.4138  360.668 -1034.83  43.3577
-35.5802 -35.5802  35.5802   40.833  16.1274  291.267 -764.017  88.6816
     -10      -10       10  14.0733 -14.9029  310.153 -646.212  10.4434
     -10      -10       10  16.0944 -8.80038  310.144 -631.442   35.472
 5.40296       10       10  1.87459 -32.4062  308.004 -613.268  12.1184
  10.2614   10.2614   10.2614 -0.109634  -33.4995   308.905  -610.656   13.5519
 11.3916  11.3916  11.3916 0.710742 -36.3091  308.429 -604.191  22.5177
 10.7339  10.7339  10.7339   3.3417  -36.849  309.606 -592.914  -11.421
  17.469  2.83822   17.469 -4.59861 -28.6912  280.375  -546.88  23.7593
 29.0864 -5.05528  29.0864 -18.2193 -16.0962   251.17 -517.355 -96.3888
 22.5587 -5.04579  34.1225   -5.002 -21.8351  261.815 -575.803  33.7012
 33.5748  4.75021  33.5748 -7.51783 -33.8531  286.598 -640.272 -16.7943
 37.8092  15.8258  37.8092 -5.51388 -43.1872  282.889 -671.522  51.8535
 43.6451  33.1165  43.6451 -8.69634 -63.1132  278.863 -686.499 -3.84675
 45.0313  45.0313  45.0313 -3.79748 -68.8781  271.303 -703.642  63.0011
  49.144   49.144   49.144 -8.93268  -78.901  268.028  -689.06  -12.497
 25.3865  21.4726  25.3865  33.4393 -32.5474  299.504 -730.138  75.0179
-7.03443 -67.5305  67.5305  29.5153  36.2451  132.752 -478.016  -42.533
-6.12568 -20.6357  20.6357   24.018   24.018   24.018 -200.066  -11.571
-13.0986  6.89085  13.0986 -58.8248 -40.5845  197.971
