-175.294 -175.294  175.294  146.515  156.164  400.814 -1324.47  149.209
-145.788 -145.788  145.788  143.565  92.0863  317.605 -1191.99  67.6249
-64.0641 -64.0641  64.0641  82.9467  49.9689  262.239 -829.666  107.693
     -10      -10       10  30.1179 -12.3915  308.287 -659.509  13.5175
 3.45696      -10       10  17.2262 -7.61375  309.601 -637.546   37.819
      10      -10       10   11.284 -12.6521  308.354 -616.158  9.40294
 15.4207  15.4207  15.4207  6.81338 -39.5072  303.644 -616.034    11.18
 15.1097  15.1097  15.1097  9.30456 -41.2639  304.703 -606.445  18.2971
  13.369   13.369   13.369  12.7181 -40.5376  306.556  -588.69  -15.287
 21.2881  1.24688  21.2881  1.62772 -27.3047  276.799 -537.861  17.6948
  33.797 -12.8272   33.797 -14.2413 -7.40298  250.054 -507.034 -102.808
 36.7284 -13.3376  36.7284 -7.59345 -13.9645  257.655 -570.069  30.8624
 24.5611  24.5611  24.5611  18.0055 -54.9649  293.799 -633.618 -15.4972
 34.3928  34.3928  34.3928   15.041 -63.4271  284.002  -684.41  56.4907
 50.2682  50.2682  50.2682 0.967574 -81.9936  269.711 -721.184  3.00415
  60.221   60.221   60.221 -3.28294 -85.6359  253.784 -761.779  71.8841
 67.6783  67.6783  67.6783  -11.657 -99.0833   250.76 -761.106 -2.45911
 37.3418  37.3418  37.3418  40.2711 -49.9047   284.89 -804.189  86.0098
 2.84022 -75.6442  75.6442  25.5311  44.1594  82.7699 -476.013 -23.0371
      10 -3.91155       10  11.4732  11.4732  11.4732 -186.434 -21.2202
-45.4482 -16.6233  45.4482 -31.2181 -1.08147  163.144
