     -10  8.60231       10  17.8727 -19.8156  236.731 -553.138  126.025
-13.0965  13.0965  13.0965  7.78049 -75.0794  320.917 -624.449  24.2506
-1.02051  -20.146  38.3594  5.63067  2.95964  287.006 -713.491  58.2286
 16.5624  16.5624  16.5624 -8.32851 -44.9955  304.759 -653.682   9.8253
 11.9721  11.9721  11.9721 0.838751 -31.2666  309.547 -651.003  38.6331
      10       10       10  4.97979 -31.7776  309.228 -636.727  18.6289
      10       10       10  7.82095 -30.7475  309.938 -637.929  21.4324
      10       10       10  10.2787 -32.1229  309.385 -635.272  29.1027
  9.34783        10        10   13.1801  -34.1416   309.572  -632.989 0.0338212
 9.50133 -1.89589       10  14.4988 -24.9398  288.133 -593.308  34.6803
      10      -10       10  14.2257 -14.5799  269.394 -552.858 -74.8212
      10      -10       10  17.8344 -16.4775  288.249 -586.282  39.5488
      10      -10       10  20.7204 -14.8405   309.34 -616.356  -18.427
      10      -10       10  22.8162 -10.4796  307.738 -610.787  41.0589
 10.5767 -10.5767  10.5767  22.6904 -12.0499  306.891 -597.535 -25.1271
 12.0521 -12.0521  12.0521  22.8152 -3.74551  303.883  -592.13  41.5114
 15.9107 -15.9107  15.9107  16.1382 -9.09817  295.217  -560.49 -56.0703
   10.07   -10.07    10.07  27.2443 0.120998   311.81 -573.204  48.5431
      10      -10       10   26.249 -41.6912  386.034 -615.835 -128.341
      10       10       10  21.9077 -24.0177  331.941 -519.724 0.723179
 19.3982  19.3982  19.3982 -92.8594 -64.8467  192.808
