-22.0317  38.5217  38.5217  32.9571 -45.5855  64.7246 -377.215  130.693
-54.3826  54.3826  54.3826  34.0482 -112.313  209.276  -532.19  16.9173
 -14.141 -1.60732  53.2679  7.61392 -13.5055  271.419 -726.542  50.0064
 1.28935  14.8539  14.8539 0.997584 -46.6614  311.141 -660.675  14.3675
 -2.8494       10       10   9.5327 -33.1369  312.078  -651.51  41.6774
-5.74272       10       10  14.1739 -36.0071  309.297 -639.128   22.304
-3.44488  7.31385       10   14.388 -31.7649  311.168 -641.579  23.7644
 1.03649       10       10  12.4829 -34.6132  310.019  -639.54  32.8084
 5.58289       10       10  10.5559 -34.6673  308.573  -637.49  2.14567
 8.17731 -4.48926       10  10.6946 -18.1438  287.256 -603.057  40.6795
 9.21943      -10       10   11.027 -8.37253  267.415 -566.442 -70.8998
      10      -10       10  11.6617 -11.6943  287.131 -591.622  46.1333
 10.9178 -10.9178  10.9178  11.2805 -14.1624  308.032  -614.89 -23.6228
 26.6167 -26.6167  26.6167 -6.86984  5.00663  292.048 -622.084  45.3071
 43.9228 -43.9228  43.9228 -27.4619  17.4479   275.44 -626.154 -42.4482
 59.5851 -59.5851  59.5851 -46.7094  40.8284  258.929 -625.508  44.3896
 67.1486 -67.1486  67.1486 -57.1231  36.0185  241.678 -592.443 -90.3443
 57.0672 -57.0672  57.0672 -47.1569  41.5041  266.009 -573.236  54.3749
  32.252  13.4298  36.2196 -8.86404 -81.2426  445.328 -760.147 -192.864
 8.66291  81.2234  81.2234  5.64281 -98.6718  428.298 -831.948  21.4069
 33.6746  33.6746  33.6746 -117.496 -72.3309  174.708
