-42.5661  57.6618  57.6618  60.2561 -60.2561  60.2561 -455.227   155.03
-93.7634  93.7634  93.7634  85.6802 -151.123  151.123 -590.129  32.8259
-14.9313  21.1623  72.4064  28.1523 -35.5105  246.189 -774.816  64.2313
 55.4931  55.4931  55.4931  -35.551 -90.5156  261.225 -746.457  29.2051
 30.3385  30.3385  30.3385 -2.55882 -55.7414  291.824 -721.298  54.5712
  11.287   11.287   11.287  21.3613 -39.2236  307.584  -678.77  33.8563
 9.46682       10       10  24.7699 -35.6871  309.443 -669.275  31.1156
      10       10       10  25.9655 -35.5704  307.787 -660.539  37.2417
      10       10       10  26.9087 -35.3188  307.704 -649.631   3.1606
      10      -10       10  26.8944 -13.2768  287.558 -606.059  38.1513
      10      -10       10  24.6235 -8.76817  275.122 -563.119 -76.2273
      10      -10       10  29.5295 -11.4764  287.719 -592.132  43.6821
 18.1665 -18.1665  18.1665  23.1617 -6.60045   299.53 -628.034 -29.4687
 34.4706 -34.4706  34.4706  5.23101  13.5215  282.218 -638.972  47.1141
  49.856  -49.856   49.856 -12.5224   23.555  266.603 -640.775 -51.0162
 63.7362 -63.7362  63.7362 -29.8044  45.2882  250.612 -633.658  50.4898
 69.7444 -69.7444  69.7444 -38.9585  37.6158  235.732 -597.157 -104.433
 57.9936 -57.9936  57.9936 -26.3396  40.0244  260.681 -568.594  66.0295
 20.9775 -20.9775  20.9775  42.2223 -49.7358  474.683 -764.628 -212.218
 46.9654  46.9654  46.9654  12.9268 -64.7804  464.538 -794.913  26.6638
 58.6203  58.6203  58.6203 -140.899 -94.6439  140.899
