-34.0488  41.4448  41.4448  49.1891 -49.1891  49.1891 -336.806  138.635
-71.4241  71.4241  71.4241   65.505 -127.411  127.411 -436.082  17.6741
-7.24431  17.7585  62.1824  18.0489 -32.4319  237.165 -683.497  47.2934
 19.1957  19.1957  19.1957  4.54912 -53.6756  314.543 -684.642  8.00015
 10.1802  10.1802  10.1802  16.7983 -36.9951  311.404  -652.07  41.4546
-10.1519  10.1519  10.1519  38.9401 -39.1111   311.68  -649.04  19.9558
      10       10       10  21.4777 -37.9283  305.948 -644.041  25.5094
  10.735   10.735   10.735  22.9511 -38.3308  306.269  -648.63  32.5444
      10      -10       10  25.4595 -16.5264  302.071 -637.533  3.58363
      10      -10       10   26.628 -12.8254  288.493 -616.114  38.4537
      10      -10       10  25.8975 -6.84239   277.97 -589.456 -63.9774
 11.6153 -11.6153  11.6153   27.793 -8.26978   291.82 -621.202  45.5368
 22.3936 -22.3936  22.3936  16.9485  -1.2959  297.963  -652.99 -24.5647
   40.82   -40.82    40.82 -4.84092  19.1522  277.208  -661.48  48.6083
 59.4341 -59.4341  59.4341 -27.4885  31.8426   255.04 -659.981 -47.8158
 76.7719 -76.7719  76.7719 -51.1169  56.6942  230.623 -644.474  56.0335
 81.8388 -81.8388  81.8388 -59.4163  47.6241  216.382 -604.591 -102.747
 69.8761 -69.8761  69.8761 -47.9852  50.2679  259.081 -594.757  74.5294
 35.2807  35.2807  35.2807  17.5929 -106.224  504.549 -849.796 -236.851
 24.0651   86.137   86.137  15.1159 -103.704  451.623 -885.846  8.76665
 47.9502  47.9502  47.9502 -120.175 -80.2123  143.042
