     -10      -10       10 -28.9357  -7.0702  265.774 -550.473  96.6241
     -10      -10       10 -58.1247 -51.9867  378.094 -630.059 -16.4819
-10.9205  -18.997  46.3059  -35.835 -1.43704  269.123 -670.665  45.4493
     -10 -5.85263       10 -30.7222 -21.8742  312.197 -595.252 -10.0062
     -10       10       10 -26.1162 -29.1264  309.254 -599.485  28.9458
      -10 0.0933294        10   -23.172  -20.7177   307.374   -593.59   7.18669
     -10  2.18214       10 -19.9173 -21.7617  308.494 -599.686  15.4963
     -10  3.18045       10 -16.6093 -24.0386  307.963 -602.585   24.951
-8.38397   6.2018       10 -14.9123 -28.9884  308.996 -609.919 -1.98467
-4.01203  3.43293       10 -13.1206 -28.7518  285.335  -578.89  37.3188
 2.51751 -1.09245       10 -11.2805 -22.1905    252.5 -543.185 -74.0007
 3.66858 0.259697       10 -16.6281 -26.1954  286.538 -576.469  42.3293
      10  1.36279       10 -24.5046 -26.3727   311.52 -604.034  -12.653
      10 -3.96377       10 -22.7098 -17.5266  310.386  -595.54   39.603
      10 -5.97764       10 -22.4676 -17.3171  310.864 -581.575 -14.6504
      10      -10       10 -19.3862 -7.03748  308.914 -579.537  36.5343
      10      -10       10 -20.8288 -14.6891  306.259 -550.149 -35.1334
      10      -10       10 -14.9623  1.49715  312.168 -578.942  39.2511
-3.33538      -10       10 -12.4991  -35.373  328.518 -529.407 -89.8596
-2.52171       10       10 -5.49534 -20.7526  289.407 -491.293  6.11565
 -8.1991       10       10 -72.4626  -58.097  184.894
