0.557532 -4.78246       10  8.64679 -7.58438  50.5418 -263.884  107.883
     -10      -10       10 -51.6389 -48.3441  273.136 -401.455 -11.6866
 -19.9605  -17.4176   43.9014  -36.7973 -0.606297   271.106  -636.623   28.0877
     -10      -10       10 -40.2643 -20.4984  313.372 -578.796 -7.02738
     -10      -10       10 -34.7554 -11.2671  307.927 -587.179  24.1511
     -10      -10       10  -31.917 -14.0272  306.779 -584.777   8.8033
     -10  -4.5524       10 -28.1234 -18.2447  308.222 -598.167  14.0921
     -10 0.690041       10 -24.0419 -24.0613  307.869 -607.744  27.3353
     -10       10       10 -19.4122 -33.7238  307.868 -622.063 0.410588
-7.64822 -4.87562       10 -13.2936 -16.5833  285.951 -603.135  45.2526
0.550224      -10       10 -14.6409 -6.85994  263.293 -576.391 -61.6354
      10      -10       10 -27.3802 -10.9609   287.32 -600.326  54.2006
      10      -10       10 -31.9673 -14.4776  310.414 -613.464 -18.9027
 27.3655 -27.3655  27.3655 -53.2242  6.78337  291.889 -617.677  50.3597
 49.2196 -49.2196  49.2196 -80.0933  24.4472   270.06 -624.312 -40.5245
 66.5376 -66.5376  66.5376 -102.132  50.4632  250.473 -622.041  48.5925
 70.3487 -70.3487  70.3487 -107.441  42.1222  235.809 -579.321 -94.9909
 53.8424 -53.8424  53.8424 -94.1699  42.2278  266.844 -547.393  57.9659
 33.0875  69.7464  69.7464 -90.5102 -139.067  392.948 -750.135 -222.487
-16.7897  148.981  148.981 -66.9642 -172.071  384.708 -934.945  20.1965
      10       10       10 -101.743 -52.3729  190.226
