-85.0432 -85.0432  85.0432  24.4032   61.877  450.009 -1099.45  115.274
-72.4034 -72.4034  72.4034  38.9142  17.0624   388.76 -1055.44  45.2046
-38.1149 -38.1149  38.1149  32.3977  19.7049  284.975 -785.882  97.6871
     -10      -10       10  2.63505 -14.3623  310.228 -655.142  11.8985
     -10      -10       10  3.98052 -8.77902  308.935 -631.231   38.864
      10       10       10 -15.6158 -32.8541  306.739 -606.498   11.091
      10       10       10 -13.6911 -33.9361  309.299 -599.414  12.3668
 10.3139  10.3139  10.3139 -12.4419 -35.8667  310.295 -589.024  20.5282
 6.82255       10       10    -7.66  -36.587  310.612 -572.834 -14.9596
 13.8584  13.8584  13.8584 -15.1924 -39.2688  285.314 -521.081  20.4606
 48.5375 -31.0906  48.5375  -55.588  11.6682  229.963 -515.732 -103.948
 53.2038 -30.9242  53.2038 -53.2164  4.67168  241.574 -581.764  31.5048
 28.2378  28.2378  28.2378 -15.4574 -58.3524  294.502 -626.168 -17.6306
 36.0231  36.0231  36.0231 -16.6122 -64.9934  287.293  -669.39  56.1771
  53.2726   53.2726   53.2726   -33.189  -84.9835    270.72  -701.088 -0.173125
 63.2231  63.2231  63.2231 -37.2626 -88.5543  254.703 -736.772  69.2125
 79.0202   60.768  79.0202 -56.6826 -92.1698  239.913 -737.525 -5.12281
 30.8587 -30.8587  30.8587  20.0833  19.3589  299.512 -779.059  92.2153
-15.0109 -96.9993  96.9993  27.8408   68.077   68.077 -512.027 -13.7482
-0.668461  -18.9922   18.9922   25.5334   25.5334   25.5334  -252.226   3.83815
      -10 0.0711791        10  -61.7807  -28.5254   192.739
