-43.4046 -43.4046  43.4046 -21.3587  20.9817  400.311 -877.431  104.961
-32.1837 -32.1837  32.1837 -24.9989 -26.6741  424.352 -898.367  15.4464
 -26.964 -42.2712  44.6906 0.510058   23.421  269.503 -746.906   74.274
     -10  -8.0535       10 -15.0795 -19.1711  310.262 -632.029  5.05173
-4.76014  6.10374       10 -17.1168 -26.0878  307.042  -617.22  33.7541
-2.32698       10       10 -18.2791 -32.6624  307.825 -601.687  10.3529
-2.44368  10.7388  10.7388 -15.4403 -33.2088  309.993 -603.543  13.9759
-7.25335  9.63667  11.6501 -7.99863 -33.3005  308.701 -598.861  23.3169
-16.2603  6.87152  16.2603  2.46586 -31.9026  304.027  -597.75 -9.38824
-6.94127   2.2324  27.8806 -6.12243 -27.2889  267.872 -563.382  27.2939
-0.537169    -9.101   41.3277  -11.1386  -12.1666   227.612  -535.678  -93.2093
 36.0362 0.753854  36.0362 -43.2955 -27.0942  259.728 -582.017  35.8396
 47.7486  2.37696  47.7486 -52.9112 -30.6923   271.29   -647.3 -15.4011
 56.6153  9.24728  56.6153  -57.552 -35.2819  263.733 -677.949  46.8637
 62.2408  22.7769  62.2408 -61.3871 -51.5566  261.307  -688.76 -4.12103
 58.6265  38.3181  58.6265 -50.4037 -60.8501  265.668 -705.394   54.229
 66.6282  30.3883  66.6282 -60.6185 -59.1337  257.453 -691.007 -15.1182
   40.05 -15.9723    40.05 -15.4435  6.32902  282.061  -708.64  70.1367
-14.3552  -76.184   76.184  18.7076  44.0958  138.704 -508.138 -38.7903
-16.8499 -57.7495  57.7495  28.8653  59.4646  59.4646  -362.11  8.60599
-7.84909      -10       10 -65.5929 -26.4434  182.279
