 12.2935 -12.2935  12.2935 -16.0831 -3.01903  347.785 -714.899  103.849
 13.4626 -13.4626  13.4626 -21.7771 -53.3553  368.577  -710.47  21.9542
 8.85515 -30.5982  30.5982 -5.36877  10.5284  295.677  -695.97  54.5652
 9.33034  3.95302       10 -3.82128 -32.5785  313.513  -632.83  5.31846
 8.81665       10       10 0.413282 -29.2024  311.633 -633.318  32.1678
 7.81562       10       10  3.12507 -31.5371  310.009 -623.013  13.8383
 7.81374       10       10  6.08823  -30.515  310.144 -624.183  17.9176
 8.38376       10       10  8.08233 -31.8236  308.729 -621.279  25.1595
       10        10        10   8.66353   -33.521   307.865  -617.636 -0.544852
 9.88677 -1.85607       10   10.121 -23.3566  283.965 -573.722  29.5228
      10      -10       10  11.3976 -12.9815  240.641 -504.897 -72.1593
      10  -5.1978       10  14.4768 -20.3071  283.002 -570.372  33.1719
      10 0.958446       10  17.9715 -26.1558  308.299 -611.158 -11.5532
      10  1.22772       10  20.8713 -23.2611  307.166 -611.067  35.9236
      10  2.49875       10  21.9766  -26.554  309.074 -603.968 -11.4128
      10 0.757251       10  25.5487 -18.7527   307.22  -606.65  36.6146
      10 -2.13166       10  24.3271 -23.7713  307.501 -582.838  -29.674
        10        -10         10    31.4714 -0.0270165    308.077   -608.968    41.2422
      10      -10       10  22.7818 -37.2247  325.445 -556.959 -72.8131
      10       10       10  20.1044 -20.2985  267.308  -466.59 -24.9672
      10       10       10 -81.9022 -57.4541  203.491
