  5.51446       -10        10  -1.90029 -0.125576   56.0593  -345.238   125.108
-14.2606 -14.2606  14.2606  -64.866 -36.6779  325.128 -481.368 -17.5725
 -19.8032  -16.6093   65.3367  -42.7675 -0.626373   229.016  -678.324   27.7736
     -10      -10       10   -44.82 -19.2072  317.291 -597.834  -13.293
     -10      -10       10 -37.7361 -11.9635  306.678 -595.168  25.3705
     -10 -5.08053       10 -34.3666 -19.3495  306.403 -592.583  5.72129
     -10  2.79394       10 -30.4294 -26.2787  308.744 -604.458  13.8661
     -10       10       10 -25.5925 -34.4127  307.511 -612.947  25.5721
      -10     9.449        10  -21.1701  -34.4425   308.623  -624.055 -0.334684
-5.28081 0.692294       10 -17.4836 -25.7059  285.981 -601.966  41.7317
 3.27432 -6.25195       10 -17.8386 -15.0813  259.418 -571.939 -65.5387
      10      -10       10 -27.4888  -13.909  286.577 -596.535  48.9805
      10      -10       10 -30.1432 -14.5715  309.955 -612.591 -14.9693
 12.6522 -12.6522  12.6522 -32.3414 -7.89449  307.097 -602.007  45.1553
 24.4606 -24.4606  24.4606 -46.4268  1.03139  295.484 -597.225 -27.1819
 30.1721 -30.1721  30.1721 -52.7137   13.749  289.752 -589.004  39.5445
 28.5157 -28.5157  28.5157 -51.7136  1.67551  281.309 -538.229 -66.2768
      10      -10       10 -31.1748 -2.38494  311.805  -512.11  40.0789
     -10       10       10 -24.5089 -72.0789  436.239 -640.077 -158.172
-26.5551  56.2321  56.2321 -15.7952 -72.4841  440.118 -784.887  14.1253
-7.25671      -10       10 -52.6681 -32.8768  145.343
