 7.15649      -10       10       10  3.49358       10 -294.292  127.714
-14.0004 -14.0004  14.0004 -44.7846 -34.9799  208.182 -278.928 -16.4653
 -21.3109  -15.4825    64.635  -48.9518 -0.665942   222.092  -633.286    19.944
-5.37308      -10       10 -57.9992 -26.3179  320.023 -583.866  -15.365
-4.20773      -10       10 -51.5807 -17.2982  307.532 -582.746  25.2236
     -10      -10       10  -41.588 -20.4207  305.849   -581.1  3.62127
     -10 -1.11577       10 -37.8748 -27.2663  308.702 -595.021  13.5783
     -10      -10       10 -31.6802 -17.4709  306.063 -607.065  24.1433
     -10       10       10  -26.598 -36.3889  306.275 -622.778   1.5862
-8.69231      -10       10 -17.3008 -11.4572  285.107 -614.288  45.7972
0.252415      -10       10 -19.2552 -5.78289  266.979 -594.502 -52.7499
      10      -10       10 -31.1183 -9.98829  286.834 -609.978  57.0173
      10      -10       10  -35.349 -15.3254  308.757 -615.883 -19.0746
 28.8887 -28.8887  28.8887 -58.6335  6.70579   289.28 -617.969  53.3611
  55.057  -55.057   55.057 -89.7988  27.6545  261.574 -626.593 -48.2777
 74.5869 -74.5869  74.5869 -116.386  55.9366  243.364 -620.721  52.9744
  76.305  -76.305   76.305  -117.32  42.1659  226.037 -567.228 -111.667
 54.0509 -54.0509  54.0509 -101.496  36.6675  267.047 -508.868  62.9634
 -22.643  77.8373  77.8373 -43.7766 -162.334  438.003 -808.671 -247.873
-70.2752  158.758  158.758 -24.7488 -180.057  498.791 -1124.11  26.3707
     -10      -10       10 -55.1264 -26.6891  143.119
