 10.2912  10.2912  10.2912   10.243  -10.243   10.243 -193.321  135.232
-50.7257  50.7257  50.7257  24.8413  -113.71   113.71 -294.956 -11.0267
-21.5536  26.1602  72.5106 -8.04012 -45.1911  237.442 -670.287  31.2133
      10       10       10 -19.3082  -49.762  319.024  -632.76  5.60336
     -10       10       10  4.42838 -39.3136  312.943 -629.567  38.4953
     -10       10       10  8.42797 -40.8403  311.441 -630.263  19.7545
     -10       10       10  11.6147 -38.8389  312.463 -634.346  22.8054
     -10       10       10  15.8914 -36.9661  310.223 -639.034  36.2533
     -10      -10       10  20.4956 -14.2218  306.088 -641.151  4.60466
     -10      -10       10  25.4049 -5.67487  286.992 -623.765  52.1643
      10      -10       10  9.06556 0.958411  269.306 -601.794 -58.7198
      10      -10       10  8.94696 -6.21656  288.813 -615.885   61.387
      10      -10       10  8.10925 -18.7069  309.689 -622.623 -31.1112
 36.1708 -36.1708  36.1708  -24.693   10.284  282.514 -628.499  61.4102
 77.6585 -77.6585  77.6585 -73.5709  43.1033  240.284   -655.8 -72.5074
 118.624 -118.624  118.624 -128.538  96.9764  200.984 -661.529  68.7891
 139.913 -139.913  139.913 -150.883   104.49  164.499  -651.18 -161.254
 143.827 -132.637  143.827 -170.476  121.477  170.476 -580.889  92.2533
 60.6196  138.592  138.592 -64.7427 -210.766  397.537 -932.549 -342.003
-8.63289  208.273  208.273 -8.12806 -224.344  468.535 -1195.07  31.3746
   50.55    50.55    50.55 -145.558 -80.6753  145.558
