 41.1619  41.1619  41.1619 -35.2751 -49.0438  73.6878   -405.8  114.534
 50.4786  50.4786  50.4786 -77.0709 -109.421  209.495 -522.327  28.7805
 20.4885  -3.1656  50.7819 -36.0593 -12.9152  258.796 -693.038   39.875
 4.47083  15.8999  15.8999 -12.8728 -47.5838  304.252  -643.31  16.7872
 1.72004       10       10 -5.38151 -33.1274  312.059 -644.505  35.8796
 1.57848       10       10  -3.0463 -36.1771  310.439  -635.72  24.2281
  2.59291        10        10 -0.946636  -35.0228   310.266  -637.676    22.841
 2.56586       10       10  1.92464 -35.2438  309.456 -636.875  34.2446
 5.36043       10       10   1.7837 -35.2567  309.725 -637.422  3.64205
      10      -10       10 0.857104 -12.5685  294.261 -614.797  42.6887
      10      -10       10   3.1111 -8.04949  273.702 -578.712 -70.9944
      10      -10       10  3.55862 -11.6429  295.044 -603.247  46.8419
 12.1818 -12.1818  12.1818 0.838182 -13.1817   308.93 -616.174 -20.5359
 30.1493 -30.1493  30.1493 -20.2435  8.52085  289.143 -622.074  43.3811
 47.7851 -47.7851  47.7851 -41.7591  21.0002  271.626 -622.139 -42.6835
 50.3633 -66.7665  66.7665 -48.8048  48.0937  252.912 -625.705  42.3017
  39.137 -76.2966  76.2966 -40.6314  45.0704  240.613 -603.572 -97.4142
 18.6489 -68.0658  71.6777  -23.272  53.8272  246.139 -563.531  51.2193
-0.350078   42.7514   75.2695  -1.06836  -111.698    390.88  -758.269  -213.847
-13.5078  113.224  113.224  7.80528 -130.593  404.449 -880.263  28.3104
 29.1866  29.1866  29.1866 -111.921 -66.6322  167.971
