-11.4895  19.5865  19.5865  26.5595 -26.5595  26.5595 -229.654  120.219
 -57.496   57.496   57.496  36.1045 -116.619  121.601 -353.954  3.92823
-13.9554 -7.02708  43.9465  1.50458 -8.62068  260.042 -646.462   43.617
-9.91096       10       10  6.85486 -44.7895  320.604 -641.919  5.40723
     -10       10       10  10.2613 -36.6508  315.808 -641.265  40.0866
     -10       10       10  12.1295 -40.2064  311.743  -626.85  17.5647
-6.95882       10       10  12.4811 -38.6274  314.264 -638.347  23.6071
 1.83818  6.26061       10  6.88324 -34.1385  307.935 -631.517   30.821
      10      -10       10  2.08856 -15.1583  310.377  -642.22  4.94912
  9.4448      -10       10  6.08433 -10.2971  289.529 -614.735  42.7748
      10      -10       10  7.65762 -4.71987  271.636 -586.669  -59.736
      10      -10       10  8.23066 -8.59604   289.48 -605.781  51.3502
 16.2606 -16.2606  16.2606 0.407582 -8.64025   301.54 -624.704 -25.6769
 42.1591 -42.1591  42.1591 -31.3507   19.896  273.039 -634.248  52.2098
 68.8269 -68.8269  68.8269 -62.9854  39.5407  245.163 -645.732 -56.1328
 95.8583 -95.8583  95.8583 -98.7414  75.0047  216.471 -644.806   58.571
 108.466 -108.466  108.466 -112.841  73.2212  196.397 -628.072 -122.265
 106.975 -94.6283  106.975 -118.802  76.1717   230.21 -621.325  77.7753
 72.3682  92.5739  114.816 -71.1668 -167.504  429.603 -943.663 -270.316
 21.4084  178.396  178.396 -36.8669 -197.739  417.166 -1068.28  19.9255
 23.7456  23.7456  23.7456   -102.9 -56.4463  173.261
