-10.2156 -10.2156  10.2156 -29.9948 -9.24732  365.958 -704.427  100.319
-10.3361 -10.3361  10.3361 -37.8289 -54.7994  414.745 -749.816 -2.85671
-6.78701 -28.9893  38.9844 -20.1131  6.97788  278.658 -681.752   56.276
-4.00566      -10       10 -18.9958 -18.7464  309.997 -608.666 -3.41922
-3.18986       10       10 -16.6317 -29.8659  312.705 -614.699  30.1132
-4.31732       10       10 -13.3108 -31.6691  310.729 -604.492  9.61598
-4.85559       10       10  -9.3716 -30.8284  309.672 -604.989  15.5622
-4.39084       10       10 -7.23258 -31.9475  308.281 -600.823   25.704
 -1.53661 -0.345844        10  -7.23212  -23.4132   307.873  -599.876  -4.98957
 2.36045  10.3925  10.3925 -8.02275 -35.9666  284.639  -560.53  33.0803
 15.9369 -15.9369  15.9369 -16.6216 -6.70762  249.661 -531.467 -82.7874
 19.3668 -5.92988  19.3668  -21.331 -20.3002  278.307 -578.293  37.7252
 21.4752  3.11182  21.4752 -22.0358 -29.7103  301.176  -621.33 -13.3385
 25.7734  7.53353  25.7734 -23.6758 -31.2667  294.881 -627.259  40.6694
 29.8949  14.4873  29.8949 -27.0445 -40.1159  288.743 -622.174 -7.47249
 27.6972  19.1177  27.6972 -20.2834  -38.984  290.525 -626.123  42.2974
 28.6773  19.5076  28.6773  -22.617 -45.8883  292.678 -609.647 -20.7856
      10      -10       10  9.18033 0.625874  319.314 -632.912  47.7386
 2.07295 -42.1294  42.1294 0.237993  3.14971  230.084 -511.136 -55.8175
-4.42134 -49.3138  49.3138  8.89467  42.5346  156.253 -427.432 -6.03439
     -10  7.59303       10 -69.2336 -54.9582  192.451
