  5.14495       -10        10  -3.09298 -0.489073   66.1808  -353.822   126.798
     -10      -10       10  -69.527 -42.9403  345.297 -475.759 -23.9519
 -15.017 -15.8229  62.6565 -45.3149  -1.9179  232.558 -658.125  24.9905
     -10      -10       10 -41.8069 -19.3923  316.348 -590.717 -14.2739
     -10      -10       10 -34.8971 -11.6021  306.974 -593.512  24.4756
-9.65521  -8.2899       10 -31.7605 -15.3484  307.446 -595.318  6.12196
-9.23108  2.36239       10 -28.5819 -25.0047  309.768 -606.135  12.8555
-8.65042  6.62452       10 -24.4247 -30.1484  308.744 -615.594  26.3023
-7.39129       10       10 -21.1714 -34.5822  309.912 -629.243   -1.052
-2.82462  2.15457       10 -17.2281 -27.0422  286.188 -607.985  43.6383
 3.76713 -5.07794       10 -15.5161 -15.9592  258.074 -577.609 -66.5076
  5.6053 -9.37611       10 -20.5874 -14.5426  285.804 -600.379   50.801
  7.1769 -10.4881  10.4881 -25.2091 -14.1113  308.545 -613.914 -15.1521
      10      -10       10 -27.2052 -10.5596  309.669 -599.887  46.2556
  22.7888  -22.7888   22.7888    -42.65 -0.409196   297.355  -596.517  -27.1677
 30.1191 -30.1191  30.1191 -50.9239  14.4764  291.117 -593.063  39.8452
 28.7789 -28.7789  28.7789 -50.7973   2.6176  283.169 -541.571 -68.1961
      10      -10       10 -29.7584 -1.17491  308.518 -505.168  39.0601
-4.62222       10       10 -27.9337 -69.6085  420.235 -609.224  -164.42
-15.4474  38.1149  38.1149 -21.4534 -53.5818  447.934 -740.313  17.0437
 -8.4567 -7.28358       10 -52.3033 -36.5314  150.633
