-4.85508  26.9753  26.9753  10.7997 -37.4739  90.0271   -373.1  113.965
 -30.4376   30.4376   30.4376 0.0325368  -88.2921   259.089  -519.848   10.0973
-6.41975 -25.4318  34.5791 -10.9073   9.8253  294.782  -692.41  47.3438
      10       10       10 -22.3997 -40.5064  314.016 -626.433  7.73228
 4.34358       10       10 -12.3985 -32.2168  308.222  -626.64  36.6815
 2.19329       10       10    -8.71 -35.3452  306.882 -616.875  17.3479
 2.62191       10       10 -6.81591  -33.957  311.669 -626.349   19.581
 4.89207       10       10 -6.70754 -34.0054  311.967 -627.149  29.3056
       10   6.73377        10  -8.75568   -30.846   311.015  -629.677 -0.733969
 8.56681      -10       10 -2.83862 -12.6816  286.915 -596.476  40.3083
      10      -10       10 0.371183 -8.70005  258.079 -559.566 -71.3262
 10.0132 -10.0132  10.0132  -1.2107 -11.9067  285.152 -586.686  46.1073
 13.0048 -13.0048  13.0048  -5.5466  -11.045  306.314  -614.84 -18.6292
 27.6663 -27.6663  27.6663 -22.5179  6.94284  292.899 -624.509  42.6555
 39.2599 -39.2599  39.2599 -36.6154  14.7453  284.507 -626.456 -31.0602
 47.4434 -47.4434  47.4434 -46.0352  29.8322  274.517  -621.83  37.4004
 49.0448 -49.0448  49.0448 -49.6977  19.9647  257.979 -571.481 -68.8245
 31.9582 -31.9582  31.9582 -31.1139  16.6976  284.581 -544.205  41.8187
 15.4371  15.4371  15.4371 -13.2245 -82.3518    452.2 -709.611 -161.643
 1.34834  59.7555  59.7555 -7.71994 -78.2887  431.874 -789.615  8.63384
 10.1705  10.1705  10.1705 -91.8082 -52.0474  204.704
