-11.0246 -11.0246  11.0246 -36.1605  -8.8876  300.363 -614.982  104.093
     -10      -10       10 -60.3453 -49.4169  401.936  -670.16 -21.7551
-12.1748 -23.9023   53.505 -33.4628  3.80059  251.397 -686.204  46.5906
-9.57975 -7.95156       10 -30.0766 -19.7104  316.796 -607.315 -13.2496
-8.14094 -1.37189       10 -25.8368 -17.9384  310.158 -603.882   27.551
 -7.3513  1.38151       10 -22.8781 -22.4165  307.918 -599.049  5.82127
 -6.6756  5.92823       10 -19.4319 -26.1784  308.725 -606.233  15.1611
-5.60092  6.69827       10 -16.5209 -28.1985    308.2 -609.576  25.1159
-3.72629       10       10 -14.7526 -33.4343  308.917 -614.357 -2.26444
 2.88179  4.71876       10 -15.5056 -30.5541   285.93 -582.104  37.2433
      10 -1.78554       10 -15.8797 -21.6866  257.408 -546.788  -75.626
      10  2.29308       10 -17.2115 -28.8993  287.215 -580.126  43.5494
      10  4.06932       10 -16.8937 -29.9481  311.555  -609.79 -12.9231
      10  3.13143       10 -14.3229 -25.7184   311.04 -603.731  43.0295
      10  4.01245       10 -13.4411 -28.3926  311.995 -590.051 -15.0195
      10 0.602142       10 -9.94893 -18.8548  309.454 -586.273  40.4985
      10 -5.17162       10 -10.9317 -19.7823  307.319 -555.284 -38.0548
      10      -10       10 -4.27821  1.70651  311.197 -581.532  44.3194
-11.1927 -19.3722  19.3722  5.44566 -19.2953  289.798 -493.682 -97.1945
-10.8959 -22.7258  22.7258  14.8121  16.5621  216.534 -435.897  16.5734
     -10 -2.58243       10 -56.0553 -43.5786  168.383
