-71.8185 -71.8185  71.8185  4.14229  49.1015  438.696 -1034.83  114.083
-58.4777 -58.4777  58.4777  12.8049  2.62187  406.508 -1008.92  34.0892
  -41.08   -41.08    41.08   25.518  22.6463   275.51 -761.392  85.4136
     -10      -10       10 -5.49626  -14.688  308.718 -641.424  8.76667
-7.41529      -10       10 -6.13724 -9.02447    310.4 -627.258  34.9146
-3.91588       10       10 -8.66686 -32.7428  309.096 -606.585  11.6921
-1.73061       10       10  -8.0192 -33.4899  309.207 -600.186  13.0743
-0.694007    11.482    11.482  -7.28066  -36.4977   306.772  -589.775   22.8287
 4.05648  11.7711  11.7711 -10.0962 -37.6183  308.037 -582.099 -12.4089
 15.2688 -6.47647  38.3418 -24.8626 -18.3118  256.077  -559.92   23.084
 48.5747 -10.5384  48.5747 -57.2648 -9.37198  224.382  -533.21 -99.6131
 54.7566 -5.51886  54.7566 -59.4449 -20.5606  242.055  -597.28  32.1547
 58.7481  5.67598  58.7481 -57.4909 -34.9023  262.776 -665.821 -16.6515
 64.1893   18.678  64.1893 -56.8782 -46.7417  257.597 -697.992  49.2084
 70.5202  37.0432  70.5202 -60.7157 -68.0031  252.187 -711.984 0.191541
 69.3188  48.5781  69.3188  -51.398 -73.6343  249.848  -734.07  62.0023
 69.5254  47.3396  69.5254  -51.209 -78.0531  256.003 -725.503 -2.37073
  45.898 -8.27117   45.898 -6.42406  -2.3476  282.984 -774.365  80.3623
-19.2264 -101.342  101.342  27.8239   72.509   72.509 -517.832 -15.0834
 -17.749 -33.7453  33.7453  40.1041  40.1041  40.1041 -304.036 -1.15298
     -10  -6.8676       10 -62.5561 -23.6069  186.405
