-55.5027  55.5027  55.5027  68.6544 -63.3826  68.6544 -420.103  135.087
-91.3619  91.3619  91.3619   84.351 -148.533  148.533  -552.81  18.4643
-12.9947  19.6752  68.1381  27.2577 -33.9948  254.419 -751.294  55.5771
 26.3717  26.3717  26.3717 -2.09973 -59.3603  296.568 -686.234  16.0118
 14.8305  14.8305  14.8305  14.2355 -39.8102  303.453 -667.147  47.3097
      10       10       10  21.7554 -38.1101  306.313 -653.595  24.1022
      10       10       10  23.0457 -36.0874  311.463 -656.191  25.8807
      10       10       10  24.7849 -35.6756   310.74 -652.953  30.6588
      10      -10       10  26.5517 -15.1563   309.33 -647.464  1.50286
      10      -10       10   26.968 -13.0201  287.855 -610.335  37.2315
      10      -10       10  25.7801 -8.39096  270.464 -571.046 -70.2113
      10      -10       10   29.502 -11.5163  284.013 -597.726  45.8923
 11.6527 -11.6527  11.6527   29.941 -12.5708  303.631 -626.098 -24.7567
  30.147  -30.147   30.147   8.7878   9.0874  285.797 -642.142  48.6675
 45.4516 -45.4516  45.4516 -9.29017  19.1438  274.592 -649.583 -44.4281
 60.0299 -60.0299  60.0299 -27.8667  41.0996  258.339 -645.348  48.5871
 67.2921 -67.2921  67.2921 -39.7634   35.361  235.997 -598.547 -94.6885
 57.4924 -57.4924  57.4924 -31.1186  39.4781  256.807 -566.692  60.0235
  19.021  -19.021   19.021  35.3757 -51.1428  486.497 -770.951 -202.562
 39.9694  39.9694  39.9694  11.3453 -57.1448  464.587 -793.775  25.3228
 54.1191  54.1191  54.1191 -131.136 -91.0027  152.339
