 3.64949 0.100698       10       10      -10       10 -221.011  126.586
     -10      -10       10 -40.9039 -47.0997  170.138 -160.249 -38.0372
 -18.918 -16.0261  59.5872 -55.0571 -3.08176  227.919 -566.765  15.6993
     -10      -10       10 -55.4234  -29.939   321.08 -555.891 -25.2785
     -10      -10       10 -48.4157 -18.5725  310.058  -561.14  23.2818
     -10      -10       10 -41.7228 -21.4873  304.264 -565.884 -0.83489
     -10 -6.07903       10 -38.1652 -22.4551  308.066 -583.493  13.1127
     -10      -10       10 -31.0808 -17.5189  305.161 -601.827  23.0564
     -10      -10       10 -24.8405 -15.1362  305.777  -625.02  4.12429
     -10      -10       10 -13.3776 -9.28303  286.942 -630.555   51.003
      10      -10       10 -25.8463 -3.52367  271.131 -619.985 -42.1827
      10      -10       10 -28.1856 -8.49373  289.209 -629.789  66.2578
      10      -10       10 -33.4603 -17.0902  308.864 -622.971 -23.2183
 23.8918 -23.8918  23.8918  -52.719 0.374334  295.441 -612.138  63.9886
 62.8617 -62.8617  62.8617 -99.3127  32.2971  253.947 -631.674 -66.9085
 102.465 -102.465  102.465 -152.435  84.2493  212.327 -635.083    68.22
 118.015 -118.015  118.015 -167.835  84.3559  179.306 -602.078 -152.431
 104.765 -104.765  104.765 -169.821  93.7713  213.345 -532.438  84.8844
-6.36363  124.225  124.225 -71.6461 -205.329  401.035 -875.039 -323.381
 -96.876  229.674  229.674 -21.8755 -255.188  450.559 -1221.12  40.0577
      10      -10       10 -84.6493 -27.6185  153.907
