-133.336 -133.336  133.336  123.083    111.5  399.546 -1162.47  124.951
-107.763 -107.763  107.763  114.632  43.6955   335.27 -1042.07   27.095
-41.3839 -41.3839  41.3839  64.7825   19.538  290.163 -761.776  85.5906
       10       -10        10   13.1352    -17.23   307.417  -638.085 -0.332129
      10      -10       10  15.2885 -9.55028  309.162 -630.469  34.0193
      10       10       10  16.3499 -32.6307  308.437 -618.442  6.38835
      10       10       10  19.4327 -32.7539  309.277 -619.138  14.2775
      10       10       10  21.6738 -34.2045  308.808 -613.594  20.9178
      10       10       10   23.525 -35.5435  307.537 -604.959 -8.70897
      10       10       10   22.217  -35.904  285.867 -553.741  25.1314
 12.5285 -4.00934  12.5285  19.2746 -18.2187  260.887 -514.085 -90.1304
 14.5551 0.939075  14.5551  23.7206 -27.8914   280.21 -567.962  33.3844
 16.9901  13.5162  16.9901  29.0821 -42.0102  299.463 -629.659 -12.9272
 23.9444  23.9444  23.9444  26.6483 -50.4025  292.143 -659.715  47.6267
   34.9448    34.9448    34.9448    16.7053   -63.4302    283.408   -680.781 -0.0847978
 40.4378  40.4378  40.4378  15.8349 -63.3781  274.755 -705.319  54.1834
 45.3382  45.3382  45.3382  9.05414 -73.8782  271.944  -691.22 -9.10277
 21.8261  21.8261  21.8261  48.3282 -33.7017  294.166 -711.823  58.5029
 17.5086 -39.6112  39.6112  19.5554  5.72142  188.785  -470.35 -41.1242
 23.2061 -23.2061  23.2061 -6.71803  21.9918  21.9918 -190.973 -17.0823
-18.3574  2.26226  23.1554 -49.1872 -40.8989  193.316
