      10      -10       10  6.26185 0.844558       10 -306.407  133.991
     -10      -10       10 -68.5434 -40.0174  315.475 -400.513 -23.0533
 -12.402 -14.0742  64.9464  -50.561 -3.32724   221.47 -646.918   21.711
     -10      -10       10 -46.5933 -21.3838  320.488 -589.896 -17.4473
     -10      -10       10 -38.5245 -13.9972  307.086 -590.317  24.3951
     -10      -10       10 -35.0738 -16.0826  307.147 -589.978  4.23279
     -10 -2.78705       10 -30.7357 -21.9601  308.713 -604.352  13.3129
     -10  4.62679       10 -25.7182 -29.5791  307.188 -614.667  26.2752
       -10    8.27872         10   -20.6102   -33.1274    307.739   -630.942 -0.0568308
 -4.43466 -0.210469        10  -16.8901   -23.042   284.941  -615.603   45.7278
 4.63542      -10       10 -16.3713 -8.63408  256.596 -590.809 -63.2005
      10      -10       10 -26.4244 -12.0218  286.476  -610.11  52.8322
      10      -10       10 -29.9652 -14.1212  310.409 -621.337 -14.4468
 19.1323 -19.1323  19.1323 -40.6271 -1.94926  300.232 -613.353  46.4422
 34.3919 -34.3919  34.3919 -58.9917  9.97668  284.444 -610.381 -29.2474
 40.6789 -40.6789  40.6789 -67.0953  23.0607  278.456 -597.175  38.6612
 31.9973 -31.9973  31.9973 -58.6551  2.57761  275.983 -527.565  -75.446
      10      -10       10 -37.2913 -5.86138  311.287 -481.201  33.0948
     -10       10       10 -32.4399  -79.326  466.445 -655.905 -189.306
-24.2968  48.1642  48.1642 -26.5687 -66.6132    513.5 -848.057   13.526
      10      -10       10 -68.0208 -31.2333   140.66
