-30.0932 -30.0932  30.0932 -31.2503  8.40609  367.275  -774.45  99.5476
 -20.0563  -20.0563   20.0563  -44.7798  -40.7951   426.421  -818.054 -0.727868
-31.8005 -24.8255  46.5642 -3.25036  4.29317  265.974 -721.533  64.3395
     -10 -4.95225       10 -21.8758 -23.4183   310.86 -619.157 -0.94325
-3.70209  3.61152       10 -24.5789 -23.7658  307.736 -608.543  31.2085
-2.72046  7.42538       10 -23.6507 -29.6759  307.251 -595.856  8.37487
-3.82371  7.75992       10 -19.3613 -29.2576   310.83 -602.171   14.066
     -10       10       10 -10.6051  -32.731  310.496 -596.416  22.6843
-2.47535  5.92566       10 -15.0435 -30.1671  309.302  -592.46  -7.2509
 4.19599 -2.37207  15.5979 -19.0105  -22.851  280.588 -555.917  29.8109
  24.041 -10.5445   24.041 -34.8144 -11.5001  244.919 -529.999 -85.9178
  25.2372 -0.461886   35.5512  -37.1849  -25.9905   257.894  -584.983   37.2435
 21.2733  11.1259  28.4409 -28.8467 -38.7473  290.758 -624.105 -13.7453
 29.5251  14.6446  29.5251 -32.9023  -39.769  290.582 -634.343  46.1259
 37.4846  18.6508  37.4846 -40.0199 -46.0283  285.222 -645.114 -6.51601
 40.6306   23.724  40.6306 -38.5585 -44.5091   283.41 -663.144  49.1589
  47.785  15.2193   47.785 -47.6638 -42.6358  276.194 -649.523 -21.9003
 35.7413 -14.6261  35.7413 -22.4746  5.72692  283.644 -667.431  61.1471
 6.66117 -63.0302  63.0302  -8.5329  28.2143  176.811 -504.024 -53.7284
-10.5425 -54.4187  54.4187  17.2848  52.6647  110.508 -405.679  12.0612
     -10  5.11943       10 -64.0334 -47.3395  179.385
