     -10      -10       10  -52.421 -13.8407  365.111 -685.595  92.3044
  -16.58   -16.58    16.58 -61.1659 -42.9992  431.423 -738.153 -34.4172
-9.13774 -24.8106  59.7547 -34.9678   4.3125      234 -718.847  51.0751
     -10      -10       10 -29.5336 -18.6357  320.448 -623.904 -13.2528
     -10       10       10 -22.9536 -31.1563   308.27 -612.519  29.7239
     -10       10       10 -19.5148 -32.4348  307.252 -605.758  6.81889
     -10       10       10 -15.6752 -31.3941  308.642 -610.264  15.0593
     -10       10       10 -12.2784 -32.1657    308.4 -608.435  24.7823
-2.02511      -10       10 -16.7911 -13.2676  309.889  -609.58 -4.96416
      10  1.08065       10 -23.6642 -26.4966  286.194 -572.704   35.595
      10  5.82024       10 -16.6973 -28.8108  255.342 -536.714  -81.967
      10       10       10  -17.712 -37.1348  287.017 -572.492  42.2724
      10       10       10   -16.41   -37.27  311.974 -607.165  -13.988
      10       10       10 -13.0172 -34.8239  311.133 -605.031  43.8017
 11.9557  11.9557  11.9557 -13.8319 -38.6086  310.317 -597.197 -11.3927
      10       10       10 -7.04141 -31.0997  309.958 -596.809  43.0159
      10       10       10 -7.16059 -36.3102  310.024 -573.452 -27.0838
      10      -10       10  2.22748 0.989941  313.664 -616.263  48.5725
-25.4139 -45.3075  45.3075  22.0358  13.7252  223.876 -500.972 -64.0245
-27.9026 -60.4397  60.4397  33.9362   59.269  96.1637 -420.682  31.4179
     -10      -10       10 -44.8709 -34.7774   149.71
