 57.5493  57.5493  57.5493 -44.8184 -66.5909  138.951  -561.82  136.995
 59.7224  59.7224  59.7224 -59.3766   -120.5  242.573  -646.03  35.7948
 37.2357  2.52142  56.3185 -20.9055 -18.6787   264.15 -749.705  58.7917
 24.9909  24.9909  24.9909 -3.40922 -55.1549  293.982 -681.481  19.3872
 11.6823  11.6823  11.6823  15.5785 -32.7015  309.308 -669.465  43.2298
      10       10       10  18.3322 -33.8257  308.746 -651.963  24.7653
      10       10       10  20.3891 -32.4889  309.715 -651.055  23.6421
      10       10       10  22.1945 -33.3178  308.475 -645.646  32.6942
       10        10        10   23.8414  -34.5309   308.077  -640.827 -0.257731
      10      -10       10  24.7129 -15.8047  290.673 -607.591  38.6509
      10      -10       10  24.9687  -12.743  275.951 -578.167 -80.7313
      10      -10       10  27.6615 -14.8143  290.156 -598.276  42.1312
      10      -10       10  30.2554 -14.4835  307.223 -619.841 -20.9946
 14.4958 -14.4958  14.4958  26.4861 -5.90031  302.396 -620.179  40.7756
 25.8461 -25.8461  25.8461   13.082  2.37852  291.095 -618.141 -29.9814
 35.0264 -35.0264  35.0264  3.33583   17.879  282.288 -621.569  39.0321
 41.4914 -41.4914  41.4914 -6.58868  14.1266  274.263 -594.996 -65.8831
 33.9928 -33.9928  33.9928  3.08789  20.3843  279.588 -573.371  44.6331
 15.1362 -15.1362  15.1362  32.1827 -44.0946  414.083 -656.948 -148.679
      10       10       10  36.9167 -27.0739  396.279 -606.143  10.4691
 41.1333  41.1333  41.1333 -113.334 -84.3322  163.829
