 4.56385      -10       10       10 -1.41998       10 -226.029  127.213
-13.0298 -13.0298  13.0298 -51.7505 -45.2689  217.576 -230.624 -30.4948
-58.9272 -22.7897  58.9272 -12.7971   4.7515  227.635 -582.756  16.9287
      10      -10       10 -77.1972 -28.2994  320.899 -549.896 -23.4542
     -10      -10       10 -50.3559 -17.2348  308.701 -556.002  21.0093
     -10      -10       10 -45.1961 -20.1999  303.918 -558.389 -1.74167
 9.10841      -10       10 -61.0038 -17.2366  307.261 -577.639  11.3783
 4.27685      -10       10 -50.3077 -16.6436  305.135 -595.799  21.6245
-1.28454 -8.67669       10 -39.3907 -16.1743  306.329 -620.148  1.98463
      10      -10       10 -39.2562 -10.4054  285.512 -622.903  48.1293
      10      -10       10 -31.7581 -4.70906  267.634 -609.879 -48.1107
      10      -10       10 -34.9052 -9.33361    287.3   -623.4  61.3745
      10      -10       10 -40.9144  -15.377  308.659 -622.096 -19.6666
 26.7887 -26.7887  26.7887 -62.8801  4.54721  291.308 -619.152  57.2417
 60.7817 -60.7817  60.7817 -103.994  33.1037   255.58 -636.946 -51.8816
 90.4724 -90.4724  90.4724 -143.238    72.35  224.802  -642.06  57.7434
 98.8736 -98.8736  98.8736 -151.614  66.5814   201.38 -599.282 -119.523
 77.1975 -77.1975  77.1975 -138.957  62.0706  242.162 -537.545  70.1768
-37.0927  104.008  104.008 -48.6575 -184.581  400.888  -831.82  -271.39
 -122.15  203.619  203.619 -5.71825 -233.612  433.573 -1144.08  28.2188
      10      -10       10 -82.1928  -30.583   153.68
