-18.5123 -18.5123  18.5123 -67.3054 -6.70921  438.666 -783.394   74.844
-16.4048 -16.4048  16.4048  -68.669 -48.6224  459.611 -827.201 -42.8525
-58.8523 -21.1454  58.8523  14.3082  1.74314  230.954 -729.366  64.9604
     -10      -10       10 -36.1309 -20.8396  320.664 -614.781 -21.1475
     -10      -10       10 -30.2594 -11.1822  307.709 -593.581  28.6513
     -10      -10       10 -28.2884 -13.3076  306.701 -581.453 -1.81352
     -10  2.59605       10 -25.1538  -25.055  308.219 -586.736  11.8418
     -10       10       10 -22.1785 -34.0716  306.812 -584.393  18.6979
     -10       10       10 -19.5257 -35.1973  308.228 -586.146 -7.05079
-18.6423  5.58338  18.6423 -8.01704 -31.6338  277.767 -562.314  29.6021
   37.3317 -0.0520703    37.3317   -60.5954   -22.5424    229.896   -558.925    -84.357
 52.3483  5.93629  52.3483  -79.165 -33.7061  244.101 -628.307  38.1479
 62.7507  15.7454  62.7507 -89.6799 -45.1398  257.807  -692.32 -11.5571
 73.4485  26.7953  73.4485 -98.2174 -54.6892   245.61 -715.793  46.2745
 81.6497  41.7097  81.6497 -106.497 -71.5431  239.151 -724.524 -3.25919
 63.5607  47.1736  86.5689 -84.7724 -70.9113  231.183 -736.489  46.6432
 78.5885  20.8537  78.5885 -98.8623 -48.5415  242.132 -707.732  -12.291
 -11.896 -67.9455  67.9455    7.778  61.2639  247.969 -746.852   59.336
-104.068 -113.267  113.267  86.5166  86.5166  86.5166 -562.658 -9.47957
-55.6256 -63.8086  63.8086  64.9628  64.9628  64.9628  -456.45  42.2244
     -10      -10       10 -48.6377 -31.5122  145.819
