-3.95409      -10       10 -3.52225 -1.58613  155.614  -410.59  101.905
-10.5504  -5.3683  10.5504 -37.7646  -54.443  315.673 -549.953  9.06612
-13.8738 -25.3697  38.2609 -22.3246  8.03528  284.253 -680.552  46.7063
     -10  5.69084       10  -21.782 -33.9658  310.135 -606.661  2.05642
-8.22627  7.26551       10 -19.8301  -26.652  310.073 -613.766  31.7426
-6.46545  4.71521       10 -19.7651 -26.6275  308.056 -603.293  13.0251
-5.34051  4.31502       10 -18.1998 -25.3028  309.007 -606.675  16.6456
-3.92414  2.85255       10 -16.7781 -24.9768   308.45 -607.559  27.0175
-2.22495   2.7399       10 -15.4165  -26.375  309.306 -613.326 -1.71212
0.350295 -4.08634       10 -12.5059 -20.8509  286.293 -580.684  37.0501
 3.58758 -10.0513  10.0513 -9.06267 -12.1327  257.816 -545.714 -72.4869
 4.60286 -10.6466  10.6466 -13.5057 -13.8989  286.985 -577.442  41.1619
 10.2427 -10.2427  10.2427 -20.6069  -14.059  311.322 -603.942 -15.2648
 11.9076 -11.9076  11.9076  -21.483 -8.50671  309.291 -597.986  38.4135
  21.007  -21.007   21.007  -31.826 -1.67851  298.754 -594.279 -20.4882
 26.0288 -26.0288  26.0288  -36.087  10.0733  292.539 -594.052   36.669
 28.2234 -28.2234  28.2234   -39.14  2.58883   282.15 -563.103 -45.8819
 12.8813 -12.8813  12.8813 -18.8897  2.07625  313.482 -572.458  45.2594
-1.06346  23.9375  23.9375 -15.2079 -81.5711  389.805 -677.448   -113.9
-18.6793  71.3791  71.3791 -10.6384 -88.1273  356.519 -729.319 -4.12257
 4.87519       10       10 -94.2553 -55.8135   196.81
