 17.2871 -17.2871  17.2871 -51.2182  3.66663  304.941 -628.537  125.769
 32.5502 -32.5502  32.5502 -74.0371 -27.0531  289.341 -600.577 -24.9435
  35.497 -24.0693   35.497 -66.0627   6.0769  287.123 -659.507  57.4947
     -10       10       10  -16.204 -38.2784  313.033 -601.331 -16.9084
      10       10       10  -31.387  -28.827   313.21 -613.264  37.4747
      10  2.39196       10 -29.1752 -23.8298   313.29 -609.131  5.93655
   30.9146 -0.0562552    30.9146    -48.152   -19.6702    292.539    -657.73    21.6416
 141.421  1.04885  141.421 -180.825 -23.4123  180.825 -786.305  20.9984
 35.2697  3.41815  35.2697 -45.1486 -28.2035   288.44 -681.039   3.6177
 34.9525 -1.27257  34.9525 -41.4439 -27.5459  288.799 -684.467  50.5338
 148.031 -14.0288  148.031 -175.376 -12.0172  175.376 -821.642 -92.0472
 149.069  -18.152  149.069 -173.918 -9.65248  173.918 -822.012  51.1384
 149.008 -20.6182  149.008 -174.083  -4.5113  174.083 -806.468 -18.0716
 147.868 -27.9752  147.868 -175.018  7.86264  175.018  -776.98  39.8546
 22.2189 -22.2189  22.2189 -23.7307 0.536751  302.009 -613.581 -21.1967
      10      -10       10   -10.33 -5.19189  314.157 -578.937  40.3793
      10       10       10 -14.0218 -32.7211  314.388 -546.655 -59.0502
      10      -10       10 -12.1293  2.90614  314.299   -540.3  35.0158
     -10      -10       10 -7.18782 -33.1707  313.089 -437.835 -132.289
     -10      -10       10  1.76311 -4.11424  162.292 -238.332  71.8824
      10       10       10 -94.8261 -56.4888  203.139
