      10      -10       10   -13.26  -4.0319  325.292 -689.266  119.468
0.122378 -3.24061       10 -10.4482 -61.7504  357.199 -681.165  25.9107
   2.3333  -30.3904   31.0377 -0.744476   11.8329    296.36  -704.328   58.7268
 8.65737  13.8749  13.8749 -5.01122  -42.164  308.567 -642.611   5.7249
 11.4573  11.4573  11.4573 -3.02698  -30.795  309.736 -641.023  36.3865
 10.5079  10.5079  10.5079 0.547142 -32.2408  308.899 -630.508  15.6953
      10       10       10  4.47315 -30.7705  310.005 -631.198  20.7578
      10       10       10  7.59294 -31.8053  309.526 -630.439  27.8177
      10       10       10  10.4515 -33.2321  308.851 -628.378  1.16325
      10  6.99358       10  12.5449 -31.4432  282.013 -583.377  33.9278
      10      -10       10  14.3155 -12.0835  238.664 -514.574 -73.3585
      10      -10       10  17.1415 -14.5318  280.546  -574.23  36.9889
      10 -2.09506       10  20.2558 -22.3834   308.53 -613.254 -13.3298
      10 -7.06101       10   23.239 -14.3204  307.891 -611.263  36.6152
      10 -8.57036       10   24.106 -15.0868  309.705  -599.21 -15.9877
      10      -10       10  27.2928 -7.72541  307.405 -596.387  32.7823
      10      -10       10  25.1395   -15.91  303.534  -558.94 -39.9569
      10      -10       10  30.5747 -0.36085  303.099 -571.755  31.0014
      10      -10       10  25.5034 -39.7014  361.393 -571.511  -103.01
      10       10       10  24.0735 -20.7902  286.292 -476.808 -25.3691
      10       10       10 -83.5507 -54.6221  203.876
