 -24.4701  -24.4701   24.4701  -49.4662 -0.346237   403.308   -790.47   93.4159
 -17.921  -17.921   17.921 -56.9595  -43.565  446.628 -832.857 -16.4561
-13.2018 -33.1328  54.0203 -29.0238  12.5178  255.199  -728.06  59.7849
     -10      -10       10 -28.4046 -18.6203  318.084  -623.68 -7.83066
-5.81261 -8.34191       10 -27.3683 -12.2664  306.677 -600.778  29.9806
 -4.17435 -0.898981        10  -26.4735  -21.8275   306.647  -593.009   6.42797
-3.69068       10       10 -23.9395 -32.3994  307.828 -592.706  13.4854
     -10       10       10  -14.458 -33.5448  307.913 -591.046  22.2661
-1.40673  8.61886  13.6201 -21.0303   -33.68   304.54 -593.181 -7.14979
 4.98528  4.69727  19.2487 -24.8434 -30.7513  279.206 -561.717   29.812
   12.175 -0.520407   24.2079    -27.69   -22.238   249.484  -531.597  -86.8984
  24.934  7.65147   24.934 -39.5513 -35.2727  275.311 -576.146  37.7216
 27.2362  14.2045  27.2362 -38.8517 -42.4772  294.169 -624.126 -13.6961
 27.9381  18.0344  34.4666 -36.7115 -44.9001   287.02 -641.465  45.6841
 37.6838  27.2515  37.6838 -44.5872 -55.9868  286.768 -647.978 -6.98635
 36.8496  28.6476  36.8496 -37.9059  -51.711  286.794 -660.298  51.1118
 14.5405  22.4872  42.3519 -16.6549 -51.5463  276.431 -640.549 -17.1513
 5.23708 -22.3416  24.8887  8.69187   12.714  292.417 -667.135  68.9636
 -33.991  -83.815   83.815  28.0195  53.6345  121.396 -499.249 -38.6196
-35.9542 -62.8446  62.8446  43.0226  63.1959  63.1959  -386.82  27.9485
     -10      -10       10 -58.4553 -32.3205    168.8
