-28.2519 -28.2519  28.2519 -24.8917  5.01343  406.439 -810.487   97.689
-19.8913 -19.8913  19.8913 -26.5338 -43.5472  420.283 -826.107 -2.04351
-16.4444 -41.4496  41.4496 -8.12128  19.2571   276.92 -708.111   66.158
-9.97138      -10       10 -11.7936 -18.4745  312.175 -619.621 -3.03739
-4.93792  6.25715       10 -13.5795  -26.576  309.381 -611.422   31.112
-2.19497       10       10 -14.4054 -32.5665  308.387 -601.211  8.06179
-0.755493        10        10  -12.9512  -32.0034   309.352  -601.791   14.5186
-0.581296        10        10  -10.5477  -33.3528   308.431  -597.457   22.8194
  1.3074   10.144   10.144 -10.4362 -35.0493  308.905 -593.443 -6.96955
 8.21328 -1.68493  19.6361 -16.7806 -24.5045  279.411 -565.044  29.7695
  25.829 -7.53029   25.829 -32.2902 -15.2655  253.748 -540.595 -88.0188
 29.3888 -1.16401  29.3888 -34.0628 -26.3807  270.559 -583.648  37.7132
 31.0627  8.61429  31.0627  -32.357 -37.0477  288.676 -628.005 -14.5684
 35.3109  14.5574  35.3109 -32.7405 -40.3812   284.18 -644.994   46.183
 40.3188   25.763  40.3188 -36.7904 -53.5779  280.559 -649.761 -7.03003
 38.6044  32.1652  38.6044 -29.3479 -53.8219  282.253 -662.839  52.3655
 27.2936  30.1518  43.3731 -19.9378 -57.8141  277.895 -647.723 -20.9643
 17.8338 -6.33583  22.5668  5.17087 -3.59711  306.469 -680.121  66.9988
-15.9417 -71.2099  71.2099   16.926  39.2479  157.912 -507.084 -49.8363
-25.6922 -62.2139  62.2139  32.4728  59.6521  59.6521 -354.988  15.2735
     -10  -6.3612       10 -65.5122 -38.1559  190.361
