     -10      -10       10 0.677876  -3.9319  296.671 -640.476  118.678
     -10      -10       10 -10.4995 -53.4681   357.26 -672.783  21.9019
-5.54586  -29.057  32.8048 -2.04658  10.3583  292.442 -699.106  57.5081
 0.98898  14.6321  14.6321 -5.96705 -42.7054  306.721 -638.263  5.21422
 6.01679  11.3612  11.3612 -6.14715 -30.5431  310.016 -636.898  35.3701
 8.15623  10.0217  10.0217 -5.65375 -31.4567  309.514 -624.833  15.7186
  9.7205       10       10 -3.88398  -30.631  310.062 -626.177  19.6435
       10        10        10 -0.966973  -31.7643   309.599  -625.762   28.3694
       10        10        10   1.86153  -33.5462   309.362  -624.088 -0.386322
      10  3.08254       10  4.72024 -28.3558  285.033 -583.177  35.3797
      10 -6.98182       10  7.64769 -15.9277  252.354 -532.004 -75.9484
      10 -6.89238       10  9.38972 -18.4851  284.988 -576.829  38.7134
      10 -3.74049       10  11.7764  -21.228  310.057 -610.917 -14.5851
      10 -7.55545       10  14.5818  -13.849  309.118 -607.456  37.5887
      10 -9.58905       10  15.5044 -13.9887    309.5 -594.382 -16.8145
      10      -10       10  18.6534 -7.31483  308.008 -592.168  35.3871
      10      -10       10  17.0395 -15.3676  304.444 -558.536 -41.2605
      10      -10       10  22.7856 0.148842  308.637 -578.133  36.9345
      10 -1.62395       10  16.6704 -46.8695   350.72   -566.6 -102.951
 16.9166  19.4471  19.4471  6.77327 -30.6525  281.517 -488.944   -17.65
      10       10       10 -86.6269 -55.0832  201.775
