 -23.554   23.554   23.554  26.4378 -34.0962  109.128 -399.107  111.239
-31.2859  31.2859  31.2859  -2.9878 -89.1528  265.238 -547.034  19.1992
-19.1614 -26.3694  35.9273 -1.85463  10.1981  290.579 -701.827  48.3293
     -10       10       10  -6.8629 -39.6165  313.158 -629.987  10.3074
-5.67346       10       10 -7.31914 -31.4588  309.172   -629.6  36.2525
-3.80396       10       10 -7.63006 -34.4748  307.603 -618.569   18.092
 -3.0221       10       10 -6.12534  -33.153   310.45 -623.335  19.3748
 -1.6924  9.36826       10 -5.02735 -33.0162  310.238  -622.57  29.0993
0.299572  5.23146       10 -4.61536 -29.3495  310.028 -621.738 -1.10341
 4.90903      -10       10 -4.73601 -13.6562  286.522 -587.041  38.3007
      10      -10       10 -6.18755 -10.1643   260.06 -545.781 -73.5861
      10      -10       10 -6.66915 -12.8779  286.258 -579.291   44.217
 12.9289 -12.9289  12.9289 -10.6645 -11.1127   307.23 -610.078 -19.4296
   24.34   -24.34    24.34 -23.0043  4.07063   296.66 -619.227  42.8555
 34.1795 -34.1795  34.1795 -34.6025  10.2625  288.413 -618.739 -30.0444
 40.3062 -40.3062  40.3062 -40.9149  23.4096  280.399  -614.69  40.7267
 41.0436 -41.0436  41.0436 -43.2693  12.9547  268.148 -569.838 -65.9365
 25.0678 -25.0678  25.0678 -24.6572  11.2128  293.135  -550.55  49.5207
 6.25053   19.458   19.458  -8.9121 -83.8256  434.919 -705.115  -155.93
-4.60816  56.1793  56.1793  -5.4252 -73.3493  418.678 -768.821  10.1321
      10       10       10 -92.0587 -52.7668  200.699
