 6.18282      -10       10       10  3.10444       10 -252.352   111.53
-28.7577 -28.7577  28.7577 -29.2168 -23.1633  153.962 -240.357 -19.3754
 -27.625 -17.0675  63.1111  -47.451  2.23528  217.063 -620.937  19.6684
     -10      -10       10 -62.6304 -29.2288  318.531  -570.36 -14.7662
     -10      -10       10 -55.2779 -18.2709  306.272 -568.837  23.9283
     -10      -10       10 -50.8569 -22.0469  303.562 -564.822  1.63856
-2.05178      -10       10 -55.2387 -18.9492  306.522 -579.097  12.8747
     -10      -10       10 -40.9543 -18.4413  303.805 -591.572   21.322
     -10 -1.70535       10  -35.065 -24.8119  303.718 -610.218   2.8115
     -10      -10       10 -23.8112 -11.2306  285.783 -610.468  45.0833
     -10      -10       10  -17.241 -5.29721  273.045 -599.533 -45.6022
      10      -10       10 -38.8154 -9.52064  287.779 -609.011  56.9886
      10      -10       10 -44.0335 -16.1478  307.447 -609.091 -19.1305
 32.9534 -32.9534  32.9534  -72.767   9.8065  283.765 -614.542  53.3099
 66.1914 -66.1914  66.1914 -111.967  37.6444  247.989 -631.225 -52.2553
 93.6436 -93.6436  93.6436 -149.276   74.289   222.97 -635.056  56.6131
 103.543 -103.543  103.543  -157.96  68.8422  198.618 -600.875 -118.528
 87.0718 -87.0718  87.0718 -152.053  69.5407  234.012 -546.039  71.7334
-21.2974  133.549  133.549 -67.9088  -221.86  380.533 -894.564  -253.67
-100.211    236.6    236.6  -36.163  -266.24  448.165 -1256.51  20.1896
      10      -10       10 -81.4909 -23.5092   139.63
