-45.3561  45.3561  45.3561  58.9139 -54.8817  80.8035 -406.994  130.874
-58.4347  58.4347  58.4347  52.5551 -116.771  198.609 -520.902  18.6683
 -10.063 -4.41873  46.9052  22.6103 -10.4044  271.721 -703.279  47.0671
 12.6815  12.6815  12.6815  7.45653  -44.124  313.953 -657.177   9.7013
      10       10       10  13.2391 -33.5343  313.724 -652.964  38.8315
      10       10       10  14.7951 -36.5291  309.272  -641.08  19.7753
 7.02507       10       10  19.8886 -34.9221  308.543 -640.636  22.5506
      10       10       10  19.2165 -35.1332  306.084 -638.728  31.1473
 9.96688  4.33228       10  21.8253 -29.0722  305.606 -641.372  2.72075
      10      -10       10  23.5027 -12.9269  285.851 -612.115  40.2729
      10      -10       10  23.9791 -8.61835  267.403 -580.632  -67.801
      10      -10       10  26.0184 -11.5256  288.336 -608.554  44.8282
 14.8543 -14.8543  14.8543  21.4145 -9.17965  304.653 -635.559  -21.115
 29.6962 -29.6962  29.6962  4.02042  8.54023  288.721 -641.699  42.5363
 45.9524 -45.9524  45.9524 -16.1583  20.3794   272.05 -640.351 -37.6814
 59.3735 -59.3735  59.3735 -33.1757  39.9633   255.03 -633.891  41.0904
 64.8256 -64.8256  64.8256 -42.8209  33.0277  240.994 -592.583 -81.3228
  51.324  -51.324   51.324 -27.8484  33.0702  273.962 -579.281  48.4021
 21.1664  4.65236  21.1664  21.9104 -72.9402  472.278 -756.677 -183.152
  13.605  66.1607  66.1607  19.9276 -84.0182  425.115 -799.655  14.4623
 31.0556  31.0556  31.0556 -101.845 -70.4791  176.227
