-3.63931  16.2657  16.2657  22.3264 -22.3264  22.3264 -223.297    115.3
-43.1196  43.1196  43.1196  19.6158  -101.33  182.563 -404.721  9.44757
-22.9217  -25.172  31.4432  11.4828   10.284  292.635  -660.46  35.8093
     -10       10       10  5.84292 -44.3863  311.698 -620.678  10.9968
     -10       10       10  9.51027 -35.7133  310.366 -630.373  34.7515
     -10       10       10  11.3078 -38.9031  310.459 -625.656  20.7947
-3.77311       10       10  7.45012 -36.9264  312.495 -631.469  20.1714
 2.72198       10       10  3.72076 -36.3202  309.906 -630.482  32.6902
 5.08924  -3.5665       10  4.27191 -21.5272  307.348 -629.919  1.32952
 8.94328      -10       10  3.82981 -10.4696  288.501 -605.603  43.0104
      10      -10       10  4.43868 -5.13204  271.883  -577.45  -64.883
      10      -10       10  5.16671  -9.6326  288.611 -597.498  49.3089
 10.2805 -10.2805  10.2805  4.15464 -15.6414  308.914 -614.101 -25.6256
 40.0964 -40.0964  40.0964 -31.5174  16.7931  277.307 -634.912  48.9855
 66.2697 -66.2697  66.2697 -62.5112  37.2905  252.543 -652.662 -48.3274
 90.6177 -90.6177  90.6177 -93.8363  69.9727  230.816 -662.822  53.9057
  101.12  -101.12   101.12 -105.552  67.6745  208.946 -639.442 -104.158
 90.6515 -90.6515  90.6515 -100.049  73.8903  229.532 -596.244   73.662
 23.3207  100.511  100.511  -25.609 -173.958  403.452 -879.496 -230.804
-29.5316  169.934  169.934  7.50788 -192.364   430.08 -1063.13  21.3799
      10       10       10  -90.142 -47.7452  203.993
