-61.3964 -61.3964  61.3964  7.98651   39.703  434.871 -986.139  110.489
-50.3286 -50.3286  50.3286  13.2994 -12.1575  406.597 -953.653  20.0932
-38.2781 -38.2781  38.2781  26.0708   17.082  283.732 -737.642  79.5798
     -10      -10       10 -2.10102 -16.9941  311.331 -631.032   1.6972
-0.939713       -10        10  -8.88164  -9.63459   311.509  -619.429   33.5636
 2.43087       10       10 -11.0854 -32.6419  308.841 -601.092  8.39087
 3.17316       10       10 -8.89581 -32.7464  308.891 -598.194  13.0029
-0.25153  11.0711  11.0711 -3.49791 -35.2262  307.871 -593.008  21.5626
-3.47012   12.531   12.531  1.71306 -37.6006  307.785 -591.693 -10.3146
-2.32747 -4.08674  33.2586 -1.60364 -20.6061  261.982 -567.271  24.9575
 9.88975 -11.0998  47.8918 -12.8843 -9.56167  216.285 -539.803  -93.449
 41.5792 -10.1104  41.5792 -39.6694 -16.1958  252.656 -587.194  33.3888
 31.5572  31.5572  31.5572 -22.5125 -60.3866  291.099 -636.186  -11.951
 57.4719  9.24804  57.4719 -47.0654 -36.5369  262.758 -685.783   45.652
 67.8504  27.2533  67.8504 -56.4237 -56.7154  255.101 -705.198  1.24552
 69.3043   39.363  69.3043 -51.5775 -63.3023   248.34 -721.809   52.078
 71.3217  40.1939  71.3217 -54.2448 -69.3787   249.88 -710.021 -3.06358
 53.7845  -5.9816  53.7845 -18.8515 -4.71209  273.175 -758.547  61.9326
 89.2366 -89.2366  89.2366 -79.7369  57.7036  114.022  -523.92 -14.7962
 13.5671 -49.4406  49.4406  3.13284  51.0647  51.0647  -333.77 -13.6994
     -10 -1.39397       10 -65.1193 -36.0517  193.318
