-58.1131  58.1131  58.1131  63.9262 -63.9262  63.9262 -438.587   78.059
 86.8222  86.8222  86.8222 -113.366 -162.979  162.979 -520.773  23.6413
 27.9647  26.9367  89.9542 -46.4565 -54.4045  205.104 -685.758   26.592
     -10       10       10   12.245 -47.1342  310.092 -628.849   27.266
     -10       10       10  14.2554 -36.9814  311.712 -634.708  34.4332
      10       10       10 -2.35523 -38.0258  309.285 -632.884  29.9891
       10        10        10 -0.316017  -36.0151   311.997  -635.782   21.3941
      10       10       10  3.64326 -35.1987  308.085 -637.389  39.0182
      10       10       10  7.29329 -33.6401  309.342 -647.136  7.64683
      10      -10       10  11.0837 -8.61795   291.17 -625.483  47.0302
      10       10       10  11.2393  -24.105  262.697 -570.638 -54.5041
      10      -10       10  12.2448 -8.16365  291.119 -605.145  51.2093
 19.2506 -19.2506  19.2506 0.376415 -5.88394  302.566 -624.782 -27.4354
 53.6655 -53.6655  53.6655 -42.2494  30.8897  262.579  -634.46  50.2305
 87.9557 -87.9557  87.9557 -82.9078  57.2485  234.283 -662.296 -70.1633
 131.753 -131.753  131.753 -139.111  111.515  186.703 -674.959  57.9584
 104.848 -155.707  197.328 -121.567  121.567  121.567 -741.658 -151.348
 34.5779 -86.5005  238.244 -73.6314  73.6314  73.6314 -697.893   67.361
-8.62808  42.6353  320.181 -30.8388 -110.246  110.246 -972.844 -280.297
-33.4114  298.458  298.458  2.81094 -318.334  318.334 -1206.26 -14.1632
 -68.508   68.508   68.508  -24.577 -107.568  107.568
