     -10      -10       10  19.8336 -3.19268  303.101 -645.009  121.455
     -10 0.220263       10  13.5266 -65.0991  347.648 -663.883   17.322
0.988113 -29.2268  29.2268   12.609  10.7844  298.744  -699.29  59.1616
      10       10       10  6.05778 -38.4023  311.512 -638.105  3.76592
      10       10       10  9.95959 -29.1933  310.574 -641.669   36.935
     10      10      10   11.89 -31.638 308.748  -632.9 14.9579
      10       10       10   14.999  -30.645  309.907 -636.782  20.7697
      10       10       10  17.6896 -31.9205  309.186 -636.052  28.3928
      10       10       10  20.3912 -33.6868  308.625 -636.217 0.692984
      10  9.24525       10  21.3602 -35.0449  285.244 -596.145  35.5729
      10 -3.13177       10  22.8187 -20.4178  255.876 -552.618 -74.5949
      10      -10       10  25.3204 -15.7209  284.532 -588.881  38.4093
      10 -4.10945       10  28.3246 -20.5815  307.838 -620.227 -14.7347
      10      -10       10  30.3771 -11.1463  307.075 -615.113  37.1291
      10      -10       10  30.7923 -13.0724  307.964 -601.919 -17.8056
      10      -10       10  33.0447 -7.06134  305.648 -596.601   33.793
      10      -10       10  30.5126 -15.3338   301.25 -559.185 -42.2624
       10       -10        10   35.7547 -0.369047   305.861  -578.637   34.2969
      10      -10       10  31.6757 -39.3101  365.396 -581.685 -104.444
      10  1.93057       10  25.7027 -14.6772  280.359 -459.558 -9.35461
 11.1966  11.1966  11.1966 -78.6976 -57.5779  205.527
