-11.1518  15.4538  15.4538  17.2347 -25.6975  191.684 -500.412  125.088
-29.1038  29.1038  29.1038  14.7377 -89.6244  289.867 -610.229  21.4334
-6.92283 -16.7257  41.9044  5.29084 0.348552  286.662 -723.019  56.3268
 4.75028  19.1899  19.1899 -2.36513 -48.2604  302.762 -656.244  10.4227
 10.8395  10.8395  10.8395 -2.85286  -30.931  309.403 -647.179   39.861
       10        10        10 -0.194039  -32.7677   308.458  -634.696   19.5562
      10       10       10  2.48266 -31.5891  310.782 -638.271  21.7653
 9.82785       10       10  5.10969 -32.6282  310.534 -636.379  30.1549
       10        10        10   7.10374   -34.221   310.446  -633.443 -0.605488
      10 -7.47005       10  9.30731 -18.6033  288.731 -595.244  36.7881
      10      -10       10  9.99682 -13.4792  269.816  -556.34 -76.1449
      10      -10       10  12.7945 -15.4735  287.905 -585.863  42.0885
      10      -10       10   14.841 -14.5981  309.037 -613.486 -19.9355
 11.7574 -11.7574  11.7574  14.6837 -8.50958  306.869 -611.079  42.7988
 18.6256 -18.6256  18.6256   6.8523 -4.27579  300.935 -605.675 -28.2883
 23.1007 -23.1007  23.1007  3.01801  7.10322  294.891 -601.749  41.5183
  26.0345  -26.0345   26.0345  -2.84134 0.0549585    283.83  -562.442  -62.2277
 13.6155 -13.6155  13.6155  14.4337  2.91822  305.452 -557.534  48.6875
      10      -10       10  18.9613 -45.3397  408.266 -638.337  -143.47
 11.3741  11.3741  11.3741  16.8144  -26.344  372.479 -582.304  9.48985
 21.4824  21.4824  21.4824 -98.0637 -65.9273  192.203
