-42.4723 -42.4723  42.4723 -5.10017  21.5455  381.227 -833.103  102.525
-28.4092 -28.4092  28.4092 -14.0243 -34.5565  410.184 -839.721  3.79468
-18.2022 -33.4921  39.2648 -1.70987  11.7069  281.629 -712.656  66.5706
-6.90267 -4.55989       10 -10.6691 -24.0785  309.873 -617.444 -1.22516
0.141065  6.19582       10 -14.5318  -26.479  308.774 -612.315  31.9565
 2.64341       10       10 -15.2472 -32.4371  308.592 -602.739  8.86651
 3.48404       10       10 -13.0156 -31.7588   310.35 -605.782  14.7403
 2.42674  8.88124       10 -9.31973 -31.8382  310.197 -602.948  23.8558
0.481918  7.47478   12.701 -5.47032 -31.8644  307.471 -603.432 -6.69651
  1.7817 -1.26823  23.6004 -6.19531 -24.1145  272.302 -572.336  29.8386
 9.23526 -6.09556  32.4563 -11.3719 -16.1733  235.515 -542.535 -87.0957
 20.1101 -2.96577  33.8591 -20.5596 -23.4506  261.505 -589.142  36.9139
 34.4485  4.16381  34.4485 -31.2938 -31.5511  285.469 -637.749 -13.8608
 39.7406  9.99263  39.7406 -33.0005 -34.9185   280.58 -656.067  45.2424
 45.4608  19.7415  45.4608 -37.8208 -46.9445  276.963 -662.273 -5.98473
 45.2501  25.3714  45.2501 -32.4056 -46.5863  277.038 -674.951  48.7204
 39.6433  26.4701  49.7627 -28.8083 -53.9585  271.806 -655.916 -19.6113
 31.0082  -0.7041  31.0082 -6.12385 -9.30286   292.55 -675.498  57.7002
-5.43408 -64.1518  64.1518  10.1704  28.9539  183.491 -514.666 -52.5969
 -17.278 -54.4985  54.4985  27.0947  51.3858   94.438 -377.025  2.74267
-9.37397  3.43583       10 -65.9408 -47.7996   193.74
