      10      -10       10  5.78143 0.519765       10 -237.793   130.38
     -10      -10       10 -47.5346 -48.5719  204.339  -196.44 -31.6016
-58.5841 -22.4178  58.5841 -12.3706   2.7266   235.43 -569.215  9.53208
     -10      -10       10 -51.6195  -28.856  319.623 -543.862 -24.5434
  3.9897      -10       10 -58.2014 -17.8361  306.816 -550.235  17.9132
 -2.96129       -10        10  -46.3212   -20.234   306.553  -563.312 -0.634599
     -10  -2.1009       10 -35.2123 -25.5214  308.992 -583.393  9.63286
     -10      -10       10 -28.4529 -16.3094  306.163 -603.159   24.573
     -10      -10       10 -22.0603 -14.2593  305.839 -627.919   2.6761
     -10      -10       10 -11.0231 -8.74593  286.719 -634.901  51.9179
 -4.2399      -10       10 -8.47749 -2.98303  267.941 -625.416 -46.6198
      10      -10       10 -25.7054 -8.61382  287.965 -635.488  64.8657
      10      -10       10 -31.1594 -16.7262  308.666 -629.598 -18.2307
 28.0201 -28.0201  28.0201 -54.4546  4.30839  289.748 -626.013  59.6046
 63.6738 -63.6738  63.6738 -98.3762  34.2459  254.216 -643.009 -53.6075
 91.7978 -91.7978  91.7978 -136.707  73.0082  226.705 -642.345  58.2317
 96.5691 -96.5691  96.5691 -141.829  64.5586  205.361 -587.306 -131.652
 74.6436 -74.6436  74.6436 -129.994  63.4592  238.114 -499.134  64.6196
 -31.289   94.955   94.955 -43.0752 -172.871  419.827 -803.034 -310.446
-99.6653  185.169  185.169 -7.36248 -209.443  474.558 -1138.56  28.4473
      10      -10       10 -84.1302 -30.5569   160.93
