     -10      -10       10  -22.387 -6.80069   295.48 -597.616  96.2635
     -10      -10       10 -37.4339 -53.4206   369.92 -665.608  2.20957
-11.2008  -26.623  37.9856   -19.37  6.67524  284.591 -683.263  53.9017
     -10       10       10  -16.553 -38.3034  311.852 -611.566 -1.60786
-8.92145       10       10 -13.3717 -29.2262  310.019 -613.927  32.7546
-8.84776       10       10 -11.4548  -31.366  308.404 -604.262  11.3149
-7.34149  6.43707       10 -10.0224 -26.6796  309.419 -606.844  16.8747
-5.52071  4.53872       10 -9.25448 -25.9325  309.174 -605.414  25.2161
-3.53452  4.89916       10 -8.35307  -28.094  308.957 -606.582 -2.66561
 -1.88053 -0.297333        10  -5.58931  -25.0542   285.294  -568.946   33.9232
 2.34373 -5.25435       10 -3.90493 -18.0845  255.239 -529.462 -75.7351
 5.53402 -4.11791       10 -8.60206  -21.648  286.074 -567.338  38.4898
      10  -1.2182       10 -12.7302  -23.944  310.477 -600.979 -13.7401
      10 -3.27543       10 -10.3794 -18.3837  310.487 -598.631  38.6227
      10 -1.55477       10 -9.60847 -22.1188  311.079 -588.704  -14.006
      10      -10       10 -6.16175 -7.57539  309.671 -589.213   38.446
      10      -10       10 -6.99972 -15.4918  305.649 -562.156  -31.823
       10  -1.44884        10 -0.644592  -7.95546   313.134  -594.587   43.5977
 2.88252 -6.80176       10 -3.26296 -40.5589  331.002  -552.53 -80.7245
  3.74016        10        10 -0.294211  -21.5182   278.349  -476.975  -1.27608
-2.47204       10       10 -83.4581  -57.582  196.417
