-15.8111 -15.8111  15.8111  36.9553   8.3655  36.9553 -300.465  130.378
-49.3074  49.3074  49.3074  8.20803 -103.544  232.871 -555.576  21.4237
-9.99729 -8.43292  52.0385  -16.044 -6.52026  269.793 -732.938  48.2183
 23.8439  23.8439  23.8439 -45.7943 -53.5276  298.052 -657.571  14.2645
 6.52719      -10       10 -20.5244  -11.474      311 -643.695  37.6578
 -2.7406  14.0051  14.0051 -11.1203 -38.9986   304.83 -630.955  20.5724
-4.22423       10       10 -5.27853 -33.8913  310.224 -629.713  20.7783
-4.03305       10       10 -2.47911 -34.4232  309.594 -627.025  31.3095
 -2.50981        10        10 -0.935362  -34.9158   309.311  -626.069  0.408694
0.947448      -10       10  0.15123  -14.239   289.26 -593.435  39.3265
 4.52489      -10       10 -1.71772 -10.6162   274.25 -559.448  -71.772
      10      -10       10 -4.82848 -13.1969  290.155 -586.229   46.481
 12.1034 -12.1034  12.1034 -6.98076 -12.6697  308.819 -611.666 -22.8712
 26.8942 -26.8942  26.8942 -22.9428  6.39681  292.884 -619.707  47.4474
 39.8034 -39.8034  39.8034 -37.8086  15.3529  280.072 -618.896  -39.896
  47.932  -47.932   47.932 -47.0398  31.5392  269.897 -610.674  49.4073
 47.7156 -47.7156  47.7156 -47.7647  19.3225  261.663 -570.458 -87.3957
 30.4878 -30.4878  30.4878 -29.1574  16.6718  292.604 -545.528  62.6633
 21.9473  21.9473  21.9473  -17.417 -87.5553  445.722 -725.157 -198.708
 5.60822  73.6302  73.6302 -13.8299 -93.5963  438.952 -814.599  10.1357
27.3181 27.3181 27.3181 -119.07  -65.47 175.219
