-26.6065 -26.6065  26.6065  -14.283  6.73254   346.63  -741.41  109.448
-18.7801 -18.7801  18.7801 -25.5559 -42.8239  399.038 -772.053  6.75205
-13.9167 -28.7299  39.4397 -9.47108  7.68193  280.492 -706.904  61.7251
 -6.9663 0.416993       10 -12.7094 -28.3702  310.958  -621.03  1.30199
-1.74255       10       10 -13.9571 -29.6257  309.387 -618.626   32.647
0.516399       10       10 -13.8543  -31.614  309.088 -609.741  11.4974
  1.2854       10       10 -11.2768 -30.9072  310.766 -612.513  16.1896
 1.19251       10       10 -8.04791 -32.1161  309.971 -609.818  25.9887
 1.94914       10       10 -6.01217 -33.9188  309.831 -606.945 -5.00865
  4.61621 -0.584387   11.5523  -5.36122  -24.8669    284.67  -567.375   33.6339
 8.28924 -6.15334  18.1526 -6.16138 -16.4744  249.998 -533.469 -84.7811
 13.7047 -3.12579  17.4462 -9.77664 -23.2111  278.115 -573.933  39.8885
 17.6186  2.00983  17.6186 -10.8886 -28.5841  302.208 -614.199 -14.7414
 20.1568  4.01318  20.1568 -9.90264 -27.3956  299.805 -622.622  44.2333
 23.3087  8.16102  23.3087   -11.97 -33.7758  299.169 -621.551 -11.4501
 21.3744  10.3946  21.3744  -5.0105 -29.7518  301.292 -627.296  45.1726
 22.0309  10.9799  23.5777 -7.02201 -37.0617  298.105 -603.275 -31.0563
  11.8277 -0.267961   11.8277   13.7623    -9.053   310.633  -617.228   51.9137
-2.60349  -31.738   31.738  12.6787 -6.44528  247.559 -494.518  -79.219
 -7.96115  -31.2284   31.2284   20.9884   25.7627   162.452  -385.903 -0.535999
     -10  8.32103       10 -65.9386 -53.4821  193.648
