 6.51198  1.13893       10       10      -10       10 -316.144  132.065
-19.1307 -19.1307  19.1307  -51.532 -28.2885   275.67  -411.29 -9.02183
-19.0759  3.33426  63.4375 -40.6811 -20.0379  223.249 -681.484  24.9532
     -10       10       10 -44.4661 -42.7488  319.288 -609.713 -8.20255
-8.79953      -10       10 -38.0889 -14.6651  307.642 -607.729  27.1024
-9.64419      -10       10 -34.0952 -16.9668  307.291 -602.157  8.83462
-9.28216       10       10  -30.803 -35.9551  308.353 -610.338  14.6476
-8.76067       10       10 -26.6313 -35.8123  306.614   -616.1  26.3072
 -8.39314       -10        10  -22.5539  -14.8604   307.835   -626.02 -0.406684
-3.71697      -10       10 -19.0742 -13.7303  286.636 -606.703   42.722
 2.61331      -10       10 -19.3085 -9.43217  267.483 -581.188 -64.0661
 6.49835      -10       10 -24.2741 -12.5665  288.037  -602.49  51.8479
      10      -10       10  -30.489 -14.4202  310.104  -615.34 -18.4773
 21.2265 -21.2265  21.2265 -43.0362 0.382765  297.313 -613.478  49.2279
 36.8793 -36.8793  36.8793 -61.8055    12.16  281.502 -611.822 -36.8229
 44.5617 -44.5617  44.5617 -71.7342  26.8788   274.82 -601.142   46.897
 40.4268 -40.4268  40.4268  -67.862  9.76489  267.791 -541.558 -86.8556
 14.5839 -14.5839  14.5839 -41.8645 -2.00136  308.228 -493.191  51.7449
-19.6713  19.6713  19.6713 -22.8243 -92.8714  469.149 -696.947 -205.746
-40.6915  74.3654  74.3654 -14.0738 -92.8849  499.889 -908.706  29.5043
      10       10       10 -66.8842 -50.0809  139.866
