-26.2953  40.2092  40.2092  21.5724 -55.0044  62.3418 -265.571 -4.01971
-11.5002  11.5002  11.5002 -1.15798 -72.5431   462.13 -899.797  147.972
-10.4959  17.3973  87.9029 -1.94366 -59.8225  248.717  -776.77 -17.9691
-12.1532  12.1532  12.1532  16.0557 -52.2216  356.164 -733.951  75.3079
-0.0833243    13.0041    13.0041     8.6464   -50.8998    325.531   -684.908    7.83586
0.560497  11.7267  11.7267  7.88524 -45.5059  315.666 -644.349  48.9517
 1.57143  10.9548  10.9548  9.00632 -44.3319   307.27 -620.953  6.37641
0.725332  11.0732  11.0732  10.1523 -42.1026  297.277  -590.51  35.1496
 1.55739  11.5569  11.5569  10.4592 -42.4217  286.643 -565.598 -7.92462
     -10      -10       10  22.4801 -16.0271  269.356 -519.494  22.9941
 2.40523      -10       10   9.3167 -10.3424  266.759 -499.135 -85.3787
0.0966428       -10        10   16.4184  -16.5845     264.7  -506.816   18.8558
0.278479  12.8882  12.8882  20.8021 -45.0082  282.824 -555.035  -3.6438
0.173755      -10       10  26.3725 -23.4018  300.474 -582.974  17.8413
      10      -10       10  21.0168 -25.0398  306.569 -599.419  18.7801
      10      -10       10  26.5214 -23.7143  315.786 -624.674  4.49059
 -4.1139      -10       10  45.1945 -24.6979  326.268 -644.488  42.7101
 4.06278  15.5766  15.5766  43.6409 -44.2753  357.013 -717.784 -29.2883
 6.57127      -10       10  49.2617 -22.9846  428.292  -800.56  65.7389
 -8.7749  11.8628  11.8628  4.78562 -18.6577  18.6577 -25.8588 -149.869
-66.3884  66.3884  66.3884 -38.5631 -134.698  134.698
