  17.156  57.8918  72.8846 -51.8185 -92.4111  92.4111 -344.067 -40.6165
      10       10       10 -49.4343 -71.5611  546.389 -1028.43  124.668
 5.71008 -0.16573  76.0615 -19.4733 -46.1939  231.857 -745.578  -3.4339
      10       10       10 -22.5398 -48.7368  356.599 -715.458  71.1251
      10       10       10 -17.2481 -46.5873  326.255 -663.383  10.1636
      10  9.26029       10 -17.3172 -42.1262  314.773 -625.956  44.5504
      10  5.37094       10 -16.1305  -37.998  306.119  -601.01  8.08398
      10       10       10  -15.839 -38.8756  283.131 -545.627  29.1751
      10       10       10 -15.5395 -38.8514  279.737   -528.9 -7.33986
 3.28546      -10       10 -8.82626 -14.3396  248.224 -458.404  13.8809
 6.86199      -10       10 -7.45146 -7.46691  210.001 -405.653 -73.1221
      10      -10       10 -12.7146 -15.7323  241.338 -440.779  7.01297
       10  -9.49142        10  -7.68364  -20.7639   282.365  -528.204 -0.193218
 4.58002 -3.45949       10  1.25516 -30.5581  299.779  -564.62  9.64248
      10       10       10   2.0841 -44.3066  310.823  -603.27  29.2872
      10      -10       10  6.53834 -22.6297  310.738  -612.39 -1.33788
      10       10       10  10.6081 -45.7918  340.391 -667.239   59.409
     -10       10       10  40.1927 -35.5236  356.861 -727.089 -31.1394
 5.53889       10       10  22.3238 -55.1106  474.838  -874.68  113.212
 10.4293 -10.4293  10.4293 -6.48041  9.39526  20.7414  -76.439 -188.077
-44.7101  50.6577  50.6577 -50.4975  -121.98   121.98
