 -35.591  34.7073   35.591  22.4548 -46.9703  46.9703  -252.38 -2.99024
-24.3595  24.3595  24.3595 -63.2178 -84.1962  436.128 -877.217  112.207
-30.4601 -12.8428  71.6746   -29.37 -28.9281   266.56 -778.034 -7.14821
-21.2953  21.2953  21.2953 -31.3402 -59.4791  329.591   -701.4  74.6917
-17.4959  17.4959  17.4959 -27.6512 -56.7245   321.04 -676.194  12.0784
  -16.11    16.11    16.11 -28.3189 -50.5801   319.69  -650.14  50.4944
-17.2707  17.2707  17.2707 -20.1655 -53.3517  293.859  -607.87  12.7476
-13.3017  13.3017  13.3017 -26.6588 -45.4825  307.656  -593.57  35.9101
-15.3623  15.3623  15.3623 -19.8282 -48.0828  277.026 -537.824 -7.85667
-32.8105 -32.8105  32.8105 -3.73635  6.66987  245.309 -521.147  21.1749
 -10.381   10.381   10.381 -23.3533 -33.0632  269.406 -478.656 -98.1797
-31.3565 -31.3565  31.3565  2.03452  5.47643  234.107 -498.179  18.5612
 -17.259   17.259   17.259  -9.4407 -50.4157  273.673 -524.412 -4.69506
-26.5019 -26.5019  26.5019  2.70565   -5.094  286.152 -588.566  19.5058
 -21.8687  -35.9474   35.9474 -0.531328   3.82479   280.272  -606.944   21.0373
-24.0223 -24.0223  24.0223  11.0628 -6.17408  306.395 -639.914  10.7254
-21.4757  70.1832  70.1832 0.140112 -103.746  237.938 -638.277  43.8475
-31.8752  31.8752  31.8752  19.1597 -57.8965  355.183 -734.669 -28.2897
-18.3914 -18.3914  18.3914  8.77243 -5.70579  421.392 -798.989  73.3909
-11.7055  10.7358  11.7055  3.13643 -15.1613  15.1613 -22.0301  -140.49
-37.8731  37.8731  37.8731 -78.9397 -105.734  164.448
