-26.4079  37.5392  37.5392   28.709  -54.823  64.0249 -246.766 -10.9015
-12.1262  12.1262  12.1262  35.1421 -71.8257   451.02 -875.784  140.792
 9.68441 -1.17937  61.9655  9.71718 -41.7803  282.376 -758.673 -20.3551
 9.51155  11.4161  11.4161  21.3218 -49.6199  347.636 -717.813  71.6115
 7.79894  10.6443  10.6443  25.0744 -48.8254  321.705 -672.142  2.65392
      10       10       10  22.3076 -43.4275  318.613 -649.804  46.1194
 7.65756       10       10  26.4401 -43.6863  301.218 -621.753  6.01943
 9.17414       10       10  23.0717 -40.8044  298.841 -597.132  33.3631
 8.59598       10       10  23.8511 -40.6333  282.869 -565.249   -8.984
     -10      -10       10  41.0341 -14.9787  269.052 -528.646  20.9466
      10      -10       10  19.5873 -10.0676   268.36  -510.23 -83.3059
      10      -10       10   25.345 -16.5966  264.597 -525.342  19.1613
 8.17776       10       10  31.5306  -41.934  285.441 -563.073 -4.41145
  6.9566      -10       10  39.2141 -23.3209  299.767 -601.866  17.5871
 8.51253      -10       10  41.3803 -24.6453  306.449 -616.993  21.1893
      10      -10       10  46.8544 -25.9082  312.137  -647.79  8.47675
 8.74804       10       10  52.4337 -46.1946  331.426  -677.14   45.327
      10       10       10  60.6866 -43.2895   364.79 -745.629 -23.2308
 10.6996 -10.6996  10.6996  67.1306 -25.7984  426.045 -822.188  71.3796
 -1.2245  10.6298  10.6298  1.22168 -18.1209  19.1617  -36.169  -138.79
-46.7994  46.7994  46.7994 -38.5508 -116.066   169.77
