 20.4709  46.2986  54.0106 -43.6803 -71.6794  71.6794 -270.025 -9.51124
-10.5076  10.5076  10.5076 -22.7906 -69.7637  473.371 -894.903  116.724
 11.8297  -2.0649  68.9023  -28.455  -38.464  248.194 -736.326 -14.5231
  6.1581  10.1761  10.1761 -18.9464 -47.7841  344.155  -686.87  71.2763
-8.98521  12.8501  12.8501 0.617685 -50.0993  323.022 -662.388  6.56796
-10.9219  13.7657  13.7657  2.81573  -47.132  309.872 -627.833  44.5734
      10       10       10 -16.1221 -43.3396  311.317 -611.966  8.45679
      10      -10       10 -15.5501 -19.9349   299.21 -578.359  30.6198
      10  9.95693       10 -14.8755 -41.3997  295.028 -562.913 -5.14412
-0.673415       -10        10  -4.98422   -16.484   286.005  -530.367   17.8261
 14.3862  4.05424  19.9371 -19.7878 -26.5139  244.051  -485.28 -84.5131
      10      -10       10 -12.1921 -18.2633  284.326 -523.376   14.953
      10      -10       10 -7.07122  -21.776  292.964 -553.525 -1.15097
      10 -6.93004       10 -3.42947 -27.4987   305.97 -583.451  14.1009
      10       10       10  1.08046 -45.5196  313.481  -607.89   27.094
 6.44283      -10       10  9.47487 -23.0596  314.415 -621.178  3.43983
      10       10       10    8.869 -43.6017  327.775 -645.538  58.2154
  2.3578       10       10  21.8401 -34.7046  346.358 -689.316 -34.7259
-0.0402457    8.44003         10    23.2321   -44.6166    416.888   -774.595    90.3186
 5.67562      -10       10 -9.10273  5.13017  16.6119  -32.029 -144.726
-44.7283  44.7283  44.7283 -50.7041 -109.949  142.658
