-29.1759   47.507   47.507   15.657  -67.551   67.551  -281.76 -7.71404
0.783544  25.9008  25.9008 -31.1423 -86.3039  454.198 -926.108  136.892
-2.31165 -22.2897    51.14 -10.4837 -17.3404  294.493 -761.018 -8.65454
  11.231  23.5869  23.5869  -18.904 -63.8958   337.95 -738.137  76.3202
-9.04034  20.8866  20.8866  6.37564 -58.6481  317.286 -690.262  10.3991
-11.5323  23.5975  23.5975  9.72044 -58.2642  294.053 -642.645  49.8799
-4.09854  9.34194       10  6.62785 -43.1404  309.197 -620.194  9.37094
-2.52474  8.55771       10  5.50917 -39.6403  299.129 -587.928  35.8524
-4.72846       10       10  9.05349 -41.3835  290.994 -564.553 -6.01076
-1.86865 -10.6075  10.6075  5.04659 -16.0823  278.584 -524.158  20.9964
-1.45178  4.94969       10  5.05945 -26.5288  270.453 -497.949 -88.3129
      10      -10       10 -1.81864  -18.275  279.184 -520.096  15.5624
-1.03351 -5.15857       10  14.8787 -26.8646  289.585 -551.284 -1.12675
-1.84388      -10       10  20.6447 -23.3286    300.4 -578.386  14.7876
-0.16529 -4.53534       10   23.852 -30.1346  307.652 -598.743  25.6028
-0.711195  -7.42196        10    29.374  -25.5341   315.576  -619.467  -1.40263
0.959809 -12.2868  12.2868  30.7532 -18.6578   319.48 -631.058   49.677
0.320102  14.9605  14.9605  37.2993 -40.4752  341.372 -682.583 -40.0222
 6.06631  7.12057       10  36.6921 -38.8419   407.78 -753.414  75.6016
 1.92712 0.017856  10.8906  -5.1517 -5.90268  18.0125 -30.1735 -155.942
-27.9049  27.9049  27.9049 -70.8271 -93.3538  185.726
