-32.7392   45.581   45.581  18.1784 -62.3565  64.0373 -279.358 -5.60481
-22.6454  22.6454  22.6454 -24.9334 -84.8349  460.918 -911.065  125.065
-15.7453 -28.4011  48.3323 -7.84887 -11.4854  300.382 -762.473 -10.1146
-4.86692  23.5407  23.5407 -15.5144 -64.4737  332.775 -719.792  74.9596
 -13.4921   20.8634   20.8634 0.0373018  -57.9942   311.929  -679.252   10.6216
-7.91653  18.0876  18.0876   -5.401  -53.274  309.368 -645.111  48.4745
-7.56376       10       10 -2.18944 -42.2468  303.219 -599.338   8.2341
-5.68491       10       10   -3.384 -41.3531  303.769 -588.995  33.9053
-12.0109  12.0109  12.0109  4.10307 -43.7814  283.759 -549.363 -5.94672
-10.2703 -10.2703  10.2703  3.32637 -16.3698  270.996 -508.602  20.8553
 -5.59175   3.34092        10 -0.980043  -23.4242   255.783  -470.178   -89.871
      10      -10       10 -12.8388 -18.3133  273.774 -508.061  15.7059
 -1.11572  -3.01142        10    2.9317  -29.2984   287.945  -543.978 -0.297743
 -10.655  -10.655   10.655  16.7554 -22.3138  294.284 -565.374  14.9673
-3.42944   1.9706       10  14.3735 -36.3674  306.818 -594.796  26.3857
-1.23324 -5.36316       10  16.2423 -28.3626    323.4 -627.341 0.418289
-0.526497       -10        10   19.7885  -20.4873   322.237  -630.703   52.0044
-3.65527  10.1105  10.1105  28.5289 -36.5679  358.693 -699.654 -34.8752
-0.51643       10       10  26.6787 -41.0473  425.481 -784.028  81.0344
-0.354707   4.59522   11.6169  -5.12785  -12.2548   17.5716  -27.3841  -154.314
 -21.712   21.712   21.712   -79.87 -88.5712  193.111
