-19.3077 -19.3077  19.3077  30.7276 -30.7276  30.7276 -168.973  46.3171
-96.7114  96.7114  96.7114  80.7004 -151.459  151.459 -541.943  135.438
-56.2102 -56.2102  56.2102  95.6017  12.2608  733.442 -1625.91  -45.095
-76.3201  76.3201  76.3201  81.7361 -117.302  117.302  -486.45  102.559
-94.8149  94.8149  94.8149  102.493 -123.856  123.856 -568.344  15.7799
 98.0966  98.0966  98.0966 -89.8601 -130.583  130.583  -582.45  48.3641
 285.894 -285.894  285.894 -300.692  271.202  300.692 -1362.82 -29.3964
 116.366  116.366  116.366 -104.182  -150.28   150.28  -676.15  37.6506
-130.433  130.433  130.433  134.497 -162.245  162.245 -692.755  3.30115
-139.647 -139.647  139.647  154.206  113.362  154.206 -743.144  10.7048
     -10       10       10  52.2765 -41.7323  320.428  -659.66   -57.58
-92.7277 -92.7277  92.7277  120.356  64.1849  120.356 -590.339  13.3064
      10      -10       10  32.0555 -22.2587  425.795 -755.899  3.13444
-86.0166 -86.0166  86.0166  119.289  63.1785  119.289   -580.3  10.3732
 120.077 -120.077  120.077 -131.866  75.5734  131.866 -449.791 -25.8515
-100.013 -100.013  100.013  141.458  78.7647  141.458 -668.435    29.21
-92.9645 -92.9645  92.9645   148.71  60.4338   148.71 -711.775  44.4752
-76.0375  76.0375  76.0375  151.739 -83.3657  488.121 -1055.49 -10.1995
-179.442  179.442  179.442  235.796 -235.796  235.796 -1007.22  3.61785
     -10      -10       10 -3.62325  -10.075   10.075  49.3502 -105.421
-34.3838  34.3838  34.3838 -167.364 -136.449  497.729
