 71.8875  59.0314   103.91 -126.492 -95.1607  126.492  -485.91 -19.3771
 10.0904  10.0904  10.0904 -42.0793 -66.6478  460.888  -920.61  132.526
 13.1818 0.977703  64.1134 -29.9442 -39.8727  198.589 -622.928 -9.69989
 12.0568  12.0568  12.0568 -29.8556 -51.6991  344.776 -698.195  65.5623
 23.8058  23.8058  23.8058 -37.7068 -59.6532  288.484 -630.049  7.34451
      10      -10       10 -19.0008 -19.9828  316.453 -638.033  46.9806
      10       10       10 -17.1779 -44.6989  308.364 -615.717  9.83563
      10       10       10  -18.622 -39.5234  310.598  -600.42  32.1889
      10  3.94403       10 -15.3542 -35.4181  302.637 -585.694 -2.49122
      10  5.81635       10 -19.0481 -34.8027  296.046 -544.109  10.6463
      10 -3.89261       10  -10.691 -19.6527  253.693 -491.443  -70.843
      10 -4.36953       10 -14.3102 -29.2758  298.997 -545.259  1.79676
      10 -3.59795       10 -6.47043 -29.4325   300.95     -572  10.6226
 7.10142      -10       10 -5.87411 -29.4252  318.968  -579.13  -10.422
      10       10       10  4.03075 -41.9572  307.816  -606.83  46.5266
      10      -10       10  9.75029 -18.2474  313.223 -628.289 -20.3603
 11.1969  11.1969  11.1969  7.94219 -44.9321  328.442 -640.216  81.7009
     -10       10       10  40.2524 -26.3901   289.44 -613.222  -63.571
-11.0936  11.0936  11.0936  47.9518 -54.8825  427.806  -838.08  177.126
 17.5074 -17.5074  17.5074 -25.5679  21.3889  25.5679 -49.6233   -274.6
-14.9749  44.0771  44.0771 -73.6623 -105.022  105.022
