 99.2613  99.2613  99.2613 -132.142 -133.298  137.462 -475.352 -73.6084
      10       10       10  2.02822 -70.0856  468.208 -928.004  174.966
 28.1424 -3.45645   59.133 -11.2659 -36.0577  204.144 -652.533 -15.6866
 10.3305  10.3305  10.3305  9.66611 -46.4569  349.949 -719.782  83.1801
 13.1077  13.1077  13.1077   10.396 -48.0239  296.466  -640.37  5.90375
      10      -10       10  13.4893 -21.2963  318.493 -649.201  48.8693
      10       10       10  15.4687 -43.7582  308.058 -627.363  7.26031
      10  8.71959       10  14.8174 -39.4238  308.608 -610.571  33.2519
      10  9.36575       10  17.1831 -41.5518  305.112 -602.194 -4.87657
      10 -0.45699       10  14.7107 -28.0698   292.81 -558.332  14.6765
      10       10       10  16.6715 -32.8302  260.423 -511.243 -78.8027
      10      -10       10  19.6865 -20.7435  291.616 -553.541  7.02537
      10      -10       10  27.4871 -23.3579  304.413 -594.982  6.78585
      10      -10       10  31.2229 -25.6114  306.299 -601.463  3.37493
      10       10       10  36.4202 -43.4932  310.929  -619.43  39.0766
      10      -10       10   42.022 -22.3515  304.496  -624.89 -20.1029
     -10       10       10  64.2925 -41.7397  328.311 -646.828   77.891
     -10       10       10  68.4638 -29.6765  278.251 -602.525  -78.778
      10      -10       10  62.9996 -33.3419  421.834 -793.657  167.662
    13.69   4.63903     13.69 -0.325716    -1.456   34.0743  -132.659  -266.494
-24.2078  44.9348  44.9348 -48.7321 -105.501  105.501
