-40.5248  40.5248  40.5248  35.3997 -59.8673  62.5289 -254.409 -8.78979
-27.1391  27.1391  27.1391  19.9733 -86.9955  431.713 -895.419  148.767
-24.9503 -15.8598  52.2944  24.5986 -22.4864  305.177 -769.437 -18.8488
-20.9547  20.9547  20.9547  30.3172 -62.5729  334.985 -728.785  77.0351
-6.65688  14.6921  14.6921  20.1801 -53.2108  320.571 -680.939  8.64185
 1.70351       10       10  13.0677 -43.5294  316.003 -644.501  47.8983
 1.03711       10       10     14.6 -44.1003   308.79 -620.497  7.06412
 1.25613       10       10  15.6344 -41.3022  300.036 -597.528  35.4321
-1.82751       10       10   19.119 -41.4754  286.687  -563.46 -6.53457
     -10  -7.9957       10  27.0073 -18.4505  273.671 -527.677  21.2969
      10       10       10  5.15144  -31.484  266.082 -495.166   -84.14
      10      -10       10  11.1993 -16.9583  271.962 -520.485  16.3479
      10  8.39864       10  16.1416 -40.6273  288.022 -555.917  -2.5374
 6.63854      -10       10  25.6029  -23.297  301.686 -591.531  16.8008
      10      -10       10  24.9865 -24.9005  301.957 -591.434  19.2839
      10      -10       10  32.0249 -24.3765  314.155 -628.419  4.36535
 7.93253      -10       10  39.4266 -23.6913  329.276 -657.927  43.7236
      10   8.5798       10  45.4591 -37.5694  364.915 -723.846 -27.3026
     10 8.18293      10 51.4991 -43.079 418.713 -790.67  63.437
-2.85647  -9.2707  10.9572 0.720391  1.20113  18.1403  -29.979 -142.055
-32.8939  32.8939  32.8939 -64.3211 -97.0841  193.034
