 41.7613  41.7613  41.7613 -47.7529 -66.9733  67.1842 -289.498   -12.59
 14.2981  14.2981  14.2981 -33.0715 -70.5402  490.686 -943.907  143.818
 59.9622 -8.54381  59.9622 -65.7472 -23.3189  269.544 -759.392 -13.3837
 24.8448  24.8448  24.8448  -27.737 -52.0513  298.724 -661.187  80.2519
  11.815   11.815   11.815 -9.12894 -34.6353  307.893 -637.207 -5.92557
 10.4508  10.4508  10.4508 -8.04564 -30.7577  309.931 -618.373  50.4856
      10       10       10  -5.0987 -31.1564  309.988 -616.775 -4.40421
      10       10       10  -4.9111 -31.1969  310.905 -605.781  40.4337
      10 -3.90491       10 -2.50976  -20.524  309.653 -602.706 -16.5207
      10      -10       10  -2.2761 -18.6943  285.309 -549.128  32.1224
      10      -10       10  2.09378 -17.0681  250.769 -506.554 -92.6576
      10      -10       10  1.75693 -19.5571  285.112 -546.862  25.5435
      10      -10       10  6.00285  -15.444  309.738 -596.488 -7.22537
      10      -10       10  9.14913 -12.6124  310.852 -601.781  17.9039
      10      -10       10  12.9298 -11.4243  309.784  -606.91  20.5784
-10.7869  10.7869  10.7869  37.7969 -29.0712  307.544 -616.933  2.59557
 13.0354  13.0354  13.0354  16.7703 -30.7958  300.739 -616.473  52.3797
 16.6462  16.6462  16.6462  21.8348 -26.4498  314.936 -683.706 -17.4546
  10.506   10.506   10.506  30.8647 -33.3134  434.895 -808.642  80.4882
 16.7011  7.56868  16.7011 -22.4598 -26.1787  26.1787 -45.8778 -157.776
-35.4667  35.4667  35.4667 -43.7573 -104.776   163.38
