 21.7157  45.0194  45.0194 -26.8041 -69.4609  71.3623  -379.82  43.2877
-4.55144  32.2652  32.2652 -53.1984 -89.9456  505.922 -1081.92  161.941
 6.31191  4.21641  84.1608 -33.5158  -38.088  246.472 -823.178  9.09038
 4.90037  50.4286  50.4286 -26.7838 -78.8342  269.037 -714.621  87.3393
 4.37555  30.2867  30.2867  -17.472 -54.3652  287.863 -679.497  7.00908
 3.47836  18.3973  18.3973 -13.7876 -39.3889  301.253 -641.905  56.4071
 4.67058   11.681   11.681 -9.50678 -33.2083  308.172 -629.154  3.28585
 5.31605  10.9888  10.9888 -8.49106 -32.4751  309.994 -613.879  44.9581
 10.3819  10.3819  10.3819  -9.4201 -35.3752  309.522 -607.575 -13.1278
 11.4277 -11.4277  11.4277 -8.16589 -17.7498  282.778 -550.097  34.4311
 19.6918 -19.6918  19.6918   -12.79 -8.39547  240.558 -506.686 -98.7539
 14.8485 -14.8485  14.8485 -4.76316  -15.961  278.612 -547.065  27.2215
      10      -10       10  7.66433 -16.8155  309.726 -594.574 -5.69494
      10      -10       10  12.3331 -13.6135  311.179 -595.976  16.1146
      10      -10       10  17.8875 -11.6059  309.261  -596.29  19.9278
  9.6348      -10       10  23.6531 -7.23281  309.184 -598.057 -9.36197
 18.8862  18.8862  18.8862  17.0382 -33.0761  293.506 -597.192  45.8996
 31.0062  31.0062  31.0062  12.0031 -33.3446  303.943 -659.006 -51.4621
 31.3533  31.3533  31.3533  18.5151 -44.9273  373.563 -735.106  68.9673
  -2.641  -1.7007  15.1866 -14.9578 -12.4231  14.9578  43.9202 -219.255
 -58.709   58.709   58.709 -48.0857 -130.437  130.437
