 42.3216  42.3216  42.3216 -46.9566 -67.0259   68.622 -317.248 -2.65868
 17.4376  17.4376  17.4376 -42.9972  -74.177  496.139 -980.744  154.865
   28.201 -0.652054   70.4278  -38.9418  -31.9326    258.48  -782.327  -8.08881
    28.7  33.9906  33.9906 -35.4344  -61.345  288.617 -681.577  85.2979
 16.9777  16.9777  16.9777 -16.8259 -39.9913  302.932 -652.482 -3.06086
      10       10       10 -8.76724 -30.2885  310.981 -624.245  54.0244
      10       10       10  -5.9534  -31.023   310.19 -620.925 -2.93755
      10       10       10 -5.42747  -30.937  311.192 -608.493  42.4302
      10 -4.09879       10 -2.41487 -20.1402  309.834 -604.908  -16.263
      10      -10       10  -1.8077 -18.6792  284.735 -548.785  33.3738
      10      -10       10  2.86876 -17.1253  249.776 -504.057 -94.9229
      10      -10       10   3.3905 -19.8392  284.202 -546.016  26.7011
      10      -10       10  8.41413 -15.9047  309.659 -596.978 -7.25541
      10      -10       10  11.9252 -13.1474  310.896 -600.755  17.7458
      10      -10       10  16.1445 -11.6987  309.353 -603.952  20.1821
 8.13363       10       10  22.2528 -28.0817  308.405  -609.87 -1.61695
 10.0687  10.0687  10.0687   23.713 -26.9584  303.553 -603.749  50.0314
 15.6207  15.6207  15.6207  26.1413 -23.2596  317.388  -667.29 -29.6463
 12.5416  12.5416  12.5416  33.3888 -32.6798  421.206  -775.03  74.8518
 17.6661  6.51432  17.6661 -25.6454 -24.2515  26.2524 -30.9659 -176.364
-45.7925  45.7925  45.7925 -40.3691  -115.58  148.901
