 30.4638  48.8115  48.8115 -27.4299 -73.7596  83.8474 -410.091  74.5666
 34.8911  34.8911  34.8911 -50.9153 -93.5879  511.157 -1117.54  207.546
 24.9594  7.44277  80.9114 -26.6312  -38.346  254.828 -819.505  2.74841
 20.9203  53.8446  53.8446  -17.227 -82.5048  264.498 -722.409  104.757
 19.6706  32.8834  32.8834 -6.39847 -57.3154  285.136 -692.606  4.30611
  18.2985   18.2985   18.2985 -0.490798  -39.8586   301.945  -658.025   64.4422
 10.0681  10.0681  10.0681  14.4754 -32.5817   311.27 -648.032  3.58192
      10       10       10  17.1672 -32.0648  312.812 -636.567  49.8826
      10       10       10  22.2831  -35.314  310.019 -632.058 -11.5226
      10 -2.80874       10  22.4895 -26.0894  283.068 -569.068  38.2163
      10      -10       10  25.1668 -16.6436  249.188 -516.378 -101.182
      10      -10       10  31.2217 -19.7746  281.033 -562.432  29.2229
      10      -10       10  40.6286 -16.1958  307.697 -615.608 -3.77876
      10      -10       10  45.6424 -13.6657  309.241 -615.479  14.6627
      10      -10       10  50.5294 -11.6433  306.209 -609.763   20.818
      10 -3.23646       10  54.8019 -14.6884  304.306 -601.907 -18.4032
      10       10       10  57.6282 -25.2177  295.827 -581.559  43.9281
      10       10       10  67.6007 -16.4357  315.957  -616.04 -71.4457
      10       10       10  82.0631  -26.946  387.111 -682.722   62.394
-7.63826 -5.96079  12.0452      -10      -10       10  90.5252 -240.843
 -63.798   63.798   63.798 -39.2423 -133.084  133.084
