  43.678   43.678   43.678  -10.791 -46.9266  86.2111 -475.608   182.26
 39.7916  39.7916  39.7916  -41.151 -115.818  523.052 -1200.12  431.339
 34.8903  4.73526  77.0814 -32.1498 -25.3808  276.372 -809.046 -92.7317
  67.959   67.959   67.959 -50.4959 -104.652  253.771 -756.687  173.879
 57.8212  57.8212  57.8212 -31.5338 -90.1989  268.786 -745.218 -29.4164
 42.2844  42.2844  42.2844 -5.40958 -70.5013  280.095 -717.407  95.0111
 24.7582  24.7582  24.7582  23.6934 -55.0789   299.42 -701.525 -9.95114
 10.3704  10.3704  10.3704  48.2473 -36.9992    312.1 -681.298  68.3197
      10       10       10  57.8674 -38.2579  304.987 -677.685 -12.5821
      10       10       10    58.46 -34.6011  273.074 -612.564  50.9639
      10      -10       10  59.9163 -9.65924  241.425  -557.08  -111.05
      10      -10       10  71.4555 -15.4455  267.467 -603.333  37.2919
      10       10       10  85.4769  -36.959  296.849 -658.028 0.864771
      10      -10       10  92.3615 -18.4457  300.689 -653.816  17.2632
      10      -10       10  97.7308 -17.9351  296.292  -639.06  21.1726
      10      -10       10  99.6759 -17.2643  293.817 -605.501 -28.2845
  11.108  -11.108   11.108  103.159 -9.92111  280.195     -588  35.3033
 38.3469 -38.3469  38.3469  76.9246  17.8116  279.517 -586.166 -88.3115
 41.7179 -41.7179  41.7179  107.547  37.3812  325.837 -696.653  41.4685
-19.3211 -19.3211  19.3211 -13.8521 -13.8521  13.8521  247.505  -301.74
-67.9899  67.9899  67.9899 -67.6101 -135.752  135.752
