 26.8698  40.9282  41.7675 -36.5033 -63.3557  63.3557 -346.871  12.9924
-13.6535  27.4327  27.4327   -72.11 -85.9281  493.538 -1022.21  145.099
 4.02942  2.53154  84.6806 -50.8072 -37.3949  240.169 -803.029  2.10957
-0.175642    45.596   60.3415  -44.5539  -73.8428   255.742  -705.473   78.1545
  1.7863  26.2366  47.6288  -39.313 -49.8122  267.688 -682.836   2.3716
-3.08247  12.2049  46.7699 -34.5163 -32.3694   269.42 -657.831  49.8089
  0.099326    3.10767    44.1399   -33.5489   -23.5069    272.874   -651.416 -0.0138908
  7.00471 -0.454627   47.0247  -40.2152  -19.5664   271.788  -641.827   39.9892
 11.4025 -3.06044  46.8287 -40.6882 -20.5922  272.003 -639.731  -15.137
 19.6295 -10.1163  54.6565  -46.788 -18.9308  237.182 -588.926  31.5783
 23.8177 -25.0105  59.5808 -43.3977 -3.10029  199.267 -548.747 -95.7466
 24.4539 -17.1352  56.4186 -44.9041 -14.0879  237.225  -590.78  26.8486
 23.6389 -13.0389  52.0242 -38.9514 -14.3737  268.389 -639.323 -6.33811
 25.0451 -12.9072  51.9269 -36.5946 -11.8259  272.029 -643.013  18.6447
 20.9679 -11.9171  52.1644 -26.8326 -11.0369  269.695 -645.431  19.3365
 28.3168 -6.35691  51.5297 -29.0722 -12.2031  271.088 -648.737  -1.1043
 23.2693  4.56192  55.1902 -19.2858 -20.5408  260.895 -646.179  47.6107
 31.0429  33.6928  48.4784 -18.0354 -36.7556  292.956 -696.398  -31.772
 24.7185  41.6227  41.6227 -11.1294 -55.4294  364.656  -759.49  76.4912
 2.37324 -7.84282  20.6849 -21.8046 -6.13693  21.8046 -1.18098 -198.228
-54.6185  54.6185  54.6185 -58.1351 -128.457  128.457
