  21.871   21.871   21.871  52.1425 -62.8539  90.0738  -330.94  42.0688
 10.1309  10.1309  10.1309  232.754 -73.7492  351.108 -1003.07  214.692
 17.5594  10.5757  17.5594  186.996 -37.3818  290.439  -840.27   -66.13
  12.542   12.542   12.542  178.736 -42.9474  257.667  -763.74  92.0943
 16.5439  16.5439  16.5439  175.006  -42.555  247.557 -757.528   -20.78
 15.7298  15.7298  15.7298  177.673 -39.1721  243.198 -750.988  57.6437
 10.3324  10.3324  10.3324  187.576 -35.4877  245.192 -748.464 -2.48745
      10       10       10  188.787  -33.671  243.438 -739.202  45.4946
      10       10       10  188.021 -36.5538  238.132 -725.501 -9.48946
      10       10       10  172.455 -38.0087  220.589 -655.519  26.9929
      10       10       10  158.048 -36.3584   205.96 -590.321 -107.313
      10       10       10  173.809 -35.8005  213.871 -643.267  18.3123
      10       10       10   192.56 -32.1219  227.286 -705.117 -4.26073
      10      -10       10  198.475 -12.1224  228.254 -718.293  22.1746
      10      -10       10  201.689  -12.283   226.69 -723.769  18.1439
     -10      -10       10   223.47 -13.8464  225.201 -722.541  9.63066
      10      -10       10   207.31 -16.6654  222.534 -733.967  37.0655
 10.1281 -10.1281  10.1281  236.844 -22.5206  249.775 -827.255  -3.9822
 10.3222 -10.3222  10.3222  320.597 -34.0004  341.732 -1079.02  52.0907
      10      -10       10  -7.7001 -20.7142  20.7142  45.6428 -210.307
-74.9289  74.9289  74.9289   43.613 -150.375  172.144
