   31.8698 -0.0938395    43.9746   -53.0196   -15.9421    53.0196   -317.847    1.88104
 117.245 -3.31295  117.245 -252.602 -54.3641  363.573 -1070.87  119.812
  61.638 -65.1113  170.349  -155.73  36.9116   155.73 -925.708 -18.3781
-51.9617  22.2033  243.609 -50.8794 -50.8794  50.8794 -946.017  66.5015
-69.9407  9.75483  265.696 -33.3452 -33.3452  33.3452 -980.604 -9.67696
 -85.6949 -0.959844   279.844  -19.9642  -19.9642   19.9642  -974.714    43.945
-90.5338 -12.7996  286.954 -12.9719 -7.88847  12.9719 -976.364 -7.00239
-94.0854 -14.1309  291.598      -10  -6.2663       10 -964.122  37.2546
-89.2264 -18.3842  288.064      -10  -5.2869       10 -948.661 -18.9913
-82.1907 -18.9467  269.504      -10      -10       10 -872.211  33.2566
-67.4974 -34.8837  247.229      -10  7.75005       10 -817.319 -95.3084
-77.9907 -25.5786  271.616      -10 -5.11735       10 -862.445  29.4319
 -80.6465  -25.3244   292.974  -9.74131 -0.936057        10   -928.26  -8.59317
-80.1649 -26.0451  299.481      -10  2.83639       10 -936.713  21.0023
-75.4247 -26.4611  299.762      -10  5.39483       10 -938.768  16.5276
-72.3673 -19.8166  299.826      -10  3.44048       10 -932.623  4.66579
-65.6365 -12.5095  293.403 -10.0209 -0.30386  10.0209 -916.358  43.6333
-2.83573  3.78979  265.114 -65.2264   -3.412  65.2264 -930.849  -16.001
 158.956  10.4902  158.956 -216.936 -18.0721  252.051 -910.335   78.846
-4.57692 -23.5765  23.5765 -20.9161  11.9962  20.9161 -17.3561 -184.061
-125.409 -28.0141  125.409 -16.4828 -42.8667  42.8667
