-30.1674  67.1185  117.795  11.6556 -101.221  182.633 -702.274 -38.4795
 10.0504 -10.0504  10.0504  4.38721 -41.3973  362.379 -736.075  186.819
 26.7356  12.2272  69.5974  -17.104 -44.7729  226.096 -697.749 -30.5271
 51.8281 -1.51603  51.8281 -39.5047 -21.2478  295.228 -739.396  76.6124
 12.2756  41.0467  41.0467  2.37424 -66.0141  265.919 -649.073 -8.71148
 58.8326   1.3709  58.8326 -43.9396 -19.3208  278.485 -718.792  50.0288
 78.7403  1.12134  78.7403 -69.3571  -22.214  235.553  -682.41 -4.80605
 84.4688 -21.7293  84.4688 -69.0871 0.764754  246.691 -735.149  37.6109
 94.1069 -7.72027  94.1069 -83.2583 -22.2422  222.052 -696.552 -10.1719
 98.2069 -22.4992  98.2069  -84.658 -8.40353  227.404 -717.144  26.4248
 103.768 -12.2681  103.768 -93.0416 -19.4774  193.329 -662.684 -99.0851
 15.1358  -38.446  75.8529  7.32116  8.27071   244.18 -677.662  20.7913
  84.568  11.7653   84.568 -60.0287 -39.3165  238.241 -701.303 -1.51105
 74.3602 -11.8732  74.3602 -38.8844 -12.2671  241.706 -713.476  12.8068
  76.744 0.935227   76.744 -39.2508 -20.6172  254.013 -732.671  40.5538
 34.2907  10.9135    100.8  1.79001 -29.9035   206.51 -737.755 -23.8449
 78.5076  29.6741  78.5076 -31.8889 -44.3315  263.975 -769.795  106.479
-16.1159 -22.7898  62.2249   68.518  11.7906  222.183 -691.879 -106.873
-16.6833  36.2836  36.2836  76.9411 -59.3172   345.02 -751.259   262.96
-1.53809 -13.2913  13.2913  7.00452  3.31994  28.4404  -86.526 -403.788
  21.085  54.7747  54.7747 -97.6719 -121.155  121.155
