-20.9813  35.6492  35.6492  20.1152 -52.1125  57.7403 -248.702 -7.36408
-15.1778  15.1778  15.1778  3.85597 -73.7756  468.761  -905.51  130.677
 -3.79739  -2.33453   70.5773 -0.810307  -43.6326   272.296  -769.943  -10.3693
-12.8099  12.8099  12.8099  17.2885 -47.7123  327.253 -667.664  69.9765
-5.74127  10.9561  10.9561  16.0354 -50.2202  342.765 -701.646  6.03633
-3.02329  14.0245  14.0245  13.2151 -49.2356  312.742   -644.6  49.6014
 8.41678  12.4068  12.4068   6.0143 -47.6338  303.628 -629.752  10.1874
 5.06041       10       10  7.27736 -41.8461  307.511 -602.527  34.9402
-0.0375681         10         10    12.9884   -41.1328    287.242   -558.829   -8.03674
 -10.124  -10.124   10.124   23.585 -14.9632  270.008 -521.684  21.0319
 5.91933 -1.66308       10  5.18626 -19.5626  273.439 -503.448  -86.422
 8.15001      -10       10  9.75594 -16.5813  249.374 -489.545  18.9652
 15.4351   14.371  15.4351  1.65011 -43.8903  276.099 -534.013 -7.08949
 5.16375      -10       10  23.1981 -22.8789  304.467 -600.185  17.7579
 4.97108      -10       10  25.6239 -23.5634  325.033 -626.805  20.0527
      10      -10       10  27.4324 -25.9391  291.038 -602.418  11.0383
 13.3901 -8.90682  13.3901  25.1672 -25.3429  327.657 -653.217  42.2851
-4.64456  14.1045  14.1045  52.2202  -47.397  368.294 -737.373 -26.5215
  13.997 -13.5597   13.997  37.3929 -21.8051  423.136 -800.815  66.9776
-1.67775  11.7382   12.644  -2.2725 -17.5033  19.9307 -31.3111 -141.024
-48.8532  48.8532  48.8532  -48.459 -121.683  159.133
