-35.9962  35.9962  35.9962  25.9133 -50.1849  50.1849 -255.714 -3.85472
-17.7036  17.7036  17.7036 -52.6629 -75.4246  462.509 -907.858  124.136
-22.4458  7.27828  91.6923 -25.3399  -52.163  241.784 -800.733 -4.81314
  -17.11    17.11    17.11 -18.5661 -53.8525   333.75 -704.934  75.6796
-16.3685  16.3685  16.3685 -13.4579 -55.4847  322.313 -681.027  12.1731
-16.1041  16.1041  16.1041 -13.0368 -50.3129  319.151 -655.988  51.5164
-11.5874  11.5874  11.5874 -10.4052 -47.1937  299.521 -606.797  12.3408
-10.3726  10.3726  10.3726 -14.3989 -41.7611  311.684 -597.499  36.4968
-14.4616  14.4616  14.4616 -6.36755 -47.1483  272.497  -532.93 -7.50903
-10.9957 -10.9957  10.9957 -8.93763 -14.7004  272.972 -507.997  20.9398
-11.0623 -11.0623  11.0623 -9.98808 -11.0747  268.976 -480.801 -95.0251
 -15.522  -15.522   15.522   2.2642 -11.1831  249.722 -483.961  19.1257
-4.84769  13.7055  13.7055 -7.54198 -45.4891  276.849 -521.395 -5.87065
     -10      -10       10  4.84083 -22.7201   299.99 -569.927   18.992
     -10      -10       10  7.47539 -23.0138  314.304 -593.637  20.3078
-3.81903      -10       10  9.71015 -22.8163  306.807 -603.885  10.7513
 -8.6326  14.5434  14.5434  14.6419 -44.7145  328.606 -644.037  41.3399
-25.4363  25.4363  25.4363  32.7361 -52.3524  350.577 -709.761 -25.9592
     -10      -10       10  22.6038  -17.192  426.921 -780.246  60.4181
 9.35815  12.8443  12.8443 -17.4639 -17.4639  17.4639 -24.4312 -143.602
-60.0226  60.0226  60.0226 -56.5593  -131.45   131.45
