-32.4834  32.4834  32.4834  32.9927 -54.1247  54.1247 -203.607 -7.86265
-17.4599  17.4599  17.4599   37.023 -74.5239  447.117 -887.356  133.452
 49.8294 -12.9395  49.8294 -30.5279 -29.6294   299.54 -750.827 -19.2483
 12.4771  12.4771  12.4771  14.7415 -49.5347  336.193 -696.989  69.7276
      10       10       10  20.3665   -47.92  323.763 -670.863  2.98715
      10       10       10  20.4151 -43.4978  320.224 -653.374  45.3874
      10       10       10  21.6784 -44.5307    294.5 -609.881  8.12956
      10       10       10  20.8131 -41.4027  307.986 -613.156  33.7786
     -10       10       10  39.7573 -41.7873  274.879 -550.317 -8.48179
     -10      -10       10  39.4611 -14.4894   273.74 -536.504  20.9448
      10       10       10   16.706 -30.6427  278.495 -519.157 -82.8107
-10.1441 -10.1441  10.1441  41.8199 -16.0947  249.383 -497.694   19.175
     -10       10       10  45.8686 -41.6772  284.996  -553.96 -4.54021
      10      -10       10  33.9279 -23.3894  303.114 -606.774  17.2319
      10      -10       10  38.2539 -25.3076  316.799 -633.903  19.9188
      10      -10       10  43.5946 -25.7779  310.247  -642.98  10.8519
 10.3905 -10.3905  10.3905  47.9179 -25.9404  336.353 -683.944  38.6553
     -10       10       10   75.886  -43.741  365.729 -739.126 -14.9314
 11.3751 -11.3751  11.3751  63.2094 -26.9749  433.112 -836.017   54.033
 10.4375  10.4375  10.4375 -11.4571 -18.1606  18.1606  -31.059 -112.814
-34.1425  34.1425  34.1425 -49.4912 -103.189  188.115
