 10.4851  59.5179  59.5179 -23.8912 -88.4926  88.4926 -308.256 -27.8341
 10.0409  10.0409  10.0409  3.70859 -70.9193  513.599 -982.886  135.434
 14.4279 -16.6344  50.4068  4.46722 -27.2392  279.439 -746.631 -15.4672
 11.6043  11.6043  11.6043  10.9325 -50.6011  346.323 -715.266  73.0934
      10       10       10  15.2468  -47.246  321.857 -668.771  7.21019
      10       10       10  14.2052 -42.9393  311.542  -634.21  44.3882
      10       10       10  14.8853 -43.6021  301.859 -609.905  8.75902
      10       10       10  14.3479 -39.7352  292.592 -581.518  31.6002
      10       10       10  14.3411 -39.8273  284.911 -558.544 -6.55337
 9.39357       10       10  12.7776 -34.3961   265.64 -509.598  19.8288
      10      -10       10  13.1995  -9.5073   241.18 -471.434 -84.2854
      10      -10       10  15.4296  -17.396  266.888 -506.819  14.9661
      10      -10       10  21.9015   -21.44  285.114 -554.014 -1.18501
      10      -10       10  26.5795 -23.7867  299.484 -585.579  12.8946
      10       10       10  32.0154 -44.9518  304.195 -609.035   27.261
      10      -10       10  37.3802 -24.1276  312.225 -634.103  1.22287
      10       10       10  41.1755 -45.5256  324.996 -655.827  56.4252
     -10       10       10  71.0195  -37.011  346.673 -719.022 -38.9058
      10 -9.15198       10  56.7845 -33.0953  439.147 -825.731   99.037
      10      -10       10 -6.54196  5.09637  20.8288 -59.6293 -169.163
-32.9072  32.9072  32.9072 -47.1334 -102.418  168.655
