-43.6282  40.9218  43.6282   23.967 -56.9625  56.9625  -273.15 -4.52477
-72.1152  72.1152  72.1152 -16.4974 -137.328  372.785 -905.987  105.272
-42.7763 -42.7763  42.7763 -11.0759  5.82248  321.097 -775.495 -5.67373
     -10      -10       10 -36.6426 -30.5435   349.21  -701.72  69.6193
     -10      -10       10 -30.0813  -25.687  325.941 -658.088  11.2088
-23.0575  23.0575  23.0575 -18.6855 -55.8429  299.603 -632.404  46.5521
     -10      -10       10  -28.727 -22.8852  312.788 -599.703  6.59582
-14.6923  14.6923  14.6923 -21.2894 -45.9425   290.27 -568.663  34.1049
-11.6713  11.6713  11.6713 -21.3938 -42.8706  279.215  -529.33 -8.22056
     -10      -10       10 -20.5445 -16.1439  261.154 -479.541  21.0845
 -10.365   10.365   10.365 -17.4903  -31.258  247.047 -453.882 -92.0517
-10.3159  10.3159  10.3159 -16.8844 -38.9038  261.146 -476.465  17.3836
     -10       10       10 -15.0432  -41.907  284.422 -525.394 -2.53564
     -10      -10       10 -10.9934 -22.8321  294.858 -554.963  16.3282
     -10      -10       10 -9.02388 -24.1187  307.378 -578.807  22.2905
     -10      -10       10 -4.51753 -23.9741  322.045 -617.836  8.61404
        -10         -10          10 -0.00403177    -21.8745     335.505    -652.543     55.3795
     -10      -10       10 0.300805 -14.6007  381.714 -730.575 -29.4339
-47.9486  47.9486  47.9486  27.8762 -79.0394   384.96 -821.016  89.8088
 6.48997 -10.7532  10.7532   -13.94  5.30225    13.94  -22.074 -149.252
     -10  5.94868       10 -106.187 -70.3909  218.364
