-37.1173  40.2997  40.2997  24.3904 -55.6862  55.6862 -268.697 -2.54393
-33.1253  35.6152  35.6152 -33.1539 -97.6082  435.059 -912.053  126.014
-41.0459 -41.0459  41.0459  2.50581    1.316   330.52 -793.998 -7.05627
-34.7811  34.7811  34.7811  1.27309 -77.8205   312.33  -723.83  76.3952
-18.3375  20.2725  20.2725 -8.17588 -58.9568  320.249 -688.587  12.1742
 -10.453  15.7502  15.7502 -13.0686 -48.4581  310.358 -641.054  48.5864
-11.9422  12.1806  12.1806 -10.9052 -46.0426  314.791 -619.497  9.25749
-8.10354  12.3866  12.3866 -10.4767 -43.8294  296.938 -586.302  36.4576
-15.2541  15.2541  15.2541 -2.06317 -47.1887  274.702 -542.078 -6.10332
-18.9551 -18.9551  18.9551  2.99433 -7.06834  250.442 -498.928  22.2628
-10.6099  10.6099  10.6099 -3.13413 -31.9691  255.135 -473.378 -92.1022
  -11.277  -20.1619   20.1619 -0.490731  -6.35673   248.886  -494.649   17.3805
-14.4292  15.2185  15.2185  5.33793 -47.6021  280.358 -535.466 -4.90699
-10.2093 -11.1623  11.1623  7.86119 -21.0067  294.851 -563.735  18.4437
-2.88156      -10       10  2.88564 -25.0083  303.666 -571.248  17.2031
-9.90578 -11.6271  11.6271   16.455 -19.6711  310.187 -605.439  5.74126
-6.88468      -10       10  19.1032 -21.1859  330.533 -644.505  48.5635
-8.85005   14.599   14.599  22.7124 -40.2579  370.902 -718.668  -31.109
-11.8612   18.149   18.149  27.5268 -48.6892  418.835 -793.164  71.8367
-4.25662  3.51481  12.6039 -3.71142 -9.31701  16.9713 -21.6271 -149.747
-10.9471  10.9471  10.9471 -101.372 -78.3909  222.102
