 27.6658 -54.5626  58.8803 -71.1924  71.1924  71.1924  -435.81  3.13686
 105.723 -105.723  105.723 -227.335  42.4657  227.335 -1121.73  150.629
-61.8434  -96.587  195.018  -119.11  76.5418   119.11 -888.186 -56.8858
-153.402 -14.1851  300.416      -10      -10       10 -1175.97  52.6001
-148.669 -12.9129  285.514      -10      -10       10 -1064.08 -10.9427
-135.771 -9.75754  270.363      -10      -10       10  -989.42  32.3349
-116.182  0.98189  255.243 -25.3655 -25.3655  25.3655  -946.27 -8.11622
-76.5524  28.3865  230.579 -57.4629 -57.4629  57.4629 -915.409  34.4592
-49.9118  40.6962  213.791 -75.0126 -75.0126  75.0126 -896.052 -6.91266
 -41.498  34.8697  203.082 -69.8298 -69.8298  69.8298 -857.124  41.5901
-59.2791  13.0639  211.957 -42.3035 -42.3035  42.3035 -834.963 -69.7792
-93.8833 -6.25241  247.963  -24.792  -24.792   24.792  -890.46  32.7905
-122.511 -19.8211  278.859      -10      -10       10 -932.827  -7.3248
-128.485 -19.6499  284.461      -10      -10       10 -920.297  1.71588
 -125.969  -16.9373   283.117       -10       -10        10  -900.583 -0.771101
-122.172 -7.46871  282.634      -10      -10       10 -880.033 -27.2015
-109.934 -11.8277  282.186      -10       10       10 -881.242  43.9526
-107.802  23.2157  313.737      -10       10       10 -959.264 -14.9102
-173.383   3.9525  321.278  43.6136  43.6136  43.6136 -1007.52  194.251
-26.3405 -26.3405  26.3405 -19.2153   20.053   20.053 -19.7538 -261.309
-167.986 -87.8474  167.986      -10      -10       10
