  17.3571  -71.0554   71.0554  -85.5084   85.5084   85.5084  -487.598 -0.862682
 100.288 -53.2368  100.288 -185.007 -3.44402  185.007 -1117.52  169.532
-103.369 -85.4606  189.522 -104.393  53.2779  104.393 -772.303 -72.6252
-175.786 -15.6177  331.528      -10      -10       10 -1324.09  46.6295
 -164.909  -21.9076    292.42       -10       -10        10  -1108.71 -0.381966
-145.872  -14.922  270.112      -10      -10       10    -1004  23.2428
-145.648 -17.3673   265.63      -10      -10       10 -956.811 -8.56995
-115.437 0.378111  248.474 -28.4459 -28.4459  28.4459 -932.645  24.7997
-67.0229  31.8421  218.238 -67.1979 -67.1979  67.1979 -903.847 -3.84574
-41.1311  39.4319  200.008 -71.4177 -71.4177  71.4177 -867.463  42.7246
-60.6917  17.3436   213.31 -40.1123 -40.1123  40.1123 -855.036 -52.4418
-110.561 -18.1931  254.755      -10      -10       10 -908.534  34.4141
-132.477 -27.3209  276.711      -10      -10       10 -941.845 -4.53947
 -141.12 -31.1455  280.997      -10      -10       10 -923.037 -10.9712
-140.267 -29.2648  277.959      -10      -10       10 -890.715 -7.79992
-135.546 -16.0129  277.022      -10      -10       10 -862.402 -48.2066
-120.225 -14.8193  274.242      -10       10       10 -849.388  43.5106
-110.151  34.2983  306.939      -10       10       10 -927.784 -18.3338
-142.723  52.1151  339.088       10       10       10 -985.348  256.251
-24.4079 -24.4079  24.4079 -19.2494  19.2494  19.2494 -25.9914 -287.154
-168.573 -95.2946  168.573      -10      -10       10
