-19.6159 -75.7565  75.7565  -105.41  97.3457   105.41 -316.841  3.08801
 142.986  82.7801  142.986 -83.5668 -83.5668  83.5668 -1361.38  324.964
-212.457  25.6111  212.457 -118.978 -118.978  118.978 -557.543 -115.498
-308.458 -135.762  538.631      -10      -10       10 -2232.81  18.9473
-262.627 -153.515  344.239      -10      -10       10 -1345.22  2.39434
-163.081 -112.666  267.465      -10      -10       10 -1137.48 -58.8287
-199.083 -121.091  262.637      -10      -10       10  -989.97 -27.7476
-146.991 -84.3737   252.15      -10      -10       10 -987.258  -25.715
-134.977 -53.0784  230.579      -10      -10       10 -826.881  4.00057
-99.5377  32.8003  219.198      -10      -10       10 -678.535  34.9274
-98.4614  71.5285  226.094      -10      -10       10 -623.162  31.9372
-103.443  18.4757   231.17      -10      -10       10 -726.006  42.3187
-121.385 -73.4874  252.446      -10      -10       10 -939.969  18.2327
-148.496 -141.342  278.733      -10       10       10 -1068.96 -12.1837
-150.568 -158.783  283.365      -10       10       10 -1099.64  2.76826
-165.208 -147.836  277.223      -10       10       10  -993.73  -86.726
-135.018 -97.5138   249.68      -10       10       10 -846.404  44.7143
-132.617 -4.11996  233.711      -10       10       10 -595.328 -153.004
-80.2382  89.5431  222.136      -10       10       10 -496.171  387.462
-11.2036 -11.2036  11.2036      -10       10       10 -9.79178 -151.073
-177.271   49.338  177.271  -139.64  -139.64   139.64
