 41.0636  15.9161  41.0636 -44.8046 -42.3317  67.1165 -204.205 -57.9279
       10 -0.807369        10   28.2241  -53.9059   476.691  -868.216   108.286
 28.7689 -24.6872  28.7689  4.97988 -6.58382  304.814 -693.796 -34.4862
      10  5.32679       10  21.6256 -32.2689   311.86 -618.997  67.0198
       10 -0.554727        10   22.9042  -22.0023    309.84  -623.585  -17.9198
      10       10       10   21.097 -30.3483  309.758  -612.46  43.1743
      10       10       10  21.4268 -30.8752  309.039 -613.385 -12.0128
      10 -9.70125       10  20.2611 -11.3432  309.181 -603.908  36.1005
      10      -10       10  20.0856 -14.0941  308.454 -601.553 -21.5865
     -10 -9.29641       10  36.9097 -18.6455  284.633 -550.888  28.9764
      10      -10       10  16.9584 -16.2602  253.177 -512.235 -93.9607
      10      -10       10  18.2639 -18.7963   284.82 -558.267  24.9606
      10      -10       10   22.626 -15.0042  307.933 -613.941  -5.4565
      10       10       10  24.5467 -32.2626  308.217   -627.3  22.8309
  5.2996       10       10  31.5951  -31.298  307.554 -639.889  28.7641
-10.0894  10.0894  10.0894  50.2761 -29.1377  306.069 -658.156  13.7917
-13.7587  13.7587  13.7587   54.279  -33.098  298.171 -663.141  69.2637
 13.7382  13.7382  13.7382  36.1816 -27.8602  314.879  -743.11  3.47911
      10       10       10  40.6623 -38.7302  454.333 -899.954  114.315
-12.3323  7.46932  12.3323  19.6731 -27.5432  27.5432 -114.045 -103.443
      10       10       10 -53.3357 -78.7553  208.495
