 18.7996  24.6587   46.555 -53.6515 -53.6515  53.6515 -194.485 -52.2785
      10       10       10 -105.616 -66.0808  471.118 -827.736  111.723
 2.96851 -21.5236  46.7668 -64.9942 -10.0352   276.06 -666.072 -30.9926
-2.92674  5.85935  21.4305 -57.5947 -33.0391  295.463 -593.475  62.2404
-6.96173 -1.77651  17.2723 -52.6463 -20.4753  300.324 -588.985 -17.9525
-10.9735 -4.88036  19.4702  -50.559 -15.0763  295.558 -576.174   38.779
-14.0842  -7.9921  20.1532 -47.4363 -12.5402  294.259 -575.604 -14.8252
-20.2593 -7.84731  20.8019 -42.2873 -12.7649  293.106 -569.914  33.1754
-20.0706 -7.76552  20.0706 -41.9116 -16.1162  294.665 -573.023 -22.9243
-22.3862 -11.8174  22.3862 -34.8155 -16.1933   267.79 -535.896  29.7823
-21.3945 -19.7306  22.8324 -25.0666 -6.12468  234.454 -504.654 -91.1436
-20.8638 -9.33252  21.8203 -34.5954 -19.2168  268.905 -544.328   26.405
-18.1932 -4.13924  18.1932  -40.087 -20.5747  296.888 -586.584 -5.46123
-17.9292  -1.5044  17.9292 -38.5975 -20.7879  296.823   -593.5   23.107
-17.6712  2.91997  17.6712 -36.5175 -24.1132  297.611 -605.978  26.8839
-14.2707  11.2172  14.2707 -35.2916 -30.5561  300.965 -621.975  16.2171
-22.0419  22.0419  22.0419  -26.126 -42.6621  288.062 -634.253  66.7282
-16.4631  24.7641  24.7641 -27.2382 -40.3789  303.141 -714.484  11.0299
-22.5119  22.5119  22.5119 -59.5995  -54.043  445.364 -878.424  111.774
-14.0665  1.92211  14.0665   10.581  -22.031   22.031 -102.709 -94.3924
-10.0285  10.0285  10.0285 -87.9094 -80.0043  184.931
