 32.4285  29.4439   40.743 -53.3775 -53.3775  53.3775 -248.056 -17.3009
 16.3644  16.3644  16.3644 -103.348 -72.7033  457.729 -865.506  118.022
  29.625  -7.9393  66.3767  -85.167 -24.2434  254.074 -733.952 -13.8979
 22.7849  22.9872  35.8445 -75.6783 -50.2426  282.094 -649.214  69.7013
   15.48  9.43917  25.2442 -64.3175  -32.028  292.211 -629.737 -8.67133
  10.942  2.95812  23.8004 -60.3391 -22.8628  292.363 -607.378  44.7659
  11.3325 -0.841994   22.4575  -58.9844  -19.4521   293.449  -601.769  -7.40332
  10.465  -5.1123  27.2976  -59.224 -15.3697  288.259 -596.163  35.5152
-1.11055  -6.4597  26.7235   -45.88 -17.3217  289.248 -595.037 -18.8823
-26.3448 -10.2697  26.3448 -16.8389 -18.5066  267.146 -547.847  29.1293
-0.31814 -21.4525  33.5337 -35.5564 -5.70468  228.289 -516.683 -93.1239
 8.05298 -11.5515  31.0565 -48.3054  -18.356  263.428 -558.135  26.3369
 8.77739 -7.74913  26.3019 -48.1365  -18.403  292.278 -599.697 -7.02173
 7.10733 -6.31009  27.3205 -43.6094 -16.5411  290.963 -605.777  21.6055
-2.72612 -2.86382  28.9481 -30.2183 -19.3715  289.341  -617.14  21.8742
 -27.8117   2.26574   27.8117 -0.295091  -20.6359   290.163  -627.955    13.486
-31.5729  12.8707  31.5729  6.72753 -30.8006  280.995 -630.153  54.6384
-1.31974  30.6245  30.6245 -17.9215 -40.1233  306.178  -699.96  3.86675
-6.54085  24.6342  24.6342 -30.3165 -46.2476  438.929  -857.69  84.2918
-17.2494  4.20216  17.2494  5.24369 -21.6145  21.6145  -49.213 -131.377
-5.49482  31.4876  31.4876 -94.4282 -101.252  155.957
