 22.7046  25.0128  41.1618 -49.4664 -49.4664  49.4664 -229.878 -23.4543
 10.3024  10.3024  10.3024 -117.275 -66.3173  460.851 -838.706   114.67
 4.13019 -7.94701  66.7196 -75.1938 -24.1471  250.118 -721.502 -18.6113
  1.5475  20.8652  46.4223 -71.5318 -48.4825   268.12 -654.719  65.6458
-2.58531  6.16056  44.6654 -65.3311 -28.6421  268.804 -647.001 -10.0444
-6.50207 -1.06358  48.2292 -63.1441 -18.5609  264.044 -632.766  41.5489
-8.43963 -7.34843  49.1785 -60.3522 -12.6608  263.346 -631.159 -9.64096
-20.8854  -7.1832  50.9776 -48.3797 -12.9992  260.837 -622.688  34.3815
-38.6724 -8.18135  47.0519 -28.5079 -15.5896  266.369 -620.122 -20.4883
-47.7263  -12.936  47.7263 -13.6932 -15.5312   240.81 -575.078  30.4206
-31.8398  -21.692    53.71 -19.5828 -5.35108  202.701 -547.938 -93.0506
-18.0646 -13.3965  53.6962 -41.5714 -16.3623  236.462 -588.071  27.7437
-18.4028 -8.80934  51.3414 -42.9578 -16.9482  263.265  -630.84 -8.13513
-16.9144 -7.78481  51.0805 -42.3204  -15.067  264.456 -634.748  23.4502
-29.5338 -5.43391  48.8339 -26.0537 -15.9187  267.575 -641.339  20.6897
 -23.7536 -0.442557   46.7808  -27.0595  -17.8759   268.759  -649.801   15.2211
-41.3214  13.2495  41.3214 -4.40705 -30.9868  269.798 -642.962  55.8642
-35.1013  35.1013  35.1013 -4.83214  -45.792   296.57 -701.995  8.47435
-27.1936  27.1936  27.1936 -40.1403 -49.6386  437.206 -863.621   92.144
 -17.322  3.14378   17.322  4.66965 -21.0118  21.0118 -58.9186 -118.577
-27.9587  27.9587  27.9587 -75.2254 -97.7702  156.293
