 45.1125  45.1125  45.1125 -28.7778 -74.0264  90.5502 -313.299  30.6869
  34.833   34.833   34.833  57.2479 -94.9615  359.911 -920.236  328.033
  32.118  17.1739  62.1116  39.0662 -38.0825  266.096 -772.099 -61.5503
 49.3302  49.3302  49.3302  33.3879 -85.7745  301.663 -799.116  148.461
      10       10       10  81.2514 -24.2434  295.843 -694.737 -43.2663
 23.3705  23.3705  23.3705  63.4655 -49.7703  275.317 -670.443  76.8867
      10       10       10  87.4037 -35.0308  292.175 -673.808  9.97728
 12.1865  12.1865  12.1865  87.8128 -36.0414  289.915 -667.779   49.162
-1.92292       10       10  106.082 -33.5327   286.06 -657.336 -25.4634
      10       10       10  89.0158 -39.4303  266.027 -601.726  39.2133
      10 -8.89419       10  83.0795 -16.3174  242.746 -542.848 -88.3464
 9.98042      -10       10  95.8564 -18.0909  258.771 -589.842  12.1768
      10      -10       10   111.08 -12.4522  282.201 -648.437 -6.50044
      10      -10       10  117.562 -16.3509  284.263 -658.411  14.9001
      10      -10       10  122.239 -14.0412   281.49 -659.161  29.7418
 8.52248      -10       10  131.402 -11.2833  283.182 -675.614  15.3914
      10      -10       10  131.581 -8.57987  274.229 -663.469  31.7241
 13.0923 -13.0923  13.0923  150.505 -17.3724  301.831 -751.005 -47.6004
 10.9787 -10.9787  10.9787   233.19 -21.5704  459.776 -1052.68  18.8128
     -10      -10       10   9.2519 -17.2859  17.2859  29.2993 -188.046
-18.2216  70.8515  70.8515  -73.602 -132.487  132.487
