  32.135   32.135   32.135   6.8215 -63.6007  84.8908 -287.679 -25.9748
      10       10       10  139.514 -67.2095  396.675 -895.456  230.167
 34.2675  1.24931  34.2675  91.8963 -28.0619  295.684 -777.839 -60.7919
 21.7166  21.7166  21.7166  99.4686 -49.4239  281.957 -707.584   109.97
 16.1599  16.1599  16.1599  109.831 -40.2622  283.175 -705.004 -25.6842
 11.2664  11.2664  11.2664  116.188 -33.5194  286.159 -689.091  67.6382
      10       10       10  121.171 -33.5955  285.233 -691.497 -10.3949
      10       10       10  121.761 -32.4524  284.229 -681.787  49.8525
      10       10       10  122.717 -35.3038  280.033 -673.961 -14.2689
     -10       10       10  131.848 -37.4085   257.57  -607.69  33.8583
      10      -10       10  103.188 -16.7368    236.4     -553 -98.6302
      10      -10       10  115.593 -17.6039   254.35 -602.784  20.9684
      10      -10       10  129.918  -14.163  273.962 -661.275 -8.57056
      10      -10       10  134.573 -12.0727  274.002 -673.799  20.3429
      10       10       10  137.579 -30.4895  272.988 -679.558  19.1622
     -10  3.91958       10  160.413 -25.2138  269.646 -683.943  4.19116
     -10      -10       10  161.962 -13.9833  266.129 -680.933  40.8408
      10      -10       10  161.609 -16.1513  288.035 -765.313 -11.6526
      10      -10       10  227.854 -27.7414   427.09 -1005.19  50.6614
     -10      -10       10  25.7258 -18.4399  29.6991 -62.8542 -171.424
 55.3936  55.3936  55.3936 -101.024 -123.323  177.539
