 28.9788  28.9788  28.9788   18.989 -61.5859  86.0423 -291.874 -26.9092
      10       10       10  163.313 -68.7796  377.307 -897.877  246.619
 29.8827  4.09594  29.8827  118.625 -30.4937  293.226 -785.884 -74.4516
 20.5682  20.5682  20.5682  121.191 -48.3626  274.566 -719.115  115.745
 17.3843  17.3843  17.3843  128.349 -41.8088  272.438 -717.328 -30.7666
 14.1539  14.1539  14.1539  132.794 -36.3286  273.478 -703.931  69.3114
      10       10       10  141.501 -33.6713  275.315 -704.926 -10.9371
      10       10       10  142.068  -32.507  274.513 -695.286  50.1047
      10       10       10  142.869 -35.5002  270.108 -687.598  -15.208
     -10       10       10  150.403 -36.9684   248.34 -620.411   32.255
      10      -10       10  120.272 -16.5027  228.287 -564.508 -99.9151
     10     -10      10 133.332 -17.342 243.285 -612.85 21.5843
      10      -10       10  148.883 -14.3142  261.885 -671.282 -6.56064
      10      -10       10  153.978 -12.3555  262.593 -685.339  19.9331
     10      10      10 157.058  -30.72  261.83 -691.58 17.3095
     -10 0.696528       10  179.842 -22.8526  258.689 -696.304  6.50096
     -10      -10       10   181.62  -15.184   255.67 -695.878  38.8149
      10      -10       10  184.066 -18.6843  278.508 -786.077 -9.17458
      10      -10       10  262.562 -29.7168  414.435 -1048.68  48.9004
     -10      -10       10  29.5619 -19.8231  32.6274 -64.7299 -176.568
 60.4123  60.4123  60.4123 -100.201 -129.014  175.384
