 37.2123  37.2123  37.2123 -35.5959 -61.0361  64.6715 -286.084 -6.65327
 15.9987  15.9987  15.9987 -17.4226 -71.3582  478.821 -934.419  168.334
 78.9013  13.8615  78.9013 -75.2346 -46.9592  238.297 -773.263 -21.4779
  22.441   22.441   22.441 -11.8055 -48.8748  303.489 -672.141  86.5236
      10       10       10  6.01786 -32.3397  314.833 -652.902 -7.17817
      10       10       10  5.14498 -30.2368  307.337 -618.696  53.1816
      10       10       10  7.62206 -30.7941  307.542 -617.676 -2.12679
      10 -2.36349       10    8.539 -18.1696  314.842 -617.697  39.4505
      10      -10       10   10.832 -14.3345  308.249 -604.605 -21.3795
     -10 0.035786       10  30.4243 -28.7053  284.655 -553.568  30.0986
      10      -10       10  11.7954 -17.5235  253.699 -503.879 -88.5716
      10      -10       10   15.886 -19.6718  284.575 -555.649  26.5315
     10     -10      10 21.5393 -15.696 308.863 -605.69 -10.323
      10      -10       10   25.517 -12.8773  309.679 -613.882   21.314
      10 0.879662       10  29.4561 -22.4168  308.977 -620.401  19.5743
     -10       10       10  53.4871 -28.1811  307.872 -626.837   10.391
     -10       10       10  56.1478 -27.4976  303.696  -620.45  45.8008
      10       10       10  46.1934 -19.5839  324.689 -684.912 -16.1736
      10       10       10  54.3793 -33.9465  439.928 -819.417  59.4372
-16.5125  8.10327  16.5125  11.9702 -26.7375  26.7375 -37.6749 -159.265
47.8695 58.5187 58.5187  -127.2  -127.2   127.2
