-4.14042  44.9994  44.9994  8.61647 -66.1669  70.8509 -538.536  96.5511
-87.8338  47.5253  87.8338 -49.0185 -108.131  567.775 -1410.64  195.908
-34.9493 -54.2659  130.499 -22.5052  19.3774  203.276 -928.374 -1.71348
-27.3091  46.5901  218.782 -44.1071 -74.7809  74.7809 -905.893  99.8994
 -21.5141   37.3513   239.372  -44.2408  -62.7511   62.7511  -946.719 -0.656418
-23.3796  24.4123  260.713 -44.8136  -46.305   46.305 -941.864  64.4134
-26.3418  13.0638  272.329 -36.0755 -36.0755  36.0755 -950.664  2.13622
-31.1575  5.32312  282.477  -30.272 -27.3077   30.272  -942.47  51.7369
-31.1584 -1.77996  286.795 -23.8827 -23.8766  23.8827 -936.789 -12.7038
-40.0524 -19.1658  277.137      -10      -10       10 -857.145  38.3642
 -29.1738   -28.575   248.018       -10 -0.140434        10   -762.96  -111.567
  145.656  -32.1196   145.656  -158.327 -0.697129   158.327  -729.251    37.095
  159.98  -31.631   159.98 -167.772  1.48253  167.772 -783.891   3.8874
 169.025 -36.6286  169.025 -170.552  10.7226  170.552 -810.608  17.6809
 25.1298 -33.6518  276.328 -43.4791  11.7641  43.4791 -874.212  23.9445
 6.19495 -24.3746  298.733 -23.6915  11.5177  23.6915 -886.112 -35.9251
 4.67076 0.952287  295.961  -16.616 -6.48949   16.616 -858.253  41.6754
 6.99751  66.6229  264.508 -10.5468 -47.6457  60.6731 -812.853 -118.344
 22.3578  42.0362  213.113 -31.7612 -31.7612  31.7612  -572.61  80.3173
-22.9746 -18.0515  22.9746  -13.452   13.452   13.452  125.828 -331.493
 -93.805  5.62113   93.805 -35.1304 -82.8345  82.8345
