-83.2302  83.2302  83.2302  64.4753  -117.53  123.822 -492.367 -51.0217
      10      -10       10 -11.2309    -46.5  535.413 -1033.96  174.532
-61.6411 0.910004  61.6411   67.811 -32.9456  207.584  -660.73 -1.16077
 16.0291  16.0291  16.0291 -4.16648 -41.8934  342.065 -726.038  69.3435
    15.2578     15.2578     15.2578 -0.00441095    -39.9029     294.956    -639.709     15.0948
 18.9785  18.9785  18.9785 -2.59619  -39.071  325.586 -694.282  41.5744
 139.816   22.789  139.816 -148.598  -45.395  148.598 -726.721  1.84313
 17.6676 -17.6676  17.6676   5.6711 -2.57604  331.975 -697.371  34.9279
 145.441 -1.82011  145.441 -150.639 -23.7689  150.639 -737.749 -2.83848
 147.162 -18.3258  147.162 -151.066 -8.61371  151.066  -734.93  5.05248
  109.31 -25.1471   109.31 -108.323 -3.25343  108.323 -546.968 -64.3517
 30.3851 -30.3851  30.3851  -4.5289  2.70257  285.634 -622.637   7.0713
 141.537 -7.95478  141.537  -140.18 -17.4087   140.18 -681.901  1.29216
  14.1569  -14.1569   14.1569   24.5093  -7.20517   319.874   -648.02 -0.603192
 11.5874  11.5874  11.5874  29.7038 -32.2697  314.192 -631.383  47.7048
-137.245   5.8715  137.245  158.519 -24.1798  158.519 -753.898 -31.3643
 38.7877  38.7877  38.7877  7.73172 -55.5166  305.366 -708.833  85.0838
     -10      -10       10  63.8143  2.48137  287.802 -616.766 -74.8887
     -10      -10       10  70.8323 -18.4913   434.85 -769.709  157.246
-12.0579  12.0579  12.0579  20.2083 -23.4042  28.7357 -103.517 -276.711
 44.2824  44.2824  44.2824 -111.384 -108.071  111.384
