-84.9697  84.9697  84.9697  52.1747 -116.845  117.368 -510.424 -31.2087
 10.1134  10.1134  10.1134 -57.2357 -69.6063  524.422 -1016.21  156.206
-61.4639 -6.48945  61.4639  41.4883 -26.7717  220.647 -668.891  -1.7768
-16.1942  16.1942  16.1942 -5.17346 -43.0716  332.488 -689.474  65.5331
 14.0482  14.0482  14.0482 -28.7757 -37.8779  298.411 -620.268  7.90399
 27.2982  27.2982  27.2982 -44.8503 -47.7515  304.413  -660.94  39.4129
  134.746   5.61696   134.746  -171.243   -26.289   171.243   -732.87 -0.409635
 141.058 -49.8409  141.058 -177.147  30.6481  177.147 -751.935  20.2063
 138.855 -2.51272  138.855 -172.139 -21.0651  172.139 -734.755 -5.25842
  130.12 -4.69152   130.12 -158.712 -23.9956  158.712 -680.679  6.95278
 102.971 -21.2018  102.971 -122.594 -7.56388  122.594 -532.715  -63.279
 45.7787 -45.7787  45.7787 -52.1062    16.98    259.7 -607.165  4.91302
 134.255 -9.79266  134.255 -156.532 -15.5676  156.532 -679.981  8.49094
 37.4345 -9.18254  37.4345 -33.6141 -13.2402  293.019 -657.373 -1.20842
 13.8798  13.8798  13.8798 -1.75366 -35.3296  304.181 -613.777  53.5965
-65.9256  5.77481  65.9256  74.1977  -23.966  255.777 -693.726 -27.0034
 22.1632  22.1632  22.1632 -3.66827 -39.4918  306.091 -647.866  96.3325
-32.4982  32.4982  32.4982  55.1693 -38.7366  274.626 -642.472 -79.8218
     -10      -10       10  35.6113 -18.4827  443.093 -804.093  176.551
-14.4121  14.4121  14.4121  12.7521 -25.6799  25.6799 -70.3856 -288.369
 38.0707  38.0707  38.0707 -122.961  -105.51  122.961
