-6.58357  38.9614  61.5384 -13.4231 -68.9718  88.1523 -368.803 -9.31142
-7.52277  10.6191  10.6191 -26.9115 -66.9426  525.699 -1000.82  133.463
 9.30761  7.98324  76.0585 -26.1677 -43.3382  227.023  -732.51 -10.4499
 15.0817   10.026  25.9544 -27.9826 -35.3663  307.151 -677.707  76.1605
 25.0128  13.8497  27.9748  -34.784 -36.7342  286.951 -646.128 -1.87393
 33.3663    10.25  33.3663 -44.1808 -29.8101  284.109 -642.705  46.6847
 39.2959  4.94262  39.2959 -49.4941 -25.3664  279.361 -647.108 -1.13722
 44.7985  1.00753  44.7985 -54.9442 -21.5428  274.839 -647.535  34.7311
 55.6354 -2.10926  55.6354 -66.3658 -21.9322  264.637 -656.497  -11.363
 63.7077 -10.3719  63.7077 -74.7765 -18.5064  231.593 -612.962  22.8268
 54.8982 -23.0599  66.9068 -63.4823 -5.31914  184.309 -541.791 -83.7204
 39.5569  -18.166  50.0665 -43.9858 -11.9426  245.242 -590.688  14.3942
 32.3422 -7.77376  38.5212 -30.2403  -17.778  281.668  -630.05  5.22906
 37.6953 -7.97383  39.3366 -31.6552 -15.5958  283.193 -642.831    3.928
 43.7667 -4.46452  43.7667  -34.727  -17.172  275.268 -648.996  42.4323
 47.6625 -1.46255  50.5363 -34.7756 -16.7999  270.807 -674.179 -20.7516
 47.2442  9.76571  47.2442 -32.1557 -27.3949  269.798 -657.272  85.5254
 18.3024     23.3  28.5085   8.4169 -28.9971  299.402 -680.965 -63.5131
-1.47383  14.9491  14.9491  26.9538 -38.4757  413.973 -766.997  129.982
     -10 -7.12731       10  7.58116 -9.39132  18.0825 -36.9666 -203.591
0.192281  51.3142  51.3142 -84.7228  -122.23   122.23
