-9.29105  51.0311  67.6746 -5.45157 -81.3892  103.923 -408.526  -20.009
      10  5.71265       10  -13.617 -61.2807  476.631 -923.223  153.463
 21.6756  2.39596  64.4907 -20.5856 -34.9726   233.26 -702.044 -15.2124
 22.5697  17.0425  22.5697 -16.8799 -42.1391  314.455  -684.62  78.4146
 20.7761   19.011  20.7761 -11.4335 -41.8619  292.211 -641.524 -2.92958
 26.7845  11.3242  26.7845 -18.4901 -30.7864  294.513 -648.486  47.4133
 35.1658  6.01091  35.1658 -26.8839 -27.0323  280.551 -643.041 -1.36532
  33.1271 -0.276047   33.1271  -22.6653  -20.5157   287.343   -643.49   35.1345
 49.2777 -3.02734  49.2777 -40.9572 -21.5862  268.206  -649.43 -11.4683
 54.5767 -11.3477  54.5767 -47.2376 -18.1386   249.58 -620.571  23.4966
 54.8636 -20.0356  54.8636 -47.3402 -8.43082  219.653 -564.022  -85.459
 30.2171 -20.9791    36.29  -14.578  -9.5512   268.57 -598.171  15.5928
 28.9576 -6.24209  29.6959 -7.22316 -19.7226  287.501  -622.53  4.99419
 30.0035 -7.38015  30.0035 -3.37965 -16.2185   290.45 -640.529  5.22127
  35.5715 -0.999027   35.5715  -6.54265  -20.6179   282.468  -649.027   41.4679
 38.8304  1.92038  42.9391 -5.51797 -20.9645  275.639 -675.635  -20.036
 44.3042  14.5003  44.3042 -9.72743 -32.3015  278.446  -676.05  85.3542
 17.1041   17.915  19.3751  30.1873 -25.5553  301.682 -674.504 -68.1432
 2.84549       10       10  49.1953 -35.3809  422.158  -782.68  138.669
-9.39807 -8.24843   12.437  9.28991 -7.38766  22.6331 -53.9302 -226.415
 7.71237  45.1868  45.1868 -83.0016 -112.075  131.125
