 68.0152  68.0152  68.0152  -83.988 -98.2769  98.2769 -357.066 -49.3213
 58.4216  58.4216  58.4216 -53.6177 -121.711   462.34 -1064.09  167.146
 65.9293 -65.9293  65.9293 -43.4279  24.1903  259.006 -791.151 -7.28061
 82.3676  82.3676  82.3676 -76.0761 -121.964  296.268 -827.453  84.4708
      10      -10       10  15.1211 -28.2355  344.734 -708.281 -2.45729
      10      -10       10  14.0105 -24.6822   327.24 -658.802   47.376
     -10      -10       10  34.9487 -24.6656  314.278  -627.09  4.73449
     -10      -10       10  35.7903 -21.7579  301.647 -597.116  30.5625
 43.4248  43.4248  43.4248 -24.9278 -74.5245  248.506  -588.92 -6.51698
      10      -10       10  14.9139 -15.1849  261.227 -507.647  17.0851
     -10      -10       10  36.1155 -7.81092  238.615 -471.968 -74.0641
     -10      -10       10   38.536 -15.8433  259.947 -498.943  9.18462
     -10      -10       10  45.9825 -22.6337  282.635 -551.207  2.72334
      10      -10       10  31.5902 -24.6311  299.253  -585.28  4.19293
     -10      -10       10  58.6969 -26.0924  308.018 -615.926  29.7516
     -10      -10       10  66.0954 -24.1287  325.251 -656.466 -10.5873
     -10      -10       10  76.1936 -24.1258  338.976 -704.072  64.3766
 30.5668 -30.5668  30.5668  44.9728  12.2713  374.627 -830.708 -44.0924
 115.102  115.102  115.102 -73.5543 -155.094  155.094 -682.812  125.122
 12.6763 -12.6763  12.6763 -5.03402  12.6886  27.3618 -90.7529 -201.639
 49.8541 -10.8478  49.8541 -141.419 -54.8607  141.419
