-49.0964  49.0964  49.0964  37.7342 -71.4136  71.4136 -295.197 -20.0353
 30.4504  30.4504  30.4504 -53.5625 -92.1918  471.003 -966.441  137.245
 35.4498 -35.4498  35.4498 -38.7266 -2.32725  326.332 -769.927 -6.68119
 30.5006  30.5006  30.5006 -29.3419 -71.9762  333.499 -766.316  81.6299
-22.2423  22.2423  22.2423  26.2357 -62.3937  323.528 -706.757  13.1701
-10.8376  10.8376  10.8376  19.4073 -46.4251  321.368 -661.288  50.9838
-10.3708  10.3708  10.3708  19.6024 -45.3572   311.68 -627.733  12.0906
-10.2989  10.2989  10.2989  20.2847 -42.3567  302.416 -598.845  36.4447
     -10       10       10  20.4307 -41.7637  292.034 -566.345 -5.91416
     -10       10       10  20.5683  -37.079  275.237 -525.146   22.815
 13.1833 -13.1833  13.1833 -2.87744 -8.22982  261.874 -500.016 -90.6573
 13.0286 -13.0286  13.0286   1.4366  -14.779  269.782 -518.482   17.308
      10       10       10  10.2506 -41.0549  287.814 -550.755 -1.23141
 11.5807 -11.5807  11.5807  13.6034 -20.7025  293.486 -574.248  13.1526
-12.6497  12.6497  12.6497  41.3989 -45.7813  299.969 -590.856  24.1057
 10.1983 -10.1983  10.1983  23.1762  -22.066  311.988 -605.375 -7.73621
      10      -10       10  27.6551 -20.2167  310.483 -608.193  48.4053
 14.8293  14.8293  14.8293  27.9094 -38.1877  331.841 -660.207 -50.4227
      10      -10       10  36.9069 -22.0236  385.306 -703.789  92.1852
-10.1275 -10.1275  10.1275  10.9354  4.96699   19.212 -47.2329 -164.106
 -14.834   14.834   14.834 -79.9885 -78.3269  217.765
