 55.1431  55.1431  55.1431 -75.7938 -75.6289  75.7938 -212.195 -61.1192
      10       10       10  23.3788 -76.0948  493.904 -978.587  153.051
 72.4455  11.9045  72.4455  -46.459 -51.6123  263.069 -791.689 -4.31134
 10.5974  10.5974  10.5974  27.5326 -50.6787  360.304 -758.684  82.3345
 11.1376  11.1376  11.1376  27.0001 -48.6895  327.733 -696.264  8.69606
 12.5094  12.5094  12.5094  24.0459 -46.0273  315.305 -660.711  48.9244
 14.1106  14.1106  14.1106  22.8933 -47.8249  301.283 -634.952  9.74562
 11.5326  11.5326  11.5326  25.4484 -41.7727   296.61 -606.407   33.013
     -10      -10       10  47.3865 -20.7176  288.898 -578.919 -2.36198
 14.6317  14.6317  14.6317  20.4659 -40.6194  269.316 -547.574  19.3807
      10      -10       10  27.0173 -10.1799  262.614 -522.223 -80.5098
      10      -10       10  29.9501 -17.7226   273.79 -537.414  14.3499
     -10      -10       10  55.1015 -21.3525   286.43 -565.886  2.48063
     -10      -10       10  59.2459 -22.8992  293.823 -582.639  6.22766
      10      -10       10  43.7356 -24.0247   299.48 -598.509  27.9146
     -10      -10       10  68.1594 -23.7858  306.031 -614.286 -10.6872
     -10       10       10  71.6165  -44.343  318.743 -628.734  46.0778
      10      -10       10  58.8743 -15.5865  333.124  -664.88 -48.3289
     -10      -10       10  88.4555 -27.9632   397.99 -743.975  67.0736
      10       10       10  3.12156 -16.1706  27.0218 -111.746 -108.145
 59.9412  59.9412  59.9412 -147.046 -123.929  147.046
