  31.424   42.554  57.6161 -66.7681 -66.7681  66.7681 -298.094 -33.9518
  34.657   34.657   34.657 -128.305 -95.4786  476.949 -995.262  133.223
 89.9131  3.51113  89.9131 -144.439 -49.7303  235.211 -800.112 -10.5768
 36.9793  36.9793  36.9793 -97.4713 -73.8085  361.912 -813.704  70.9865
-130.246 -130.246  130.246  85.9412  102.908  102.908 -661.547  18.4939
 30.2416  30.2416  30.2416 -80.8218 -61.5634  349.927 -752.752  46.8842
 102.013  102.013  102.013 -146.816 -146.816  146.816 -607.318  6.18821
      10      -10       10  -47.236   -18.68  331.412 -635.907  38.1335
  19.769   19.769   19.769 -57.0454 -52.1081  299.775 -590.935 -12.5143
 93.3447 -45.0232  93.3447 -138.085  20.1352  138.085 -498.898   15.436
     -10      -10       10 -20.0674 -11.0874  277.665 -503.423 -92.9703
      10      -10       10 -36.1225 -18.1045  278.369 -509.679  18.1392
 11.4253  11.4253  11.4253  -33.921 -45.4412  291.318 -547.858  5.21179
  14.326   14.326   14.326 -33.8182 -48.5697  294.054 -566.377  15.2123
      10      -10       10 -24.2916 -26.6352  313.742 -597.312  23.6124
  12.159  -12.159   12.159 -22.1091 -20.3404  323.057 -630.114  1.43834
 12.2124 -12.2124  12.2124 -20.5748 -20.8058  332.825   -639.7  61.5684
 17.5076  17.5076  17.5076 -19.5474 -35.5161  370.676 -745.426 -41.9492
 158.886  28.7737  158.886 -197.951   -50.15  197.951 -779.957  88.1521
-10.7485 -10.7485  10.7485  10.8103  12.0048  19.4339 -66.1954 -158.804
-55.3468  55.3468  55.3468 -59.5482 -127.433  127.433
