-45.1183  45.1183  45.1183  36.2769 -67.4963  67.4963 -276.806 -14.5595
 29.8031  29.8031  29.8031 -47.4873 -90.1077  452.488  -931.77  146.384
 34.3961 -34.3961  34.3961 -34.2489 -2.71635  319.558 -752.549 -10.2154
 32.6176  32.6176  32.6176 -28.5058 -73.4002  324.174 -754.033  81.6273
  -26.44    26.44    26.44  33.8994 -65.6585  312.214 -702.331  11.7853
-19.3213  19.3213  19.3213  30.5263 -54.0685  307.054 -664.777  52.4091
 -17.823   17.823   17.823  30.1046 -52.3485   302.12 -637.486  11.8919
-16.6805  16.6805  16.6805   30.746 -48.1212  296.887 -616.577  38.1299
-16.5629  16.5629  16.5629  31.4333 -47.9808  290.436 -593.055 -4.20933
-18.9074  18.9074  18.9074  32.7695 -46.3281  278.331 -562.393  24.0277
      10      -10       10  7.67142 -9.37232  300.691 -567.933 -91.1743
  97.362  -97.362   97.362 -101.676  68.8126  101.676 -457.222  18.9135
 20.0151  20.0151  20.0151  5.29842 -49.6441  303.071 -614.601 -4.33823
      10      -10       10  21.4023 -23.6354  306.171 -596.327  14.5418
-16.8708  16.8708  16.8708  50.5379 -50.5386  302.723 -611.392  21.5564
      10      -10       10  29.5705 -23.5926   317.19 -618.431 -4.57502
      10      -10       10  33.7953 -21.7115  321.517 -627.271  43.5636
 16.2975  16.2975  16.2975  32.6748 -40.5892  339.721 -677.302 -47.4508
      10      -10       10  44.8833 -23.0958  400.914 -726.638  72.7779
-10.1148 -10.1148  10.1148  10.1557  3.09821   18.977 -39.7083 -153.393
-14.5381  14.5381  14.5381 -76.6843 -76.2514  212.543
