-28.5593   41.357   41.357  11.5807 -55.0591  55.0591 -254.879 -10.6626
     -10       10       10 -58.2243 -71.8454  466.703 -882.267  121.687
-13.3062  14.6287  91.1654 -37.1863 -56.3096  233.688 -763.116 -10.0458
-11.2385  11.2385  11.2385 -27.5433 -52.2261  356.096 -720.238  68.1635
 10.5709  10.5709  10.5709 -44.1775 -48.7011  330.617 -663.708  9.70966
-13.5914  13.5914  13.5914 -19.0885 -47.9334  316.574 -633.728  43.4319
-14.5904  14.5904  14.5904 -16.2229  -47.606  306.988 -610.588  6.74057
 12.9667  12.9667  12.9667 -42.7361 -43.8712    300.4 -579.489  30.7288
-3.23605  17.9499  17.9499 -25.9231   -46.38  295.991 -582.862   -11.08
 84.6112 -84.6112  84.6112 -118.866  59.7912  118.866 -444.624  17.9394
-17.5766  17.5766  17.5766 -8.36844 -37.6267  273.086 -523.543 -86.7232
      10      -10       10 -30.1526 -17.9413   276.69  -512.29  17.8065
       10       -10        10  -26.5826  -21.8604   291.245  -548.134 -0.852209
      10      -10       10 -22.8293 -23.0016  300.017 -572.055  19.4417
      10       10       10 -19.2643 -45.1022  307.614 -592.342   25.253
      10       10       10 -15.6361 -44.2536  317.635 -616.152  8.61927
      10       10       10 -13.4976 -43.2167  333.835 -643.272  49.2729
      10       10       10 -9.35851 -35.7528    361.5  -700.35 -23.8305
      10       10       10 -13.7534 -38.8858  424.876 -776.255  78.8453
 10.9128  10.9128  10.9128 -16.2444 -16.2444  16.2444 -33.9218 -139.528
-60.6354  60.6354  60.6354 -55.0858 -127.887  127.887
