-79.1668  79.1668  79.1668  55.2492  -110.82   110.82 -399.697 -65.0244
     -10      -10       10  16.8769 -46.6474  537.471 -1052.95   166.97
 65.9475 -8.67818  65.9475 -53.7224 -45.6059  236.888 -731.053  -1.9105
 46.7919  46.7919  46.7919 -33.7883 -80.7868  331.918 -812.553  83.2199
  33.502   33.502   33.502 -14.6097 -70.6812  297.274 -711.901  11.2197
 16.8669  16.8669  16.8669  2.55276 -47.8274  345.116 -713.456  48.1744
 111.267 -111.267  111.267 -117.374   77.724  117.374 -549.213 -8.62545
     -10       10       10  31.9808 -38.7796   336.75 -651.301  32.4929
      10       10       10  14.3944 -42.2471  287.966 -573.038 -4.86144
      10       10       10  12.0397 -32.6665  304.872 -570.249  19.7849
 74.2889  74.2889  74.2889 -68.7427 -104.228  104.228 -423.168 -84.8681
  18.569  -18.569   18.569  6.89689 -6.19314  295.888 -573.468   12.383
 18.5664 -18.5664  18.5664  14.3268 -14.0832  284.186 -582.255  2.90501
 15.9931 -15.9931  15.9931  22.5682 -16.6312   308.77  -619.09  9.51271
 11.8722 -11.8722  11.8722  34.1443 -22.4789  308.676 -628.524  34.3889
     -10       10       10   63.576 -41.4073  354.304 -697.522 -7.16048
-112.187  112.187  112.187  140.374 -140.374  140.374 -648.144  67.4052
-130.272 -130.272  130.272  166.365  109.277  166.365 -754.733 -56.6951
     -10       10       10   80.699 -48.3048  446.128 -814.301   121.89
 11.7156  11.7156  11.7156 0.325909 -12.7536   28.579 -117.498 -222.369
   46.28    46.28    46.28 -126.543 -126.543  126.543
