-35.8643 -35.8643  35.8643 -41.0404  10.6387  500.657 -915.541  58.7729
-83.3303 -83.3303  83.3303  19.1887  19.5333   371.78 -934.245 -25.5964
-45.9079 -45.9079  45.9079  12.8824  19.1236  287.978 -698.604  39.0644
-16.1404 -16.1404  16.1404 -13.6428 -14.2729  308.365 -589.876 -17.9789
     -10      -10       10 -14.3243 -12.9929  309.691 -572.604  13.9789
       10       -10        10  -31.0313  -14.1265    308.98  -572.395 -0.552666
      10  1.30404       10 -27.5896 -27.5022  309.476 -577.263  7.40638
      10      -10       10 -22.0574 -16.6973  312.226 -598.429  20.3089
-33.2904  33.2904  33.2904  16.5906 -71.5267  286.743 -615.885  -2.6882
 51.2975  51.2975  51.2975 -59.0943 -79.0567  212.242 -594.987  15.0736
 79.6602 -17.6052  79.6602 -90.7477 -4.57161  150.313 -563.447 -74.5602
 71.1151 -49.9407  71.1151 -84.1192  21.9565  241.876 -657.802  48.5986
 48.1947  48.1947  48.1947 -46.5871 -66.9833  281.894 -705.151 -6.94716
 142.966 -2.47567  142.966 -159.798 -24.8387  159.798 -770.903  42.4721
 128.626  20.3115  128.626 -137.293 -48.2458  199.363 -808.539 -2.03703
 91.1364  46.4244  150.114 -103.242 -72.7797  168.807  -809.72       47
 98.2522  34.2943  156.715 -109.728 -63.0902  163.137 -815.172 -18.3225
 153.779 -8.75345  153.779 -160.002 -1.66488  160.002 -804.307  41.3919
-90.0649 -108.528  125.755  80.1715  80.1715  80.1715 -544.949 -34.6935
-43.1934 -50.7855  56.6976  52.4445  52.4445  52.4445 -336.219 -12.5583
 -14.242  -14.242   14.242 -63.2604 -47.6101  199.767
