 -45.273  50.2079  50.2079  52.5609 -52.5609  52.5609 -391.617  113.054
-88.1834  88.1834  88.1834  56.4496 -145.934  145.934 -426.463  7.29464
-36.4484  25.4248  75.1197  21.8123 -45.9242  199.041 -601.191  20.4314
-13.4024  13.4024  13.4024  18.4279 -54.1956  313.976  -624.57   7.6254
      10       10       10  -1.3987 -42.8148    316.1 -628.991   35.864
      10       10       10 0.386549 -44.9924  313.599 -619.849  18.2298
      10      -10       10  2.60717  -20.425  312.225 -620.462  19.0672
      10      -10       10  3.30986  -18.704  309.617 -607.826  25.6411
      10      -10       10  7.40585  -9.3768  305.983 -622.352  -5.1076
 31.6832 -31.6832  31.6832 -26.6205  8.44185  281.742 -576.232  42.1285
 20.1738 -20.1738  20.1738  2.11125  8.99348  226.145 -551.717 -58.2149
 47.4803  47.4803  47.4803 -17.9326 -62.4587  218.055 -688.587  32.5705
 57.4133  2.80519  78.1794 -41.2299 -33.1172  242.235 -734.134 -1.95057
   82.97 -47.0052   107.08   -71.36  21.3055  210.548 -759.668  39.3877
  85.058  -88.146  132.973 -81.0988  57.7739  187.129 -757.893    -26.2
 79.1294 -115.143   159.61  -83.346  88.5077  152.513 -746.977  26.0533
 154.022 -116.301  154.022 -157.423  78.3507  159.343 -711.406  -67.936
 15.4686 -68.2473  240.299 -42.1957  37.9544  66.9967 -761.604   16.113
-20.7946  57.0559  289.253  2.69578 -142.656  246.525 -1140.67 -168.359
  2.3973  38.1347  231.191  10.2156  -55.868  455.455 -1379.89 -51.7034
 48.1696  48.1696  48.1696  -110.89 -94.1282   110.89
