     -10       10       10 -11.9654 -25.0672  115.719 -432.358  109.063
-13.3803 -13.3803  13.3803 -95.7434 -40.0492  420.774  -463.22 -42.8989
-0.269695  -1.15842   68.6326  -64.4033    -15.81   173.878  -602.547   13.1259
     -10      -10       10 -60.6284 -20.7976  335.906 -566.683 -32.4849
     -10      -10       10 -47.8154 -12.9248  300.095 -554.204    17.08
     -10      -10       10 -47.0617 -13.5045  307.108 -557.049  -7.5126
     -10      -10       10 -43.1739 -12.2842  304.705 -563.453  4.63761
      10      -10       10 -61.8505 -12.2466  308.208 -561.827  11.1326
     -10      -10       10 -37.4877 -14.7786  302.216 -560.604 -14.0703
      10      -10       10 -56.0817  -16.092  288.113 -505.657  29.2244
      10      -10       10 -26.0707 -11.9497  221.639 -579.805 -64.6651
 4.44272  24.8317  24.8317  -22.812 -50.1587  257.638 -752.263  58.7201
-0.403784   15.6601   15.6601  -28.8106  -38.3538   311.371   -710.24   5.62226
      10       10       10 -36.9362 -31.6933   304.32 -644.406  52.0747
      10      -10       10 -41.2933  -12.842  311.351 -598.236 -8.67844
      10      -10       10 -41.9557 -8.62901  309.097 -565.858  34.3462
 16.2191 -16.2191  16.2191 -51.9471 -10.1777  297.278 -520.377 -43.6945
  11.0976  -11.0976   11.0976  -44.7356 -0.970066   300.915  -501.005   19.8189
-16.4104 -16.4104  16.4104 -37.3459 -35.7528  388.157  -551.84 -112.709
     -10      -10       10 -31.2905   1.7645  430.652 -693.505  10.4513
 1.32831      -10       10      -38 -32.0688  102.788
