-48.2657   54.567   54.567  60.2532 -60.2532  60.2532 -444.737  135.237
-97.7144  97.7144  97.7144   75.702 -154.952  154.952 -560.402  30.6083
-38.6582 -3.80026  54.6819  40.0633 -10.8655  259.575 -713.845  44.3365
     -10       10       10  19.7327 -43.8127  313.719 -638.454  16.3934
      10       10       10  1.69735  -35.642  310.762 -636.715  35.5332
      10      -10       10  1.24242 -19.1875  310.341 -615.721  16.7516
      10      -10       10  2.89652 -16.4509  310.558 -614.865  14.4779
      10      -10       10   2.3199 -16.8801   310.73 -597.855  21.6056
      10      -10       10  5.95046 -13.8548  304.679 -599.368 -10.2031
 14.2005 -14.2005  14.2005 -6.04884 -11.5151  299.604 -545.819   33.088
  18.778  -18.778   18.778  3.08685   -0.461  254.178 -572.168 -68.2076
 48.5182  48.5182  48.5182 -19.7469 -69.8786  229.742 -691.155  42.4019
 69.1777  7.33214  69.1777  -50.852 -34.3123  249.843 -718.613  -5.9633
  78.297 -24.4804   78.297 -60.8689  2.37055  239.003 -719.474  41.7629
 87.6606 -46.0696  87.6606 -75.1168  20.2342  231.509 -697.987 -21.7688
 84.9838 -84.9838  84.9838  -72.451  64.0821   235.97 -679.413  32.1783
  102.36  -102.36   102.36 -94.2682  68.7169  213.546  -665.26 -54.7586
 142.997 -36.3269  142.997 -144.105   11.916   176.61 -704.143   31.399
 151.275   56.113  151.275 -143.215 -135.609  337.426  -938.31 -125.757
 123.701  26.6638  123.701 -103.016 -45.4666  463.347 -1063.33 -9.80729
-27.3513  27.3513  27.3513 -33.9804 -73.8323  160.491
