     -10       10       10 -1.48812 -27.0415  299.738  -625.65  152.346
     -10      -10       10 -10.4469 -50.2735  384.958 -696.455 -12.4493
-2.78522 -9.83722  49.6277 -9.07718 -11.9091  268.604 -698.753  58.9206
      10       10       10 -12.1586  -38.895  314.315 -630.542 -10.5389
      10       10       10 -9.31606  -30.583  311.755  -619.21  32.8049
      10      -10       10 -7.38215 -11.5617  310.265 -602.588  1.72574
      10      -10       10 -5.03769  -11.616  309.547 -593.902   9.0812
      10      -10       10 -4.67608 -12.4551  313.399 -579.535  11.0406
      10      -10       10 -2.29833 -18.9497   304.52 -559.491 -19.1284
      10      -10       10 -7.19979 -17.7163  293.909  -489.67   15.219
      10      -10       10  12.6093 -16.6512  272.289 -574.251 -74.8702
 35.3693  35.3693  35.3693 0.339608 -64.7687  257.658  -734.07  63.8304
 39.5508  39.5508  39.5508 -8.39201 -60.5855  283.732 -733.138  4.43176
 46.0643  5.82852  46.0643 -15.4815  -27.206  267.498 -707.972  54.1628
 35.1873  3.06626  35.1873 -4.63099      -25  283.695 -663.891 -6.95786
 19.5904 -1.65555  19.5904  14.1829 -16.3754  297.923 -621.381  41.0747
 13.3513 -13.3513  13.3513  19.2681 -11.8878  299.962 -571.499 -34.6208
 10.1131 -10.1131  10.1131  27.2642 -1.47011  312.335 -582.916   31.916
 30.2531 -30.2531  30.2531 -5.53999 -14.4172  302.905 -537.897  -85.131
 21.8847 -21.8847  21.8847  4.92569  12.4003  243.283 -450.173 -18.6124
      10       10       10 -59.4436  -66.785   171.61
