-21.1227  47.8382  47.8382  18.5362 -58.5215  81.2665 -460.185  143.277
-51.3449  51.3449  51.3449  10.1326  -108.58  278.794  -644.78  18.7905
-18.7148 -18.6408  46.1222 -3.50764  1.26476   273.53 -722.332    53.23
     -10       10       10 -6.36596 -38.9601  312.854  -635.93  7.52601
-8.48125       10       10 -5.51012 -31.4696  311.707 -630.248  35.1144
 -5.4798 -4.48217       10 -8.00955 -19.0641  310.252 -608.022  11.3503
-2.54833      -10       10  -8.9935   -12.28  308.632 -598.392  12.1934
 1.39274      -10       10 -13.6961 -13.3489  310.276 -577.918  17.5587
 9.24991      -10       10 -18.1963   -15.67   304.02 -569.343 -16.2626
      10      -10       10 -25.3925 -18.6136  301.391   -505.3  25.3826
 13.5496 -13.5496  13.5496 -10.0076 -12.1033  271.812 -573.704 -77.4995
 13.5871  32.2386  70.2056  -6.0351 -59.7367  216.003 -741.078  53.4065
 16.6166  11.6154  75.9897 -18.2208 -35.4714  247.771 -745.417 -5.18129
 27.3572 -9.95782  63.7477  -24.599 -10.0482  252.917 -708.872  51.2675
 30.1038 -17.9944  53.7571 -28.3011 -3.90226  265.657  -663.11 -16.0421
 38.1654 -29.5689  38.1654 -32.8862  13.4742  281.522 -628.451  43.6851
 36.7492 -31.8835  36.7492 -33.6319  6.21084   276.65 -582.349 -49.0289
 25.1883  -18.906  25.1883 -18.4758  6.15315  295.568 -573.207  46.7112
 10.0205  3.43374  10.0205  -4.8829 -59.9616  414.261 -651.063 -118.958
      10 -2.57416       10 -1.77094 -11.8503  436.085 -684.282 -1.63305
     -10       10       10 -53.0612 -62.0739  180.361
