 3.16011  19.0933  19.0933       10      -10       10 -191.348  158.537
-49.0706  49.0706  49.0706  34.5831 -86.3191  86.3191  -241.67  6.62741
-85.3469  37.7926  85.3469  71.0198 -51.5298  182.582 -585.293  24.6537
-62.0368  62.0368  62.0368  71.8736 -107.901  253.622 -718.946  3.99541
      10       10       10  13.3003 -48.5783  319.426 -671.273  53.9443
      10       10       10  14.9988 -52.3855  310.002 -643.939  22.7092
      10      -10       10  16.5876 -26.7133  312.352 -641.004  26.1322
      10      -10       10  15.9349 -25.4379  308.435 -612.734  25.6766
      10      -10       10  19.5348 -12.3654  300.968 -613.834 -7.27738
 22.2768 -22.2768  22.2768 -6.50804 -2.87009  312.337 -573.822  38.3274
 27.3574 -27.3574  27.3574   5.4597  15.8489  293.252 -659.375  -64.195
 135.284  53.8817  135.284 -108.293 -70.2571  108.293 -764.401  37.3347
  66.311   66.311   66.311 -29.5255 -99.8355  260.894 -739.209 -6.45977
 116.037 -43.6044  116.037 -88.1653  15.2355  198.246  -770.33  47.9029
 123.008 -123.008  123.008  -98.964  88.4924  193.036 -743.333 -31.1701
 166.411 -63.7452  166.411 -154.465  34.3031  154.465 -765.261  35.2254
 159.867 -159.867  159.867 -147.491  116.459  147.491 -708.399 -80.3861
 168.466 -168.466  168.466 -159.549  132.646  159.549 -712.595  42.4879
 215.593  215.593  215.593 -178.384 -304.748  342.574 -1130.28  -181.26
 34.1807 -34.1807  34.1807  66.6671  22.9244  709.274 -1247.48 -18.5357
  30.937  59.7023  59.7023 -94.8929 -94.8929  94.8929
