     -10  6.39396       10  13.5352 -13.5352  13.5352 -363.554  122.757
-12.8996  12.8996  12.8996 -93.5624 -60.7723  382.005 -395.542 -31.8722
 -72.4777   2.79406   72.4777 -0.283823  -22.1827   173.265  -575.054   4.78852
     -10      -10       10 -63.4769 -21.8598  329.609 -563.416 -30.1143
     -10      -10       10 -51.7351 -15.1746  301.844 -559.035  16.8544
     -10      -10       10 -49.1374  -15.276  304.449 -562.849 -3.88231
     -10      -10       10 -45.2747 -13.9851  303.562 -568.815  5.08992
      10      -10       10 -64.2141 -13.7861  307.918 -564.071  14.0624
      10      -10       10 -57.4204 -14.3998  297.523 -566.641  -14.652
      10      -10       10 -62.4135 -17.3282   301.51 -507.295  35.3864
      10      -10       10 -32.2909 -11.7644  255.215 -615.882 -61.5589
 33.3595  33.3595  33.3595 -48.3387 -57.7997  242.974 -779.392  61.5559
 9.59306  25.9732  25.9732 -41.8747 -50.9805  301.545 -720.142  6.31514
      10      -10       10  -37.042 -10.9943  306.895 -647.107  55.4522
 21.1459 -21.1459  21.1459 -55.7331 -2.30794  298.235 -604.823 -14.3978
 28.4892 -28.4892  28.4892 -65.9842  10.3404  290.112 -582.086   32.462
 35.2588 -35.2588  35.2588 -77.2344  7.85717  273.948 -522.365 -61.0376
 23.0963 -23.0963  23.0963 -64.7068  8.66676  291.094  -484.71  14.3682
      10      -10       10 -71.5006 -49.1953  440.789 -580.882 -157.705
  2.6283      -10       10 -55.4078  1.92651   499.36 -755.411  23.4039
      10      -10       10 -47.6372 -33.6484  101.586
