-27.0224 -27.0224  27.0224 -11.6894 0.691074  611.479 -1067.68  76.6756
-114.649 -114.649  114.649  79.6172  45.4007  373.618 -1048.85 -74.3213
-45.5032 -50.8497  52.5589   43.646  26.3373   270.35 -735.307  75.8427
-21.2021 -21.2021  21.2021  14.8576 -11.5663  305.582 -598.554 -37.0437
     -10      -10       10  11.4905 -12.8256  311.606 -583.577  19.8605
      10      -10       10 -5.86174 -15.4812   308.27 -575.034 -11.0626
      10      -10       10 -1.41809 -17.8208  307.766 -584.052  10.1005
      10       10       10  3.58546 -38.5142  314.572 -609.197   14.391
 21.9141  21.9141  21.9141  -10.493 -63.0868  299.804 -609.714 -2.88402
 40.4163  40.4163  40.4163 -24.3693 -68.0293  221.481 -585.428  16.2968
 35.0151  35.0151  35.0151 -15.3658 -58.3154  230.189 -578.552 -67.1343
 60.2808 -37.3273  60.2808 -41.2149  8.42608  267.733  -697.83  55.9362
 74.6131  2.56056  74.6131 -48.2888 -20.0027  243.283 -752.108 -4.38096
 59.8048  35.1167  104.677 -42.0344 -63.9895  210.526 -760.883  43.8611
 100.933  53.3957  100.933 -78.7871 -82.9966  219.566 -769.355 -3.52385
 109.312   64.832  109.312 -88.9154 -92.6153  206.495 -756.999  39.3348
 110.694  27.9846  110.694 -89.6749 -57.8309  200.286 -742.149 -21.4297
 84.9014 -64.7663  84.9014 -50.1316  53.1412  225.152 -731.578  35.6043
-49.0486 -92.6026  92.6026  55.6303  66.7023  66.7023 -423.855 -20.1374
      10      -10       10  6.17807  11.8126  11.8126 -143.708 -22.3109
-21.8777 -21.8777  21.8777 -36.7262 -37.4071  175.384
