-6.93565       10       10       10      -10       10 -293.859  98.2026
-70.3777  70.3777  70.3777 -1.36816 -106.892  106.892 -144.719 -20.0653
 69.4359  39.9382  76.3133 -139.213 -73.8937  139.213 -425.752 -22.0062
     -10       10       10 -66.1183 -52.5873  348.128 -532.269 -26.7512
     -10       10       10 -47.0081 -49.8204  301.978 -549.215  18.3522
     -10      -10       10 -43.5061 -29.6001   308.77 -574.941  5.77435
     -10      -10       10 -38.1771 -25.2625  307.225 -595.939  12.8029
     -10      -10       10 -34.1894 -20.8552  304.918 -598.554   25.066
     -10      -10       10 -24.6736 -11.1737  293.804 -628.847 -3.60563
 30.0872 -30.0872  30.0872 -80.4108  6.44333  298.148 -605.718  59.0082
 13.3729 -13.3729  13.3729 -32.4129  3.33702  285.803 -710.056 -38.4062
 112.707    66.87  112.707 -128.824 -83.6729  128.824 -884.488  49.7998
 131.767  15.6984  131.767 -178.259 -50.6996  178.259 -843.463 -2.45646
 61.4862 -45.3626  61.4862 -96.0966  19.0913  271.052 -740.175  49.1678
  80.136  -80.136   80.136 -124.136  47.7397  238.262 -660.184 -36.4146
  104.97  -104.97   104.97  -157.94  79.3196  207.444 -636.901  18.2411
 121.106 -121.106  121.106 -180.398  81.5536  180.398 -577.803 -109.917
 122.255 -96.2772  122.255 -189.281  70.3192  189.281 -542.717 -6.61908
 104.758  104.758  104.758 -194.248 -201.069  474.321 -842.533 -265.544
-54.9724  18.7162  54.9724  -13.115 -21.0785  687.311 -1210.48 0.452644
 15.2596  15.2596  15.2596 -48.0693 -69.5969  69.5969
