-23.3225  42.0008  42.0008  27.3508 -52.0275    103.8 -502.645  174.587
-50.2414  50.2414  50.2414   24.079 -106.002  277.414 -659.807  19.9005
-23.1382 -13.8417  49.0138   13.454 -3.93064  270.586 -735.238  60.4829
     -10       10       10  7.70277 -39.4151  314.774 -649.293  5.68613
-3.52427       10       10  3.88896 -31.6182  310.942 -635.981  36.2644
  1.89429       -10        10 -0.792168  -13.9224   310.539  -612.961   9.11546
      10      -10       10 -6.58741 -12.9261  309.969 -604.744   11.126
      10      -10       10 -7.02823 -14.0559  312.334 -583.124  14.6988
      10      -10       10 -3.54862 -16.3453  303.702 -569.864 -18.0986
      10      -10       10 -11.1252 -18.2175  305.038 -502.075  21.4335
  13.532  -13.532   13.532  5.66965 -11.5826  278.929 -591.149 -75.1502
 72.3527  35.6404  72.3527 -44.8638 -62.7892   210.59  -772.44  58.1234
 79.1935  21.4017  79.1935 -60.0996  -45.343  243.532 -771.285 -1.40691
 67.5273 -3.36888  67.5273 -44.6357 -16.9814  248.202  -732.38  54.6631
 54.7076 -17.3311  54.7076 -32.5947 -4.92097  264.792 -677.328  -16.587
 38.5361 -31.3278  38.5361 -13.3234  14.5526   279.88 -634.073  43.8799
 32.9351 -32.9351  32.9351 -9.97876  6.60279  278.277   -575.1  -53.041
 19.2711 -19.2711  19.2711  8.26086  6.12686  303.356  -565.48  40.3102
      10      -10       10    20.88 -46.8273  413.118 -638.698 -121.266
      10      -10       10  25.4445 -3.99614  420.213 -652.082 -13.0408
     -10       10       10 -42.1796   -61.82  171.036
