     -10      -10       10  -30.436 -9.95736   366.53 -684.765   106.54
-10.3824 -10.3824  10.3824 -34.6414  -52.994  405.544 -724.611 -20.1587
-10.8647 -35.1577  45.3549 -17.4743  13.0478  270.002 -679.519  57.9102
     -10      -10       10 -13.3295 -18.2952  312.739 -601.351 -14.1556
 -5.7748  4.57917       10 -14.2561 -24.6153  310.413 -597.758   29.197
0.510705  4.16748       10 -18.1314 -25.6453  307.587 -587.607  1.45436
      10  3.31589       10 -25.2319 -25.2581   308.36 -586.092  11.6395
 4.94362  2.30137       10 -18.9138 -25.0282  311.992 -583.299   15.393
 4.17177  0.95576       10 -16.5839 -31.6691  308.474 -569.291 -11.1868
      10 -3.10475       10 -20.8531 -25.2066  281.089 -509.319   19.055
 20.9755 -6.12418  20.9755 -20.4332 -20.2977  240.844  -545.26 -75.6974
  56.8818 -0.315946   56.8818  -56.6797  -28.6427   243.833  -698.661   53.7883
 38.5159  11.8672  65.8904 -40.2641 -31.9035  256.072 -728.804  -3.1621
 39.6607  13.4611  64.8589 -40.4074 -36.2461  253.092 -706.206  47.2368
 53.4823  13.7956  53.4823 -51.7626 -37.1991  268.342 -680.166 -3.59224
 46.0223  20.2359  46.0223 -42.3903 -40.5779  273.046 -651.056  39.7968
  40.003  14.7804   40.003 -35.9555 -40.3769  273.486 -613.004  -23.664
 21.8263 -4.05272  21.8263 -9.96862 -6.91094  308.737 -622.291  34.5623
 14.5294 -49.2507  49.2507 -17.3336  10.2858  245.287 -530.268 -56.7187
 13.3497 -34.6332  34.6332 -8.83337  28.2866  182.527 -412.751 -15.1765
     -10 -6.99866       10 -54.9031  -50.101  183.459
