  -24.5117   -24.5117    24.5117    -59.194 -0.0253938    391.861   -787.638    68.7122
-89.2026 -89.2026  89.2026 -26.4186  29.6382  380.011 -880.244 -87.3649
-60.0091 -17.6042  60.0091  11.7264  3.00293  216.316 -760.121  48.7014
-34.8408 -34.8408  34.8408  -27.645  4.93513  300.305 -628.101 -34.9497
     -10      -10       10 -37.9361  -9.9915  306.683 -571.961  17.8738
     -10      -10       10 -36.6563 -12.2766  305.487 -549.589 -11.5813
     -10      -10       10 -33.3998 -12.2997   306.15 -555.639   4.3515
     -10       10       10 -31.5711 -34.0095  309.862 -559.946   9.0942
     -10       10       10 -30.1566 -42.3779  309.912 -550.605 -12.8098
 16.6485  16.6485  16.6485 -47.4645 -44.3158  258.933 -520.795  16.7762
      10      -10       10 -25.8583 -14.5819   245.05 -553.678 -72.7021
      10       10       10 -28.6893 -38.8109  305.665 -662.082  66.3339
   12.2464    19.0605    19.0605   -29.3879   -40.1139    302.517   -693.905 -0.0674023
 19.5698  33.1775  33.1775 -39.7634 -59.4173  282.555 -680.116  55.4831
 36.5776  36.5776  36.5776 -57.3237   -63.76  284.019 -673.935 -1.39404
 40.2966  40.2966  40.2966 -61.6058 -64.3097  279.262 -655.537   47.758
 35.2182  35.2182  35.2182 -55.9195  -62.893  279.019 -612.792 -25.0327
 10.0806  10.0806  10.0806 -24.2377 -21.3644  339.377 -628.199  38.7855
-114.042 -84.2718  114.042  81.3352  59.2001  81.3352 -487.276 -52.4834
-36.7132 -36.7132  36.7132  36.6044  35.1753  120.392 -404.049  24.2712
     -10      -10       10 -35.9284 -33.5184   138.47
