-55.5517 -55.5517  55.5517 -5.78886  35.0149  375.022 -690.048  37.1081
-122.632 -122.632  122.632  71.4428  79.1474  240.606  -816.43 -54.7628
 -54.949  -54.949   54.949   31.313  35.5266  290.535 -723.479   26.713
-25.6902 -25.6902  25.6902  4.66485 -1.59062  305.287 -605.609 -29.3734
     -10      -10       10 -2.56441 -12.6735  316.195 -583.043   5.9179
     -10      -10       10   1.9282 -15.0309  314.046  -589.11 -1.63759
     -10      -10       10  7.15556 -18.6836  312.429 -602.505   6.9373
      10       10       10 -4.29407 -39.3192  310.806 -638.532  30.1854
 47.0589  47.0589  47.0589  -47.662 -91.4042  274.808 -694.365  8.81691
  72.826   72.826   72.826 -61.9348 -106.003  221.598  -771.81  32.6721
 30.1459 -2.30837  106.058  -32.039 -24.8271  170.665 -716.212 -69.2185
 10.1153 -32.7394  95.5226  -18.151   4.7114  232.685  -698.23  55.4685
  12.3049 -0.473205   121.238  -9.33336  -16.5185   194.974   -800.34  -18.5774
  7.8852  32.6531  180.433 -18.5024 -59.1042  141.064  -866.46  44.3784
 11.3484  50.5277  222.072 -23.8175 -76.9678  95.4739 -944.089 -18.9332
 15.8589  50.4809  252.945 -34.2371  -73.468   73.468 -977.821  48.1269
  10.363     4.84   273.51 -28.3017 -28.3017  28.3017 -988.895 -46.3496
 49.0708 -72.5493  275.396 -63.8311  63.8311  63.8311 -1026.84  58.6112
 81.1524 -97.5556  131.364 -77.4857  77.4857  77.4857 -613.937 -91.3427
 -14.687 -25.8697  25.8697  26.9239  26.9239  26.9239 -199.491  25.3834
 28.0294 -28.0294  28.0294 -103.094 -26.8054  203.441
