-22.4758  22.4758  22.4758  23.1233 -35.4793  218.747 -579.053  168.712
-25.2165  25.2165  25.2165  9.83666 -85.2879  342.028 -685.332  1.85851
-47.9263  -11.588  47.9263  43.8396 -7.86315  272.473 -716.809  66.0864
     -10       10       10  14.7081 -39.0928  313.024 -643.837 -4.30526
      10       10       10 -2.97828 -30.6931  312.548 -634.425  39.2973
      10      -10       10 -2.21883 -12.6502    310.4 -609.412   2.6505
        10        -10         10 -0.0173343   -12.0593    308.892   -599.307    12.1682
 8.71118      -10       10  1.22894 -13.1088  313.385 -583.978  10.6961
      10      -10       10  2.46848 -17.4315  304.685 -565.991 -17.3446
      10      -10       10 -4.04049 -18.0635  297.572 -493.018  15.1598
     -10      -10       10  36.8173 -15.9206  262.391  -564.18  -71.934
 62.8635  22.9821  62.8635 -27.9026 -50.9914  219.968 -757.446  57.9655
 48.4641  48.4641  48.4641 -15.3971 -69.9664  275.587 -741.985  4.57649
   54.53 -1.84967    54.53 -21.8092 -18.8377  259.498 -716.064   49.868
  45.559 -11.6296   45.559 -13.8565 -10.1342  273.257  -670.53 -7.60142
 28.3051 -17.7223  28.3051  7.15911 0.466862  288.676 -628.467   35.532
 20.0435 -21.7938  21.7938   13.629 -3.87439  287.879 -572.163 -34.5583
 13.3723 -13.3723  13.3723  26.0205  1.29306  308.748 -581.136  26.6528
 19.7593 -19.7593  19.7593  17.1334 -32.2725  361.995 -609.252 -81.1694
 16.0023 -16.0023  16.0023  23.6248  3.69952  344.039  -577.17 -31.2479
     -10       10       10 -39.4178 -64.8619  171.925
