-4.91058       10       10       10      -10       10 -344.196  111.767
-75.2856  75.2856  75.2856 -1.96234     -119      119 -201.792 -28.0201
 66.8828  28.5694  66.8828 -141.958 -48.3913  179.084 -493.526 -9.15385
     -10       10       10 -64.9997 -56.8167  334.392 -523.382 -30.8654
     -10      -10       10 -52.0993 -26.1953    305.5  -543.99  21.8887
     -10      -10       10 -47.6237 -27.9621  305.714 -560.265  -1.9567
     -10      -10       10 -43.3158  -22.999   306.34 -583.398  11.9319
     -10      -10       10  -40.562 -21.7728  306.408 -581.668  18.9168
     -10      -10       10  -30.933 -11.8492  293.765 -611.788 -7.14145
 34.8634 -34.8634  34.8634 -92.9363  10.8776   289.37 -584.807  50.9635
       10       -10        10  -28.8286 -0.566594   258.676   -654.74  -43.0654
 40.2748  40.2748  40.2748 -46.6648 -56.1368  214.025 -800.049  53.0066
 17.9799  30.2257  45.3894 -54.2276 -62.6565  281.108 -738.349  7.75263
 39.4694 -39.4694  39.4694 -73.2965   14.411  279.105  -686.63  48.2701
 51.3142 -73.5714  73.5714 -98.6977  42.8237  242.973 -655.736 -28.8942
 90.0353 -90.0353  90.0353 -144.698  65.3133  228.458 -638.157   17.251
 99.7394 -99.7394  99.7394  -157.97  61.8043  199.061 -559.213 -92.9779
-93.9456 -93.9456  93.9456  28.6897    69.01   216.55 -513.565 -9.45871
-110.132  64.5181  110.132  10.7979 -159.273  450.656 -829.425 -244.084
     -10      -10       10 -65.2633  5.19773  732.833 -1127.89   1.1499
     -10       10       10 -32.9496 -50.8753  112.537
