-21.6674 -21.6674  21.6674 -5.98167 -2.28082  511.153 -922.825  89.9601
-76.4637 -76.4637  76.4637  49.2005  9.95597  391.468 -943.453 -48.5637
-29.7139 -38.8358  42.1209  28.7939  14.4081  279.289 -709.267  63.9871
-12.9572 -12.9572  12.9572  11.3107 -17.5495   309.31 -597.857 -22.4542
     -10      -10       10  13.1956 -11.2944  311.563 -595.853  21.7443
-0.883426       -10        10   6.43046  -13.1052   309.646  -587.489  -4.23028
      10  6.68415       10 -1.22067 -31.2368  308.812 -589.494  8.83389
      10       10       10  1.75247 -35.3483  312.977  -596.34  13.5178
      10       10       10  2.27431  -46.324  308.007 -576.497 -8.16269
 17.9408  17.9408  17.9408 -3.49822 -45.4525  258.839 -534.674  14.0314
 24.6623  11.1311  24.6623  -4.4818 -36.6144  250.638 -571.658 -71.6146
 46.7347 -18.8235  46.7347 -22.3658 -11.2736  271.445 -696.235  58.2466
 54.2625  11.9433  54.2625 -25.1469 -30.7135  266.965 -731.902 -2.96838
 44.8163   31.079  67.8228 -19.1997 -57.1587  247.208 -721.864  48.5423
  48.027  44.3627  68.0915 -20.9792 -71.0134  250.705 -719.003 -3.42738
 62.5006  53.5618  62.5006 -33.6702 -77.7311  254.839 -696.584  44.0557
 56.6938  36.3037  56.6938 -27.1489 -64.4827  258.643 -667.327 -23.1762
 4.54892  -9.1621  37.9363  35.6146 -3.19273  289.758 -674.169  38.5552
-94.4631 -94.4631  94.4631  99.1713  64.5886  99.1713 -447.415 -43.7434
-25.6828 -39.6621  39.6621  36.9948  36.9948  36.9948 -233.821 -18.4115
     -10      -10       10 -42.5977 -48.9876  185.646
