      10       10       10   -3.607      -10       10 -388.475  108.233
  -78.0964    78.0964    78.0964 -0.0506994    -124.14     124.14   -257.577   -16.9141
-41.4309  19.1719  70.2313 -35.3097 -38.1511  186.479 -552.016 -12.7159
     -10       10       10 -63.6764 -55.2608  332.269 -538.932 -21.8589
     -10      -10       10 -51.3835 -24.1047   304.69 -557.626  19.1748
      10      -10       10 -67.8762 -26.1682  305.316 -563.532  1.43491
     -10      -10       10 -43.7633 -21.3229   306.18 -586.235  9.95463
     -10      -10       10 -41.4945 -20.3682  306.963 -582.392  19.5602
     -10      -10       10 -32.2608 -11.9274   294.37 -608.149 -8.79978
 36.8185 -36.8185  36.8185 -95.8278  12.4742  285.252 -583.086  49.5286
 10.1156 -10.1156  10.1156 -31.3793 -1.98387  262.934 -653.879 -46.7281
  36.466   36.466   36.466 -44.5374  -53.597   220.77 -790.119  54.6902
 36.7369  30.0671  36.7369  -72.556 -61.3049  291.125 -726.759  6.57254
 33.6397 -32.6569  41.1268 -69.1157  8.07513  276.682 -687.443  48.8769
 46.9562 -67.9657  67.9657 -94.3796  38.4126  249.822 -651.047 -29.4391
 82.7397 -82.7397  82.7397 -136.506  58.7919  234.361 -628.262  19.0711
  97.491  -97.491   97.491 -156.355   60.582  203.011   -561.1 -92.0899
 1.24522 -88.5873  102.024 -67.8015  63.5735  208.292 -534.258 -5.07195
-101.891  50.3066  101.891  3.71528  -142.09  452.172 -813.185 -239.082
-46.4958  12.8794  46.4958 -35.3459 -19.8527  662.443 -1128.53  4.64836
     -10       10       10 -33.5097 -51.1025  115.331
