 1.91905  20.9612  20.9612  17.6836 -17.6836  17.6836 -254.811  154.637
-80.6815  80.6815  80.6815  62.7512 -128.914  128.914 -419.973  15.2846
-38.8128  36.4673  86.8587  35.6426 -53.8754  203.709 -679.765   32.914
-25.5857  25.5857  25.5857  44.6121 -64.9501    299.4 -679.772  17.6118
     -10       10       10  35.3555 -41.6361  312.875 -661.872   46.354
     -10       10       10  35.4086 -44.5831   310.65 -638.471  24.5865
      10      -10       10  17.6828 -20.4891  309.996  -635.93  21.5457
      10      -10       10  16.6931 -20.0218  308.218 -609.879  26.0539
      10      -10       10  19.9178  -11.945  302.119 -609.771 -8.70926
  23.7922  -23.7922   23.7922  -5.38838 -0.725649   302.857  -572.625   35.0176
 21.8948 -21.8948  21.8948  10.0178   6.2334  277.778 -606.751 -66.0529
 55.9755  55.9755  55.9755 -14.2907 -74.3175  214.063 -701.694  40.6596
 84.9952  5.49559  84.9952 -54.3333 -36.7198  232.293 -735.904 -9.88971
 106.024 -35.3991  106.024 -77.3623  10.7855  211.429 -760.076  44.4167
 135.515 -71.6216  135.515 -114.745  41.9576  181.412 -760.219 -31.3844
 164.304 -96.0329  164.304 -150.722  70.4871  150.722 -766.689  36.4583
 168.287 -112.252  168.287 -152.836  74.6631  152.836 -765.265 -69.8535
-28.9211 -77.1024  273.305  18.2733  44.4809  44.4809 -837.703  34.8071
-243.228  22.7323  243.228  269.395 -105.896   280.44 -1111.25 -159.794
-124.867   2.7865  228.802  172.868 -19.7338  417.832 -1313.79 -20.8129
-15.1393  59.9344  59.9344 -48.2909 -103.938  103.938
