-12.4842 -12.4842  12.4842 -14.6685 -9.27814  448.374 -807.843  96.3811
-44.3635 -44.3635  44.3635  17.5378 -20.4952  392.773 -837.237 -30.6039
-20.9141 -39.7431  41.6831  12.9601  16.5961  280.201  -694.38   61.068
     -10      -10       10  4.29987 -19.2451  311.246 -597.744 -19.0647
 -1.48753       -10        10 -0.716142  -10.3002   310.594  -598.026   26.8597
      10 -3.33988       10 -10.0578 -18.7424  309.386 -592.092 -2.02661
      10  4.80847       10 -7.32548 -27.7714  309.861 -593.781   11.746
      10  9.41201       10 -5.37556 -33.3893  313.276  -595.38  14.8012
      10       10       10 -4.57214 -43.2247  307.917 -576.928 -8.39283
      10       10       10 -2.68634 -38.0869  274.721 -520.215  16.1908
  22.2473 -0.895614   22.2473  -8.21795   -25.651   243.708  -553.803  -73.4371
 51.1542 -8.36954  51.1542 -35.7304 -21.1538  257.222 -688.899  53.1918
   55.93  11.9078    55.93 -37.6727 -31.1861  265.577 -720.994 -2.89861
   58.45   21.733    58.45 -40.5903 -45.6692   257.16 -700.946  45.9216
 53.3696  30.7445  53.3696 -33.8801 -55.3814  265.902 -687.193  -1.4508
 43.7665  38.8844  43.7665 -21.3362 -60.6157  275.941 -665.745  40.2895
 10.2199  28.7974  42.8562  10.9492 -55.5819   271.29 -633.551 -18.8101
-18.6782 -7.11505  18.6782   51.124 -4.72085  308.336 -637.967  34.6261
-68.0362 -68.0362  68.0362   74.418  31.9386  189.206 -502.712 -43.6682
-39.0637 -39.0637  39.0637   50.585  33.6578  104.757 -320.974 -19.2966
     -10      -10       10 -47.9308 -48.5126  188.781
