      10      -10       10 -14.0606 -11.9511  463.513 -838.616  120.288
-36.6725 -36.6725  36.6725  33.5961   -30.49   412.75 -854.213 -38.1674
-18.7473 -33.3766  44.0235  26.8952  9.44339  275.985 -699.117  66.5054
     -10      -10       10  21.6706  -20.024  311.704 -605.754 -22.1506
      10      -10       10  5.48825 -10.4893  311.755 -606.616  26.7262
      10      -10       10  7.78091 -11.9917  309.972 -597.118 -4.84469
      10      -10       10  11.1862 -12.9815  308.707 -596.696  10.4363
      10       10       10  13.4397 -33.8069  313.484 -599.207  11.0336
      10       10       10  14.6138 -43.7243  306.619 -579.743 -10.0985
      10       10       10  13.6064 -37.4714  275.752 -516.336  12.8148
       10 -0.485535        10   24.8096  -25.7597   262.813  -557.843  -70.6479
  48.685 -1.47843   48.685 -8.73708 -28.3841  255.891 -711.535  56.5886
 54.3109  16.8053  54.3109 -11.5781 -35.3481  264.916 -738.702 0.358015
 56.3182  24.5977  56.3182 -13.9942  -48.492  256.225 -715.837  47.6059
 50.6697  32.0098  50.6697 -6.29326 -56.3857  265.497 -699.084 -0.18693
 42.4682  37.7182  42.4682  4.28679 -59.3032   272.34 -673.358  39.7735
 36.5841  23.9792  36.5841  10.2676 -51.0122  275.831 -638.903 -18.3265
 16.9795 -13.7664  16.9795  40.7245 0.928806  308.082 -644.485  30.1635
 1.05971 -71.6375  71.6375  22.8779   34.157  176.111 -493.088  -44.326
 2.41004 -42.5025  42.5025  16.2224  36.2352  85.2674 -295.164 -34.5609
     -10      -10       10 -35.4499 -49.0825  177.724
