-51.3873  55.6649  55.6649   57.876  -57.876   57.876 -452.326  91.3064
-91.7308  91.7308  91.7308  53.4357 -153.889  153.889 -492.992  32.2466
-46.4683  30.1132  84.4532  21.4359 -49.1735  196.197 -649.835  19.5613
-25.2129  25.2129  25.2129  17.0172 -66.4711  293.623 -639.044  23.4404
     -10       10       10  7.24941 -41.4531  312.044 -628.386   35.163
     -10      -10       10  8.36995 -23.1636  310.439 -611.602  24.3629
0.0241883       -10        10  0.736731  -18.7373   311.267  -614.592    18.071
      10      -10       10 -8.63263 -18.1071   309.36 -598.008  27.7977
      10      -10       10 -3.63131 -9.50385  304.791 -609.714 -3.68724
 13.6003 -13.6003  13.6003 -15.3972 -8.55694  300.914 -550.078  42.3995
 17.8336 -17.8336  17.8336 -3.55513  4.54307  234.677 -540.597 -51.0279
 58.9443  58.9443  58.9443 -40.2609 -77.6622  212.343 -688.013  34.9307
  81.488  4.08931  104.446 -80.3142 -36.4691   218.73 -750.582 -5.30843
 151.566 -40.0546  151.566 -159.088  14.1688  159.088 -776.386  37.0669
 93.9471 -81.8581  178.939 -109.117  51.5681  144.342 -792.822 -34.8005
 85.1361 -111.115  204.261 -108.858   85.565  108.858 -770.601  22.0078
 157.356 -157.356  157.356  -168.97  122.562   168.97  -719.25 -76.9678
-15.4976 -57.2815  283.021 -29.5813  29.5813  29.5813 -790.352  7.27714
-33.1958  18.2338  382.496 -17.5519 -103.353  103.353  -1152.5 -169.635
-14.3998  38.7947  335.789  -9.6882 -58.5342  356.727 -1471.03 -61.6201
 24.4952  59.4889  59.4889 -103.967 -103.967  103.967
