-30.8815  41.1083  41.1083  44.5083 -44.5083  44.5083 -393.347  147.202
-94.0443  94.0443  94.0443  61.6305 -148.868  148.868 -533.732  19.1294
 -36.621 -2.01702  57.8762  24.8076 -12.1689   257.57 -718.739  47.9878
     -10       10       10  7.49554 -43.8555   317.05 -641.694  10.8696
      10       10       10 -9.69707 -35.8762   310.39 -633.916  39.0929
      10 -1.90932       10 -9.80584 -27.6714  310.432 -613.919  14.4939
      10      -10       10 -7.77002 -16.8832  310.844 -612.545  16.0389
      10      -10       10 -8.40975 -17.3881  310.833 -592.546  20.5331
      10      -10       10 -4.20462  -14.062  304.616 -593.986 -10.9418
 13.7754 -13.7754  13.7754 -16.5027 -12.2444  303.309 -539.137  31.8689
  21.064  -21.064   21.064  -7.5408  1.86908   260.57  -586.98 -67.8303
 68.1354  44.6993  68.1354 -48.9861 -66.6503  207.922 -722.518  46.3859
 81.5406  10.3711  81.5406 -73.5846 -37.5269   237.77 -737.678 -6.23111
 84.1757 -24.9627  84.1757  -75.632  2.93685  234.646  -730.59  46.1082
 90.6607 -49.2749  90.6607  -86.691  23.3299  230.881 -703.809  -23.932
  95.042  -65.067   95.042 -93.0372  44.1451  225.647 -686.478  34.8776
 103.536 -68.6751  103.536 -105.987   35.404  202.984 -638.089 -64.3517
  81.913  -81.913   81.913 -80.2265  58.0523  246.895 -628.227  36.1744
 109.036  57.4601  109.036 -107.061 -135.458  389.144 -881.612 -142.016
 82.0133  17.5512  82.0133 -68.5855 -35.3059  504.663 -991.551 -6.64771
-28.0755  28.0755  28.0755 -39.4367 -74.3318  160.128
