  11.216  -11.216   11.216  -36.514 -14.3242  554.013 -951.412  89.7425
-91.8395 -91.8395  91.8395   63.902  23.8623  382.267  -979.99 -56.0424
-45.5355 -39.8456  45.5355  46.3256  15.5576  275.807 -719.911  68.2944
-17.2221 -17.2221  17.2221   15.828 -14.0943  304.816 -598.372 -25.8219
      10      -10       10   -5.246 -11.5887  310.707 -591.681  20.5342
      10      -10       10 -2.70541 -13.6049  308.918 -584.209 -6.01239
  9.4932 0.432869       10  1.39155 -25.7776  308.799 -588.443  7.82937
      10       10       10  4.39018 -36.0484  313.803 -599.577  13.3359
      10       10       10  4.78146 -47.9888  310.274 -580.444 -7.14937
 24.0968  24.0968  24.0968 -7.96763 -51.5218  251.119 -545.479  11.8467
 20.7054  10.9284  20.7054  1.25126 -36.0866  267.937 -572.483 -72.2506
 11.5039  11.5039  11.5039  22.2229 -41.8889  314.364 -656.641  63.7752
 53.5929 0.097569  53.5929 -21.7721  -19.156  262.984 -721.585 -7.66998
  73.125  24.1002   73.125 -45.6043 -50.9852  241.337 -728.543  53.9938
 79.0215  43.9209  79.0215 -50.5533 -71.7206   240.23 -738.965 -10.3929
 82.7937  54.6883  82.7937 -54.1672 -79.5246  234.484 -729.372  52.7355
 82.8473  30.6042  82.8473 -53.8725 -58.9603  232.438 -712.169 -33.7081
  64.013 -36.6271   64.013 -24.1206  25.3335   258.95 -712.923  53.1348
 76.2616 -98.9575  98.9575 -71.7813  71.7813  71.7813 -426.465 -55.6656
 25.1312 -16.6788  25.1312 -14.3809  14.3809  14.3809 -161.686 -1.61907
-12.9844 -12.9844  12.9844 -39.1015 -45.8967  181.044
