-17.4146 -17.4146  17.4146 -74.1721 -13.4742   565.29  -970.12  97.5657
-86.3639 -86.3639  86.3639 0.704086  19.5646  409.515 -994.468 -78.2201
-34.6301 -36.0457  51.9297  1.67583  12.7871  252.407 -728.844  73.9962
-23.6059 -23.6059  23.6059 -14.5554 -8.33681  303.239  -600.32 -34.7795
     -10      -10       10 -19.3858 -12.9217  310.018 -570.409  21.4859
     -10      -10       10 -16.6891 -14.9801  308.441 -556.438 -12.2332
     -10      -10       10 -12.3479 -16.8843  307.603  -558.79   5.0158
      10      -10       10 -28.6739 -17.4899  314.947 -573.344  9.76253
 12.0521  12.0521  12.0521  -29.144 -51.8321  308.797 -560.813 -10.5905
 29.5707  29.5707  29.5707 -38.8223 -56.3948   234.93 -534.035  12.5299
 34.8665  29.2417  34.8665 -35.0151 -52.0534  230.154 -593.029 -72.2567
 61.5404 -15.1225  61.5404 -62.6411 -14.0083   261.81 -743.036  69.8598
    72.6997     11.8495     72.6997    -68.9791    -30.7576     248.402    -776.542 -0.00609573
 85.5059  27.0979  85.5059 -85.8833 -57.3806  231.113  -753.64   54.465
 87.5163  38.2187  87.5163 -86.6195 -68.9383  234.957 -750.957 -2.68731
 90.7447  43.9004  90.7447 -90.0311 -73.0925  228.375 -727.343  45.0241
 89.6076  19.4042  89.6076 -87.3644 -49.0034  228.377 -707.158  -28.216
  68.332 -38.9654   68.332 -56.2018  28.2001  249.991 -681.398  36.5826
-1.30327 -76.8992  76.8992 -2.05421  59.3595  59.3595 -350.596 -46.0966
 21.5587 -6.49304  21.5587      -10       10       10 -167.093 -2.02718
-11.2043 -11.2043  11.2043 -45.7889 -43.3221   167.57
