 33.8749  33.8749  33.8749 -33.0294 -57.0729  57.0729 -216.059  2.83902
 25.3332  25.3332  25.3332  -2.4275 -83.3178  426.002 -915.196  134.326
 80.0139   7.1152  80.0139 -60.9048 -51.5931  328.069 -910.898 -2.73151
 13.6665  13.6665  13.6665   15.251 -56.2607  355.047 -745.435  66.7112
 12.2632  12.2632  12.2632  15.5207 -51.4888   317.06 -659.534 0.560221
      10      -10       10  18.8972 -25.7263  315.562 -640.057  40.0885
-10.1659  10.1659  10.1659  40.3935  -45.655  313.494 -630.898 0.967045
     -10       10       10   40.434 -41.6093  296.442 -593.253  31.2716
      10       10       10   21.066 -40.6463  282.434 -563.849 -11.5071
 -2.6529 -10.2758  10.2758  32.3916 -15.8214  271.249 -530.682  24.6454
-10.2084 -10.2084  10.2084  38.8937 -9.88626  242.634 -476.599 -83.2433
-42.1312  1.47138  42.1312  67.2403  -25.921  196.265 -493.115  21.7171
     -10 -3.46054       10   53.141 -27.5296  292.695 -585.648 -4.14484
 10.1858 -10.1858  10.1858  40.9719 -23.6333  309.492 -631.755  20.1965
  -77.0365 -0.0241973    77.0365    118.784   -34.6347     229.36   -688.006    20.3984
-97.8364 -12.3637  97.8364  142.464  -22.194  222.455 -743.498  11.3687
-65.8063  1.18372  96.7702  117.758 -37.6022  243.231 -783.475  39.2433
 100.704 -29.8447  100.704 -36.5776 -3.82196  284.032 -878.712 -11.3493
      10       10       10  75.8227  -49.202  413.211 -826.385   50.112
  8.2006 -5.79986   11.386 -13.7052 -9.53384  13.7052 -6.89938 -123.597
 60.9569  66.6306  66.6306 -184.276  -146.56  184.276
