 34.9866  34.9866  34.9866 -36.5683  -55.093   55.093 -224.208 -4.06628
 21.5329  21.5329  21.5329 -19.9582  -81.806  437.702 -907.866  128.091
    80.25   1.91151     80.25  -80.0095  -47.3174   328.742  -906.266 0.0121472
 18.1408  18.1408  18.1408 -7.88103 -60.5008  347.592 -733.244  62.2034
 12.8877  12.8877  12.8877 -1.48986 -51.7335  316.725 -649.259 0.970165
      10      -10       10  2.98297  -24.881  312.212 -624.305  38.7247
      -10        10        10   24.1966  -44.3393   309.475  -613.498 -0.398049
     -10       10       10  25.0306 -41.2832  295.688 -582.305  32.6356
      10       10       10   6.2174 -40.4058  285.068 -558.982 -12.0177
-13.4064 -13.4064  13.4064  28.1319 -12.0265  264.426 -519.549   25.162
-16.6936 -16.6936  16.6936  30.6144 -3.37749  236.508 -474.126 -83.9819
-36.5978 -3.03937  36.5978  50.4323 -22.1144  213.449 -499.125  21.1234
-16.6733  -3.6058  16.6733  42.0906 -27.6152  283.028 -577.145 -5.13377
      10      -10       10  23.6652 -23.7086  312.836 -624.187  21.7786
-69.8612 -1.10749  69.8612  95.9279 -33.9951  239.729 -675.205   20.923
-90.7119 -5.88565  90.7119  118.704 -29.0686   230.08 -727.298  9.61158
-51.2589 0.120479  87.2515   86.172 -36.6939   257.71 -771.445  44.9536
 73.5751 -16.8728  73.5751 -24.6395 -16.5052  319.125 -856.439 -12.8078
     -10       10       10  70.8856  -47.304  410.885 -806.137  60.9883
 12.0818  2.73783  12.0818 -17.2993 -17.2993  17.2993 -21.8632 -129.086
 61.1546  61.1546  61.1546 -188.567 -142.234  188.567
