 35.9769  46.6964  54.8842 -66.4855 -66.4855  66.4855 -282.604 -21.4339
 24.4718  24.4718  24.4718 -97.9048 -89.6474   469.89 -944.821   116.42
 38.9638 -38.9638  38.9638 -80.9257  1.41617  313.589 -755.402 -6.13271
 36.7145  36.7145  36.7145 -80.3093 -79.1097  323.407  -743.39  70.0887
 34.2034  34.2034  34.2034 -72.9536 -72.9071   303.62 -689.779  8.93219
      10      -10       10 -41.4019 -23.5966  319.404  -633.36  46.7083
      10      -10       10 -39.4622 -22.8261  308.507 -602.668   7.7967
  23.348   23.348   23.348 -54.3511 -53.7464  283.106 -585.678  33.1379
      10      -10       10  -37.591 -20.0593  288.143 -538.511 -8.57827
      10      -10       10 -35.8176 -15.9684  271.306 -498.385  19.2805
-11.9716  11.9716  11.9716 -11.8514  -33.239  256.853 -476.169 -89.8093
      10      -10       10 -30.3909 -18.3606    271.2 -501.896  18.9931
       10       -10        10  -27.7813  -23.2776   286.371  -534.448 -0.110174
      10       10       10 -24.9327 -45.4513  296.827 -558.671  15.3778
      10       10       10  -21.145 -46.5969  303.062     -577  26.4476
      10      -10       10   -18.43 -23.6428  314.167 -598.649 -1.19376
 10.2847  10.2847  10.2847 -14.8564 -41.3807  324.607 -625.546  52.9034
 11.9287  11.9287  11.9287 -14.8552 -30.2126  347.819 -670.005 -39.2007
 10.8263  10.8263  10.8263 -12.8537  -40.396   388.97 -727.161  107.699
      10      -10       10 -12.0983  9.39636  16.6241 -47.3535 -151.355
     -10       10       10 -99.2541 -75.1047  211.946
