 43.3809  43.3809  43.3809 -59.4924 -59.4924  59.4924 -255.335 -7.27914
 15.3795  15.3795  15.3795 -69.8972 -80.5956  488.074 -930.096   116.88
 37.9764 -37.9764  37.9764 -67.1366 -1.15601  328.143 -770.766 -8.50727
 16.2683  16.2683  16.2683 -40.9428 -60.8381  363.345 -755.967  73.9996
 15.8945  15.8945  15.8945 -36.3799   -55.43  359.617 -748.835  12.0622
 112.743  112.743  112.743 -147.528 -147.528  147.528 -633.678  38.1981
  120.47  25.2015   120.47  -157.98 -55.3183   157.98 -660.469 -1.99644
 110.526 -110.526  110.526 -143.484   82.126  143.484 -590.741  30.5062
      10      -10       10 -25.6364 -19.0276  326.441 -617.912 -8.13128
      10      -10       10 -21.6333 -16.8712  287.717 -547.219  23.9163
-22.4232  22.4232  22.4232  8.29254 -44.2658  258.085 -519.139 -84.7677
      10      -10       10 -17.8023 -18.0988  277.806 -524.211  18.6777
      10      -10       10 -15.5457 -22.6183  293.125 -553.017  1.22578
      10      -10       10 -12.2025  -23.281  301.391 -573.388  15.2713
      10      -10       10  -8.9219 -24.9152  307.473 -588.076  24.8669
     -10      -10       10  15.0629 -23.9086  316.595 -611.125  1.38448
 14.8811  14.8811  14.8811 -8.00277 -48.0685  323.621 -637.746  49.4992
  13.2631   13.2631   13.2631 -0.592121  -40.0585   345.132  -682.223  -31.5184
 12.5588  12.5588  12.5588 -3.04698 -44.2723  407.828 -748.949  83.5471
 10.5608 -10.5608  10.5608 -15.7979  4.66929  15.7979 -27.0455 -139.307
-10.3076  10.3076  10.3076 -95.5921 -76.3397  221.225
