 52.9565  52.9565  52.9565 -72.5258 -72.5258  72.5258 -263.016 -37.1096
 12.2532  12.2532  12.2532 -26.8827 -77.1916  504.915 -974.223  142.455
  70.976  2.88348   70.976 -73.4219 -42.2708  252.185 -765.616 -6.73752
 -12.515   12.515   12.515  16.7844 -52.8616  356.015 -737.301  80.0957
 11.3304  11.3304  11.3304 -2.73739 -49.5124  328.159 -684.284  7.62842
 10.9814  10.9814  10.9814 -2.54026 -44.1336  320.041 -650.945  56.7942
   10.176    10.176    10.176 0.0835663  -43.7399   310.175  -623.427    2.2815
       10        10        10 -0.852632  -40.6331   309.794   -601.22   33.8016
       10       -10        10 -0.599402   -20.251   268.858  -518.031  -7.90112
      10       10       10 0.352434 -37.1908  282.166 -533.209  20.3093
      10       10       10  2.57797  -32.863   262.76 -501.965 -84.0262
      10      -10       10  6.66004 -17.9798  276.119  -529.53  16.9528
-10.1947  10.1947  10.1947   30.198 -41.3841  288.949 -554.481  2.06682
     -10      -10       10  34.4771 -22.4523  296.951 -574.367  11.6043
      10      -10       10  18.6592 -23.3207  303.008 -590.569  28.1266
     -10      -10       10  43.2179 -22.2172  310.747 -610.474 -10.2736
-12.1978  12.1978  12.1978  46.4717 -45.8718  322.583 -623.158  50.2826
      10      -10       10  32.6924 -12.1236  331.908 -656.122 -49.0016
     -10      -10       10    56.39 -24.7326  407.589 -743.042  85.3457
 11.2635  11.2635  11.2635 -6.93188 -16.3873  23.4744 -76.1302 -140.371
 50.6213  50.6213  50.6213 -143.037 -114.224  143.037
