 50.3624  50.3624  50.3624 -68.7323 -68.7323  68.7323 -268.089 -22.4523
 13.8225  13.8225  13.8225 -39.5516 -76.0212   469.06 -916.456  137.156
 35.3473 -35.3473  35.3473 -46.7805 -3.19375  321.909 -752.403  -15.668
 17.6761  17.6761  17.6761 -23.5066 -59.4593  348.129 -741.386  79.8242
-15.5274  15.5274  15.5274  12.4943 -56.2071   332.66 -696.934   9.1766
 10.0931  10.0931  10.0931 -12.8522  -42.655  338.365 -670.161   43.447
 109.257   63.354  109.257 -129.689 -96.9576  129.689 -578.653  3.22049
      10      -10       10 -10.5467 -19.2108  320.113 -615.167  30.8462
      10      -10       10 -8.60941 -21.9449  297.244  -569.51 -7.66302
      10      -10       10 -7.99625 -16.8507  278.322 -527.075  22.8711
     -10       10       10  12.0017 -31.2534   269.03  -500.95 -87.9363
  10.282  -10.282   10.282 -4.25715 -18.2509  274.361 -518.261  18.0144
  10.0756  -10.0756   10.0756 0.0245748  -22.2202   288.596  -549.847   2.08416
      10       10       10  3.84424 -43.4446  298.668 -573.623  13.2543
      10      -10       10  8.51488 -24.5614  305.484 -594.308  24.2834
      10      -10       10  13.4668 -23.3087  313.359 -618.406   4.0938
      10       10       10  16.5684 -42.1305  326.645 -639.945   48.454
      10       10       10  23.4172 -35.5013  346.302 -688.337 -30.0497
    -10      10      10  44.626 -39.837 405.783 -757.27 83.1392
  10.224  -10.224   10.224 -10.0535  5.07251  18.8211 -50.2709 -144.641
-11.9872  11.9872  11.9872 -82.6749 -76.3392  215.896
