-50.7803  50.7803  50.7803  36.2441 -72.7549  72.7549  -270.86 -34.8301
      10       10       10 -19.9637 -69.2492   483.33 -911.472  140.341
  80.471  9.78553   80.471 -81.8381 -54.2306   237.67 -765.977 -15.6158
-11.4289  11.4289  11.4289  17.3298 -49.1851  361.313 -733.438   79.389
-11.5937  11.5937  11.5937   20.955 -48.7891  329.291 -677.939  3.37927
 11.0301  11.0301  11.0301 -1.85451 -43.6559  319.228 -643.015  47.5147
     -10      -10       10  20.1108 -23.2895  309.683 -612.271  6.07238
      10      -10       10  0.39522 -20.3658  300.713 -585.793  32.0566
-11.0265  11.0265  11.0265  21.4194 -41.5694  288.725 -558.131 -7.87952
 10.4053  10.4053  10.4053 0.320476 -36.9841   273.46 -521.416  20.8088
      10      -10       10  2.31784 -11.1588  263.678 -501.807 -85.6122
 -10.393   10.393   10.393  24.9067 -37.7194  273.155 -518.746  16.3756
      -10       -10        10   29.2109  -21.9671   287.795   -551.59 -0.864779
      10      -10       10  13.3895 -22.8336  298.579 -578.086  14.8892
     -10      -10       10  37.4449 -24.7872  305.649 -597.154  24.7454
     -10      -10       10  42.7343 -23.5352  312.325 -621.963  1.09486
     -10       10       10  45.9189 -42.6253   326.12 -643.782  51.7392
      10       10       10  33.7348 -33.9303  343.567 -694.586 -33.0705
     -10       10       10  55.5723   -43.43  409.285 -765.326  90.0022
-10.2398  10.2398  10.2398  14.5442 -15.7249  21.9386 -73.0556 -145.671
-58.8721  58.8721  58.8721 -30.7288 -127.852  127.852
