-105.159  105.159  105.159  66.5502  -140.42  143.369 -554.892  18.1606
     -10       10       10  1.06476 -70.3012  431.807 -872.563  136.256
 55.7984  1.25918  55.7984 -60.7582 -32.5664  206.628 -612.241 -11.7073
 20.2736  20.2736  20.2736 -22.0077 -56.3965  338.332 -724.892  66.8206
      10      -10       10 -6.27181 -24.8181  302.681 -621.936  11.9714
 22.1084  22.1084  22.1084 -23.2363 -54.2462  310.184  -647.02  37.3959
      10      -10       10 -5.30543 -22.6319  311.197 -611.865  8.34059
  17.003   17.003   17.003  -13.985 -48.0898  305.954 -608.275  27.8842
      10      -10       10 -3.11614 -21.9851  307.927 -587.288 -5.86331
      10      -10       10  -3.4452 -19.5896  303.815 -564.699  14.2496
       10       -10        10 -0.430711   -14.216    278.49  -524.745  -85.3378
      10      -10       10  3.16146 -21.9303  304.428 -568.852  8.66829
      10      -10       10  9.74961 -25.0216  303.001 -583.837  9.90664
      10      -10       10  14.2193 -26.1698  317.802 -612.704  5.48409
      10      -10       10  20.5916 -24.5869  301.295 -604.574  44.6625
     -10       10       10  45.6341 -44.1307   338.57 -665.898 -9.99558
-142.109  142.109  142.109  161.805 -161.805  161.805 -789.711  85.8527
-142.855 -142.855  142.855  165.456  124.435  165.456 -788.568 -69.5636
-184.822  30.3404  184.822  208.616 -54.0731  208.616 -971.657  181.687
      10       10       10  -17.801  -17.801   17.801 -1.92087 -309.853
 39.7255  39.7255  39.7255 -118.201 -92.0582  118.201
