 42.3919  42.3919  42.3919   -57.77   -57.77    57.77 -244.787 -5.66337
      10       10       10 -54.7596 -72.8867  469.353  -883.72   114.95
 37.9043 -37.9043  37.9043 -62.6173 -2.29266  325.481 -766.006 -1.44633
      10       10       10 -30.4544 -55.2056  376.319 -753.957   74.385
      10       10       10 -23.9057 -51.3406  370.767 -755.077  15.7778
 112.692  112.692  112.692 -142.793 -142.793  142.793 -628.976  41.0458
 120.107  120.107  120.107 -152.994 -150.408  152.994 -656.127 -3.14798
 111.665 -111.665  111.665 -138.607  83.6495  138.607  -596.84  31.2603
 12.9601 -12.9601  12.9601 -26.1194 -14.1145  359.317 -683.724 -10.9084
 93.2163 -93.2163  93.2163 -113.884   67.343  113.884 -482.678  22.4377
-25.4325  25.4325  25.4325  14.4496 -44.8343  291.212 -589.914 -84.2842
      10      -10       10 -12.6024 -19.7219  294.698 -559.357  19.9465
      10      -10       10 -10.0369 -23.8186  302.431 -573.372  3.09545
      10      -10       10 -6.61391 -24.1788  307.051 -585.896  15.0498
      10      -10       10  -3.4778 -26.1074  311.965 -596.267  25.6552
     -10      -10       10  20.6982 -25.3524  320.039 -616.758   -0.475
  16.563   16.563   16.563 -4.49524 -50.5584  325.569 -643.093  48.8941
 13.1089  13.1089  13.1089   4.5623 -40.5868  352.445  -685.82 -36.0876
 12.7535  12.7535  12.7535  4.45547 -43.0458  411.913   -754.8  71.9324
 10.5033 -10.5033  10.5033 -15.5305  3.25327  15.5305 -24.3485  -133.13
-10.7301  10.7301  10.7301 -91.6127 -77.2613  218.876
