  52.231  85.7013  104.521  -117.79  -117.79   117.79 -463.581 -70.5882
 10.0684  10.0684  10.0684 -62.8284 -68.3036   469.29     -936  163.153
 71.2478  3.10487  71.2478 -103.778 -44.3003  201.818 -654.394 -25.2385
 17.2412  17.2412  17.2412 -50.2282  -55.473  336.859 -708.372   82.534
 27.1585  27.1585  27.1585 -58.8228  -63.385  295.435 -647.714 -1.12269
      10      -10       10 -39.4119 -21.4848  319.806 -621.335  45.5457
      10      -10       10 -38.2322  -20.938  318.022 -609.344 0.299149
 33.5237  33.5237  33.5237 -65.4352 -64.3493  276.063 -591.845  30.0042
      10      -10       10 -37.7397 -18.0816  323.889 -599.225 -13.2362
 94.7633 -94.7633  94.7633 -137.348  67.4555  137.348 -475.144  1.14758
-20.3999  20.3999  20.3999  -3.1003 -41.6768  265.688 -519.333 -83.8081
      10      -10       10 -27.2716 -21.2038  275.336  -510.52  13.9694
      10      -10       10 -24.0539 -24.5314  298.159 -560.889  7.18382
      10       10       10 -20.0069 -46.6933  307.529 -587.719  9.27226
      10       10       10 -14.1073 -45.4145  307.319  -603.03  45.0186
 14.5941 -14.5941  14.5941 -15.2913 -17.2157  325.427 -658.637 -6.35692
      10       10       10 -1.25321 -36.9883  320.642 -663.128  94.8925
      10       10       10  5.51804 -15.8033  381.546 -793.925 -30.9649
 154.257  129.419  154.257 -167.077 -167.077  167.077  -811.04  158.286
 14.4755 -14.4755  14.4755 -8.70836  28.0968  28.0968 -122.464 -248.732
-45.7236  45.7236  45.7236 -46.8275 -109.218  109.218
