      10      -10       10 -22.2378 -3.82572  247.386 -555.032  112.244
      10       10       10  -40.593 -71.4705  344.923   -639.6  19.8066
 10.6396 -28.3309  34.9076 -27.5834  10.0403  288.433 -697.329  52.5763
 14.0076  14.0076  14.0076 -27.9151 -41.8309  306.998 -634.128   6.6292
 10.0853  10.0853  10.0853 -19.1696 -29.3278  311.718 -633.783  34.4024
      10       10       10 -16.9242 -31.4937  309.911 -622.699  16.7889
      10       10       10 -13.7753 -30.4489  309.879 -622.995  19.4314
 8.57951       10       10 -9.40949 -31.8291  308.464 -620.108  28.5725
       10        10        10  -8.26037  -33.6959   308.641  -618.635 -0.795264
      10  1.32234       10 -5.08935 -27.5544  287.808 -582.137  35.7403
      10      -10       10 -2.01019 -14.0147  264.841 -543.465 -76.7526
       10       -10        10 -0.888954  -16.1069   289.194  -576.996   40.0857
      10 -9.37707       10 0.600695 -15.3728   311.06 -606.079 -17.0539
      10      -10       10  3.14534 -10.8172  309.512 -601.352  39.6912
      10      -10       10    3.982 -12.9546  309.134 -588.131  -21.169
      10      -10       10  6.84445 -6.37425  308.014 -585.723  40.3168
     -10      -10       10  25.5757  -14.987  305.869  -556.98 -46.9149
     -10      -10       10  30.6514 0.336577   311.55 -576.655    47.59
     -10   3.2487       10  23.7079 -53.0212  360.399 -581.457 -115.964
     -10       10       10  24.6029 -23.1042  318.607 -513.822 0.153089
      10       10       10  -89.543 -55.8421  199.075
