 3.97017 -3.38802       10       10      -10       10 -227.237  108.353
-26.5505 -26.5505  26.5505 -57.9749 -28.3263   259.05 -338.021 -28.8275
-61.7069 -20.8758  61.7069 -8.78722  3.71835  223.308 -611.015  16.5619
-12.0821 -12.0821  12.0821 -55.9934 -22.9652  315.203 -556.325  -19.452
     -10      -10       10 -49.9865 -16.2672  306.141 -561.733  22.1468
     -10      -10       10 -45.8987 -18.5575  305.158 -567.522  2.05707
      10      -10       10 -61.5751 -15.4614  307.033 -587.374  14.2183
     -10      -10       10 -35.8965 -15.0985  306.152  -606.11  25.1144
     -10       10       10 -30.3071 -34.6299  305.768 -627.533  5.52649
     -10       10       10 -19.4001 -32.2469  282.979 -619.438  47.0943
      10       10       10 -29.3027   -27.01  253.227  -589.66 -49.5999
     -10      -10       10 -16.3584 -10.7404  285.327 -610.169  53.2803
      10      -10       10 -42.7677 -14.6851  307.482 -609.932 -12.3277
 16.6396 -16.6396  16.6396 -52.3416 -5.66709  300.838 -595.174  42.6718
 32.8529 -32.8529  32.8529 -77.5033  6.09702  309.341 -625.417 -37.9009
 75.5346 -151.224  151.224 -138.192  138.192  138.192 -673.609  26.8395
 62.1906 -151.726  151.726 -125.031  125.031  125.031 -619.417 -92.5052
-20.9253 -20.9253  20.9253 -29.5155  1.82184  326.459 -528.191  34.3163
-83.7244  95.6776  95.6776  2.21527 -177.122  391.074  -800.21 -199.317
 -123.08  172.541  172.541  11.2702 -201.562  439.282  -1093.7  12.2065
      10      -10       10 -79.1939 -30.3884  145.836
