     -10      -10       10  21.1697 0.570742  23.4944  -307.62  125.169
-24.6183 -24.6183  24.6183 -64.4658 -26.9929  318.287 -464.945  -18.958
-67.5989 -13.0756  67.5989  1.50178  -4.4765   216.85 -661.184   21.436
     -10      -10       10 -51.3015 -20.7876   319.25 -586.385 -15.7498
     -10      -10       10 -43.8368 -13.2092  305.967 -583.427  22.7522
     -10      -10       10 -40.8936 -15.2353  305.877 -581.228  3.05586
     -10      -10       10 -36.8957   -13.78  307.059  -593.75  12.4234
     -10       10       10 -32.7133 -34.6522  306.432 -604.128  22.9935
      -10       -10        10   -27.763   -14.309   307.307  -619.484 -0.277577
-5.54646       10       10 -23.5953 -34.8059  284.922 -602.512   40.891
0.332855      -10       10 -19.4191  -10.432  254.881 -573.262 -62.9231
-0.538796       -10        10  -23.5524  -13.1702   285.708   -598.58   47.8664
-0.840702       -10        10  -26.8245  -13.7717   309.078  -613.441  -12.3258
-2.73995 -18.8654  18.8654 -25.9975 -1.59343  299.705 -610.731  42.6313
-12.1472 -32.3904  32.3904 -19.0899  9.14461  284.815 -607.122 -22.7285
-31.1015 -31.1015  31.1015 -0.21612  13.6586  287.959 -590.198  36.6154
 23.2623 -23.2623  23.2623 -53.7723 -5.08798   285.89 -531.821 -57.7103
     -10      -10       10 -21.0703 -5.59982  310.419 -505.852   34.898
-19.0718  19.0718  19.0718 -31.9079 -85.7002  439.801  -668.44 -149.189
-38.5622  68.5233  68.5233  -26.743 -88.1815  471.793 -864.695  5.18165
      10      -10       10 -66.6293 -33.0742  134.659
