  4.11233 0.0924298        10        10       -10        10  -216.391   121.353
     -10      -10       10 -43.3734 -52.3354  192.382 -176.632 -31.0118
-54.6025 -5.14486  54.6025  -12.677  -15.908  236.171 -564.097  12.5938
      10      -10       10 -68.5388  -29.985  320.177 -554.831 -22.5084
      10      -10       10  -62.189 -17.9064   310.67 -564.826  23.7872
      10      -10       10 -55.7827 -20.7988  305.552 -572.515  1.79728
      10       10       10 -52.4369 -38.5128  309.387  -592.23  14.5103
      10       10       10 -45.5864 -37.4615  306.171 -611.955  25.2707
      10      -10       10 -39.7417 -14.2755  306.588 -633.085  5.78468
      10      -10       10 -28.7365 -7.70581  285.468 -636.347  52.1571
      10      -10       10 -20.1928 -1.60468  261.869 -617.419 -42.9396
      10      -10       10 -24.4874 -7.20887  287.259 -632.223  64.6591
      10      -10       10 -30.6913 -16.2926  310.469 -626.251  -20.529
 40.9454 -40.9454  40.9454 -69.8956  17.4993  277.095 -633.557    57.34
 77.6463 -77.6463  77.6463 -114.603  47.5301  239.323 -650.171  -63.564
 112.152 -112.152  112.152 -160.918   93.714  203.133 -651.698  58.7316
 115.597 -115.597  115.597 -162.284  83.3903  182.925 -604.828 -145.933
-103.573 -103.573  103.573  40.9598  92.9966  210.628 -520.781  69.9056
-111.555  111.555  111.555  39.4992 -188.365   412.99 -854.974 -328.515
 -158.77  220.238  220.238  47.8525 -246.445   452.72 -1203.44  30.6273
      10       10       10 -84.7763 -50.3556  161.117
