     -10      -10       10  4.14952 -2.27715  95.0311 -367.923  123.209
-10.0035 -10.0035  10.0035 -68.5403 -45.3495  354.507 -468.211 -25.1798
  -12.713  -17.8149   62.4993  -45.7223 -0.849263   229.081  -643.461   19.6705
     -10      -10       10 -41.6745 -19.3117  318.898 -580.001 -19.1049
     -10      -10       10 -34.8445 -11.3123  307.649 -585.168  20.7051
     -10      -10       10 -31.5681 -12.8284  307.147 -588.466  3.84755
     -10 -1.35582       10 -28.0193 -20.3967  308.845 -603.043   11.453
     -10  4.22066       10   -23.57 -26.8777  307.221 -614.842  25.7034
     -10  7.78073       10 -19.8203 -31.6641  309.289  -630.65 -1.82033
 -7.79545 -0.830483        10  -13.9864  -24.4519   286.679  -613.784   44.1915
 -4.2846      -10       10 -9.58983 -11.8779   259.92 -587.746 -68.8159
-5.64267      -10       10 -12.1441 -14.5867  288.047  -609.43   51.457
-4.97377      -10       10 -16.0789 -14.0206  310.805 -621.725 -14.7394
 0.79455      -10       10 -21.0477 -10.3965  309.078 -605.573  46.8108
 13.3479 -13.3479  13.3479 -34.7953  -9.3657  306.221 -589.137 -23.4743
-0.959565  -18.9065   18.9065  -21.2814   2.63936   300.362   -582.09   41.2609
-8.36391  -17.387   17.387 -15.8556 -8.21125  294.695 -530.099 -60.5824
      -10       -10        10  -13.6523 -0.959551   308.737  -514.431   38.2397
     -10       10       10 -31.2813 -66.1386   413.63 -585.395 -160.038
-9.68989   10.687   10.687 -26.1992  -25.386   438.72 -661.838  25.0998
      10      -10       10 -66.9527  -36.068  148.864
