 -25.179  37.3364  37.3364  41.4245 -41.4245  41.4245  -386.55  137.255
  -87.47    87.47    87.47  56.0313 -144.766  160.391 -583.093  33.0947
-23.1395  16.5692  74.4764  7.02298 -32.0134  248.932 -793.797  54.5052
 29.8647  29.8647  29.8647 -36.7037 -62.6452  290.559 -696.769  26.8497
 15.3706  15.3706  15.3706 -16.2094 -38.8896  306.745 -677.935  45.4292
 8.37551  10.9165  10.9165 -7.13917 -37.2406  309.009 -652.726   29.587
      10       10       10 -6.40097 -34.7763  310.645 -646.833  25.0382
 7.45952       10       10 -1.67453  -35.013  309.766 -639.458  35.3468
      10      -10       10 -1.62588 -15.1018   308.11 -631.573 0.480823
 8.34656       10       10  2.56073 -33.6725  289.582  -598.31  40.7817
 7.75139      -10       10  3.96072 -9.21837  276.307 -563.068 -76.9859
 10.2041 -10.2041  10.2041  4.41321 -11.9163  290.805  -588.53  47.4224
 15.5092 -15.5092  15.5092 -1.15901 -9.37437  305.856 -614.761 -28.3319
 31.3026 -31.3026  31.3026 -18.2444    10.65    287.5 -622.702  47.9834
 47.4302 -47.4302  47.4302 -36.9106  21.4753  270.896 -624.162 -49.1919
 60.5972 -60.5972  60.5972 -52.6734  43.1316  258.092 -622.476  51.2974
 65.9985 -65.9985  65.9985 -59.3307  35.2273   244.99 -593.278  -102.13
 53.0237 -53.0237  53.0237 -46.5527  36.8475  265.132 -555.315  69.0805
-12.5833  12.5833  12.5833  36.6929 -82.5567  472.259 -736.517 -217.137
-11.9656  63.8526  63.8526  27.5619 -83.4509  474.208 -847.035  27.5737
 52.9504  52.9504  52.9504  -146.22 -90.8167   146.22
