-10.2304 -10.2304  10.2304 -14.9645 -6.47751  324.197 -649.249  102.267
-10.4316 -10.4316  10.4316 -27.5122 -54.4655  394.094 -707.796  -1.7639
-36.6437 -24.3821  36.6437  16.3677  2.98384  283.951 -679.262  54.0141
     -10       10       10 -6.39851 -39.2519   308.96 -609.293 -2.00729
-4.33139  3.12845       10 -8.64901 -22.4872   312.03 -617.441  30.8296
-2.81137       10       10 -8.42473 -31.2108  310.601 -608.532  10.6759
 -2.7259       10       10 -5.46065 -30.2322   310.35 -610.525  16.1999
 -2.8964       10       10 -2.73755 -31.3877  308.765 -607.688  25.8179
-0.830314   1.88722   10.2447  -2.70998  -25.2226   308.614  -605.609   -3.9663
 4.54097      -10       10 -4.48018 -15.2696  285.333 -567.484  33.3754
 11.1762 -5.17479  11.1762 -6.26197 -17.7113  254.098 -532.514 -78.9785
  10.5557 -0.165567   10.5557  -5.72982  -26.0327   286.277   -573.88   38.1346
 10.4893  10.4893  10.4893 -5.04001 -36.3941  311.056 -606.489 -13.3431
      10      -10       10 -1.30562 -12.7902  309.687 -603.827  39.9436
 17.8261  13.4537  17.8261 -10.0793 -37.6602  301.219 -603.541 -11.3842
 18.5838  14.0515  18.5838  -7.5721 -32.3247  300.798 -609.806  39.8322
      10      -10       10  2.23858  -15.525  311.376 -582.011 -26.3308
      10 -1.25456       10  9.07392 -8.67958  316.021 -614.152  46.1329
  12.222  -25.258   25.258 -5.17341  -18.121  284.187 -540.287 -67.5767
  5.97466  -20.0494   37.3593 -0.262321    10.378   217.792  -469.201  -6.14241
      10       10       10 -87.4363 -58.9209  196.533
