-186.597 -186.597  186.597  177.495  166.733  387.255 -1316.93  143.815
-147.176 -147.176  147.176  158.787  87.8048  312.755 -1150.11   45.879
-57.4616 -58.9037  58.9037  85.8447  40.8824   270.74 -796.149  93.4231
-10.0167 -10.0167  10.0167  39.7372  -14.975  305.938 -643.701  4.11859
-11.4811 -10.6395  11.4811  42.5109 -8.40976  306.964 -633.372   32.614
     -10       10       10  42.5891 -32.8474  307.924 -619.675  6.85496
 10.3696  10.3696  10.3696  25.4004 -34.1727  308.265 -619.724  12.4309
-10.4654  10.4654  10.4654  48.4666 -35.9332  307.984 -612.146  19.9235
 11.3495  11.3495  11.3495  28.5159 -38.2484  305.423 -603.384 -10.5077
 11.8493  11.8493  11.8493  25.9967 -38.1291    284.9 -550.778  22.9512
-18.2469 -18.2469  18.2469  55.0046  -4.7324  259.287 -517.469 -93.4384
-31.5136  25.3375  31.5136  76.3752  -51.739   278.41 -617.301  31.8103
-127.906  14.2887  127.906  159.114 -42.5798  159.114 -738.558 -14.5279
-39.4164  39.4164  39.4164    100.9 -66.4701  290.159 -721.665  50.9256
 41.3831  41.3831  41.3831  21.2178 -72.0648  276.125 -709.566  4.51887
  54.389   54.389   54.389  11.4529 -78.2018  258.695 -743.937  60.7155
  64.0232   64.0232   64.0232 -0.200118  -94.0218   253.302  -742.408   -6.2528
 44.6046  44.6046  44.6046   36.458 -56.4181  282.674 -786.955  60.2617
 99.0727 -99.0727  99.0727 -75.9952  65.4925  75.9952 -470.546 -41.8694
 1.37483 -11.9476  11.9476  16.5163  16.5163  16.5163 -160.344 -29.3056
 43.3134 -29.2594  43.3134 -116.803  1.07487  170.867
