 3.79526  18.5216  18.5216  18.6915 -18.6915  18.6915 -260.193  137.756
 -77.808   77.808   77.808  51.2381 -135.471  135.471 -467.195  13.2617
-71.2943   19.048  71.2943  56.4536 -34.4628  240.521 -724.816   46.836
-28.6062  28.6062  28.6062  26.1076 -64.5328  294.917 -682.605  15.5057
     -10       10       10  14.8394 -36.9186  312.327 -658.908  46.5388
     -10       10       10   17.133 -39.8779  311.783 -651.198  25.5016
     -10       10       10  19.6704 -37.7772  312.778 -650.712  27.8278
-3.30763       10       10   16.234 -36.8993    310.1 -647.754  36.0964
 3.80084       10       10  11.6725 -35.2744  307.891 -642.318  4.93483
      10 -3.06463       10  8.71729 -16.9963   287.57 -611.192  44.5372
      10      -10       10  9.54734 -4.67442  271.192 -575.325  -67.727
      10      -10       10  11.2765 -8.72509  288.347 -596.674  51.4481
 17.9793 -17.9793  17.9793  2.33204 -7.82212  300.459 -621.983 -30.4284
  42.433  -42.433   42.433 -26.7478  20.0187  276.005 -635.789  52.8233
 64.4607 -64.4607  64.4607 -52.4735  34.8848  255.897 -646.223 -61.0545
 86.4666 -86.4666  86.4666 -81.2662  67.2082  233.409     -642  57.2241
 97.1381 -97.1381  97.1381 -93.6051  63.1345    206.7 -608.887 -128.877
 93.7955 -93.7955  93.7955 -97.0147  78.6769  220.748 -563.758  78.0246
 99.2651  57.3523  99.2651 -83.0834 -130.265  425.366 -894.472 -267.381
 136.292  136.292  136.292 -125.219 -153.772  472.833 -1032.23  31.8064
 51.9441  51.9441  51.9441  -142.79 -83.6045  143.228
