      10      -10       10 -65.6874   -12.91   334.05 -643.723  94.3724
-15.1589 -15.1589  15.1589 -61.2294 -44.1695   421.42 -699.669 -37.2381
  -59.865  -19.5436    59.865   13.7296 -0.936659   234.801  -701.868   44.9697
     -10      -10       10 -30.1877 -18.5477  319.636 -616.359 -15.5906
     -10       10       10 -24.1946 -30.6803  309.121 -607.145  27.0963
     -10      -10       10 -20.0232 -11.4262  306.972 -603.234  5.83676
     -10       10       10 -16.5545 -30.7903  309.024 -610.541  14.3077
     -10       10       10 -12.5323 -31.9648  307.771  -612.75  25.1759
 2.70199       10       10 -22.1436 -33.6383  309.957 -616.512 -4.14222
      10       10       10 -24.0706 -36.1891   286.58 -581.452  37.0881
      10      -10       10 -17.8791 -13.4111  259.278 -544.524 -78.8232
      10      -10       10  -18.447  -17.139  288.368 -579.801  43.9741
 14.9461  14.9461  14.9461  -24.151 -41.8521  307.011 -616.574  -15.384
 12.9595  12.9595  12.9595  -18.496 -37.0978  307.627 -610.186  44.4384
 10.1183  10.1183  10.1183 -13.8045 -35.9373  312.184 -594.934 -14.0699
      10       10       10 -9.90464 -30.1283  309.711 -593.458  44.4067
      10       10       10 -10.2481 -35.5947   308.91 -568.141 -33.5341
      10      -10       10 -2.47437  1.24776  313.678 -603.984  51.4335
-37.6513 -37.6513  37.6513  30.9214  4.47541  246.889 -498.885 -81.2128
-46.2923 -46.2923  46.2923   50.709  42.9241   137.84 -425.603  37.0402
      10      -10       10 -64.5166  -36.206  151.492
