-18.2694 -44.8651  44.8651 -2.82675   24.844  385.271 -867.109  113.667
-34.4737 -34.4737  34.4737  19.6736 -30.3062  387.582 -839.726  13.8464
-20.6626 -32.7613  32.7613  21.8002  10.7051  294.137 -717.569  70.1054
-3.92598 -1.64067       10  5.84028 -26.7996  309.459  -625.76  1.10214
      10       10       10 -4.93853 -29.6637  310.557 -625.872  33.5354
      10       10       10 -3.14863 -31.8917  309.506 -614.949  10.7471
       10        10        10 0.0768889  -31.2976    310.41  -617.226    16.113
      10       10       10  2.67374 -32.6187  310.064 -614.364   24.993
 9.68131       10       10  5.30602 -34.3864  309.794  -610.44 -5.69965
      10  0.46239       10  6.33449 -26.4592  286.386  -565.16  30.5546
      10 -7.63967       10  8.46243 -15.5708  260.325 -523.391 -84.3851
      10 -2.94613       10  12.0596 -23.8712  285.807 -566.848  36.5907
      10  5.42252       10  16.8498 -32.3445   309.77 -612.683  -13.346
 14.3013  9.51654  14.3013  16.2191 -33.4959  304.935  -627.86  43.1088
  22.388   18.054   22.388  8.34304 -43.8739  297.847 -633.464 -6.41066
 24.4789  24.4789  24.4789  10.4868 -44.3545   293.55  -644.55  44.2258
 26.9007  26.9007  26.9007  5.74502 -53.2455   290.97 -618.368  -21.801
       10       -10        10   35.3381 -0.657479   310.168  -635.281   47.3025
-9.06949  -26.645   26.645  33.7655 -11.1401   249.02 -484.673 -64.6356
-20.6086 -39.4538  39.4538  35.8966  33.2136  103.194 -317.342 -14.2764
-5.43251  8.69895       10 -65.2007 -55.1945   202.67
