-0.0228669    28.7207    28.7207    3.72069   -36.3355    104.951   -428.681    136.496
-49.6402  49.6402  49.6402   16.641 -107.425  223.638 -551.583  14.5962
-21.8582 -7.12091  51.0501  1.23216 -8.74308  270.348 -725.463  53.8743
-15.3042  15.3042  15.3042  1.53755 -45.9147  315.056 -663.178  8.53661
-3.69299  10.7433  10.7433 -4.43035 -32.6952  314.885 -653.147  40.7496
0.510753  11.0909  11.0909 -5.98989 -36.0499  309.447 -636.921  20.2314
 2.54773       10       10 -4.27199 -33.7544   310.02 -635.325  23.6685
 4.07044       10       10 -2.22483 -34.3318   307.95 -633.059  34.2827
 6.44241  9.65096       10 -1.12313 -33.9694  307.308 -633.594  2.01976
       10   1.10026        10 -0.636988  -23.8825    285.39   -598.86   42.9221
      10      -10       10   3.5588 -8.75247  260.483  -562.43 -74.6791
      10      -10       10  3.66174 -11.7429  287.927 -593.104  48.1283
 10.2155 -10.2155  10.2155  3.75019 -14.2259  312.663 -618.198 -21.8965
 24.9917 -24.9917  24.9917 -12.8098  4.15521  296.317 -620.949  44.4451
 36.7317 -36.7317  36.7317 -26.7372  11.1091   283.25 -612.507 -39.2829
 47.5605 -47.5605  47.5605 -39.5514  30.3016   265.06 -596.314  41.0443
  52.004  -52.004   52.004 -46.2904   23.628  251.999 -558.526 -85.3497
 40.0308 -40.0308  40.0308  -32.138   28.874  284.864 -554.255  46.5851
 21.1898  11.3108  21.1898   -5.157 -73.2138  449.612 -712.264 -195.327
 9.96881  57.8296  57.8296  2.44071 -72.4323  416.301 -758.945  9.22709
 27.0631  27.0631  27.0631  -112.92 -65.3794  177.816
