-2.42982      -10       10 -29.8474 -5.71296  180.936 -433.838  105.169
-13.0654 -13.0654  13.0654 -79.1969 -44.2968  389.089 -544.055 -45.7785
-7.92004 -13.1687  66.4565 -54.8038 -6.50916  221.313 -653.931  30.2663
     -10      -10       10 -47.0645 -18.6256   319.65 -579.556 -24.4437
     -10      -10       10 -39.6429 -10.2454   306.57 -579.694  24.0916
     -10      -10       10 -36.5604 -11.7151  306.102 -580.213 0.266095
     -10 -6.62894       10 -32.6507 -13.7983  307.555 -595.121  13.6771
     -10  2.01185       10 -28.6606 -23.7517  306.992 -605.274  23.1268
      -10    9.5293        10  -24.8983  -33.1366   308.881  -620.422 -0.684296
     -10       10       10 -17.0318 -36.4084  285.961 -600.228  40.3868
 1.21801  3.97917       10 -18.1536 -28.0989  252.655 -571.321 -69.6832
      10  3.77794       10 -32.8557  -30.027  286.582 -594.287  45.9882
      10  -3.3784       10 -35.9345 -20.9715  310.442 -610.539 -12.8419
      10      -10       10  -35.149 -10.7337  309.287 -593.778  40.8724
      10      -10       10 -34.9571 -12.5504  309.202 -576.553 -17.3775
      10      -10       10 -33.3227 -7.10426  308.332 -568.281  36.1641
      10      -10       10 -33.7877 -15.0034  303.406 -536.753  -39.454
       10       -10        10  -30.9179 -0.318971   312.046  -557.662    37.859
     -10      -10       10 -24.3164 -38.8431  361.688 -553.501 -94.1018
     -10       10       10  -15.094 -22.0157  349.468  -574.23  25.1235
     -10      -10       10 -45.1307 -38.2705  139.041
