       10       -10        10 -0.470341   1.40324   29.0441  -349.183   123.321
-22.7439 -22.7439  22.7439 -68.3472 -26.3364  333.621 -527.021 -15.8835
-69.7261  10.3971  69.7261  4.57583 -28.8751  214.481 -706.139  32.4311
     -10      -10       10 -49.3558 -19.7302    319.2 -619.119 -10.0391
     -10      -10       10 -41.6886 -12.4597   305.59 -605.722  29.2794
     -10 -7.96965       10 -38.5457  -16.495  305.174 -596.919  6.38572
     -10  1.54391       10 -34.7327 -24.9116  306.959 -603.706  15.6677
     -10       10       10 -30.4564 -34.2085  306.199 -606.743  23.6457
      -10   7.08471        10  -26.4918  -31.9911   307.765  -613.277 -0.935098
     -10  -1.4125       10 -18.5742 -24.7013  286.004 -585.865  36.7018
     -10      -10       10 -11.0027 -13.0891  261.825 -553.429 -68.2102
      10      -10       10 -32.8952 -15.0212  286.953 -580.927   42.917
      10      -10       10 -34.2251 -14.1132  309.249 -603.364 -14.3031
  12.186  -12.186   12.186 -34.8758 -8.34185  306.859 -596.598  41.4398
 18.8809 -18.8809  18.8809 -41.4627 -3.91945  299.754 -591.042 -19.8572
 18.6144 -18.6144  18.6144 -39.8604  1.29287  300.675  -579.18  38.2347
 13.2471 -13.2471  13.2471 -33.4495 -14.0504  297.651 -532.384 -49.2611
      10      -10       10 -29.6628 -4.56029  313.492  -534.34  39.0304
-3.60007  10.0061  10.0061 -28.2393 -72.4159  432.121 -662.867 -119.994
-10.2006  45.2444  45.2444 -30.2283 -62.6698  467.417 -808.895  3.48118
      10       10       10 -62.7588 -54.6066  127.454
