 94.3755 -94.3755  94.3755 -123.183  72.3831  461.796 -1160.89  135.134
-100.653 -100.653  100.653  90.9148  41.2055   355.24 -1080.98  52.4958
-43.3105 -43.3105  43.3105   55.114   24.508  284.609  -784.51  95.3651
      10      -10       10 0.817728 -14.6829  307.264 -644.034  9.25389
      10      -10       10  2.05711 -8.26291   309.58 -628.498  34.4885
      10      -10       10  2.66923 -12.1474  309.985 -609.182  7.59366
      10      -10       10  5.76297 -13.0754  311.097 -606.799  11.3941
 15.7104  15.7104  15.7104  1.00802 -40.4621  303.697 -604.875  19.9127
 11.9019  11.9019  11.9019  8.28537 -37.9616   306.58 -592.334 -12.2973
 10.7444  10.7444  10.7444  9.74677  -35.876  285.658 -539.168  24.3363
 21.2265 -6.32358  21.2265 -1.38111 -14.3538    248.9 -506.075 -97.4082
 12.4658  12.4658  12.4658   16.053 -38.6863  283.104  -553.46  33.5048
 17.9747  17.9747  17.9747  18.1417 -47.1222  300.469 -623.074 -12.9302
 33.8492  16.8379  33.8492  6.31335 -44.6015  283.503 -668.184  49.1645
 43.2901  39.2801  43.2901 -1.18024 -69.5222  277.597 -690.415  3.86878
  48.7571   48.7571   48.7571 -0.414947  -73.1742   268.151  -721.698   56.8375
 53.6787  53.6787  53.6787 -7.04654 -83.9606  267.392 -706.987 -1.39293
      10      -10       10  60.5157 -3.14949  309.886 -722.049  65.5512
-5.95527 -56.0325  56.0325  34.2465  23.5595  140.454 -460.746 -25.9547
-0.891172  -15.3381   15.3381   19.3322   19.3322   19.3322  -182.378  -31.7999
 22.0036 -8.83228  22.0036 -94.6834 -20.5381  188.673
