      10  8.42431       10  11.7042 -11.7042  11.7042 -189.348   101.93
-49.3719  49.3719  49.3719  20.8264 -109.729  109.729 -307.496  2.13797
-22.8647 -27.1216  34.5693 -9.16135  12.7794  301.675 -694.613  41.9477
     -10       10       10 -13.9578 -44.9142  314.878 -623.423  8.97796
      10       10       10 -30.8568 -35.6331  310.528 -620.583  37.1895
      10       10       10   -28.07 -39.3605  308.305 -613.488  16.9524
      10      -10       10  -26.155 -17.0376  311.509 -616.333  20.7956
 0.31006  2.97423       10 -13.0134 -29.7989  308.691 -616.308  28.3566
-1.36453       10       10 -7.46947 -35.3744    306.2 -619.522  2.96036
 2.15816      -10       10 -4.91808 -9.80733  288.565 -602.612  42.8761
      10      -10       10 -9.71319 -4.65555  274.292 -579.882 -55.8745
      10      -10       10 -9.92535 -8.87634  290.899 -598.272  52.3974
 10.9349 -10.9349  10.9349 -12.9278 -15.2768  309.079 -611.036 -25.1464
 43.5386 -43.5386  43.5386 -52.9813  20.0733  273.996 -626.188  51.3906
 73.1466 -73.1466  73.1466 -88.2447  43.3582  245.588 -644.191 -58.0391
 105.843 -105.843  105.843 -131.153  85.2811  211.845  -650.04  56.0859
 125.403 -125.403  125.403 -151.546  91.4101  177.634 -635.379 -122.891
 122.331 -122.331  122.331 -157.985  105.263  200.532 -609.413  80.3392
 53.5855  145.576  145.576 -86.6906 -222.289  381.324 -973.592 -254.582
-15.9534   246.28   246.28 -53.1006 -272.947  389.645 -1189.83  19.3351
      10       10       10 -110.395  -44.436  209.037
