-117.075 -117.075  117.075  93.6358  94.9185  420.474 -1142.62  119.661
-97.8262 -97.8262  97.8262  94.4006  35.1734  351.421 -1050.83  28.4364
-37.4861 -37.4861  37.4861  53.3103  15.6725  292.569 -764.558  88.8907
     -10      -10       10   24.048 -16.8871  311.163 -643.915  1.47505
 6.94929      -10       10  8.41002 -9.47986  311.147  -627.64  33.3407
      10      -10       10  6.31366  -12.619  308.191 -609.303  6.43856
 11.8923  11.8923  11.8923  6.21143 -34.9413  306.466 -608.147  11.4561
 13.2536  13.2536  13.2536  6.74561 -37.9421  305.343 -604.977  19.1556
 11.8169  11.8169  11.8169   10.065  -38.014  306.168 -593.182 -11.8652
  13.451   13.451   13.451  7.32217 -39.7461  285.262  -546.68  23.5354
 31.1752 -8.49758  31.1752 -12.9674 -13.6505  249.665 -532.852 -95.5225
 38.6359 -6.35682  38.6359 -15.1364 -21.1334  258.451 -591.346  33.9923
 42.4387  6.37053  42.4387 -11.3936 -35.9792  275.447 -658.362 -13.8715
 48.4041  22.2306  48.4041 -11.6798 -49.8656  270.418 -695.392  52.0059
 53.4213  53.4213  53.4213 -14.5473 -83.3299  268.138 -711.711 0.350974
 61.3227  61.3227  61.3227 -17.4914 -85.1336  254.726 -742.404  61.8774
 32.1588  75.4942  75.4942  6.47599  -104.53   239.22 -730.763 -9.59289
 13.8634 -13.8634  13.8634  54.5161 0.959307  316.942 -750.681  75.6194
 -12.352 -78.3964  78.3964  34.8162  47.3866  112.686 -497.308 -25.2231
-3.02955 -22.1217  22.1217   22.737   22.737   22.737 -217.872 -7.13114
 16.7811 -1.22237  16.7811 -85.1168 -35.2591  197.095
