     -10      -10       10 -40.3779 -8.16453  290.706 -586.186  90.1608
-22.5919 -22.5919  22.5919 -44.7034 -33.0546  324.353 -576.619 -12.3947
-16.3078 -4.68191  55.7124 -35.2489 -13.7774  247.412 -677.861   30.005
     -10      -10       10 -35.7974 -17.7413  325.248 -611.428 -11.0178
     -10      -10       10 -26.4747  -8.6611  302.013 -589.094  23.5134
-4.64763 -4.64668       10 -30.7388 -16.0117  318.078 -611.257  7.07734
      10  5.92317       10 -38.3252 -26.1954  305.911 -606.381  15.8259
      10       10       10 -34.8534 -31.7329  314.646 -627.388  29.4308
      10       10       10 -28.7722 -35.1503  306.387 -625.957  1.97044
      10  7.33587       10 -23.0586 -35.1031  310.511 -650.644  48.8619
 127.272 -5.48553  127.272 -158.655 -20.1611  158.655 -760.059 -87.5383
 136.436 -5.07919  136.436 -171.475 -23.1373  171.475 -784.105  41.3708
      10  0.20695       10  -16.888 -25.6436  318.405 -639.811 -9.20004
      10 -4.15607       10 -17.2976 -18.0603  307.307 -593.421  44.8821
      10      -10       10 -17.1624 -13.4176  316.603 -591.029 -19.4494
-2.35557      -10       10 -2.46166  -7.2817   312.23 -576.622  38.7972
     -10      -10       10    4.385 -13.6036   310.75 -548.084 -47.5593
     -10      -10       10    8.548  2.38722  321.185 -569.891  37.5279
      10      -10       10 -20.3885 -28.2936  296.397 -451.088 -113.751
      10       10       10  -9.8877 -17.9137   217.27 -375.095    44.23
     -10       10       10 -53.0665 -56.2568   164.92
