-19.5689 -19.5689  19.5689  36.0683  39.0304  39.0304 -331.347 -7.38645
-305.777 -47.1766  554.269 -10.3836 -10.3836  10.3836 -2406.62   204.94
-52.4635 -83.2425  174.039 -123.292  65.2109  123.292 -846.059 -86.4317
-70.2432 -57.4184  78.3607 -10.2271 -10.2271  10.2271 -339.573 -5.38449
  -194.17 -0.894398   376.039  -10.2064  -10.2064   10.2064  -1436.31  -3.34201
-160.717 -18.5812  300.804 -10.2046 -10.2046  10.2046 -1131.01  51.5155
-134.039 -13.4197  266.178 -10.8768 -10.8768  10.8768 -995.334  0.47327
-92.9479   14.992  232.772 -47.1891 -47.1891  47.1891 -922.416   33.623
-56.6861  37.7015  211.337 -72.7976 -72.7976  72.7976 -898.445 -1.60578
-52.8242  33.1648  206.632    -62.3    -62.3     62.3 -862.531  45.5503
-85.2532  1.41283  228.576 -19.6501 -19.6501  19.6501 -855.716 -56.6334
-113.514 -17.3306  257.624 -11.5254 -11.5254  11.5254 -912.884   42.937
-130.193 -27.6515  283.292      -10      -10       10 -980.145  -11.529
-150.479 -36.2946  297.693      -10      -10       10 -979.703  19.0216
-143.179 -22.3737  318.717      -10      -10       10 -1054.33 -32.2825
-136.096 -30.6463  145.436      -10      -10       10 -297.937 -104.304
-123.636 -7.37411  315.617      -10       10       10 -1007.05  8.85615
-120.577  27.2156  302.096  10.3175  10.3175  10.3175 -945.837  41.9216
-106.621  44.8845  252.814  13.6488  13.6488  13.6488 -744.489  230.271
-31.5801 -31.5801  31.5801 -25.3092  25.3092  25.3092 -34.8946 -220.104
-148.001 -66.4048  148.001  -22.173 -22.6886  22.6886
