-19.5139 -19.5139  19.5139  32.9996  32.9996  32.9996 -306.727 -2.74771
-345.014 -64.0188  628.843      -10      -10       10 -2742.87   169.02
-88.1695 -13.2144  102.096   -39.94 -9.22093    39.94 -280.796 -75.3702
-167.105 -30.0905  321.066      -10      -10       10 -1326.45  22.2779
-174.562 -31.6229  310.844      -10      -10       10 -1198.71  27.0881
-145.189 -23.5549  279.807      -10      -10       10 -1079.09  24.9967
-141.772  -22.663  261.717      -10      -10       10 -961.172 -4.28894
-134.565 -19.4205  257.297      -10      -10       10 -929.862  21.6612
-91.7362   13.681  234.997 -44.8828 -44.8828  44.8828 -913.131 -7.82368
 -75.074  22.0883  225.385 -43.7768 -43.7768  43.7768 -880.142  46.5428
-88.8353  6.53966  237.091 -16.9956 -16.9956  16.9956 -871.624 -47.5336
-113.197  -18.144  256.391      -10      -10       10 -907.614  42.5324
-130.504 -36.5388  272.972      -10      -10       10 -947.344 -12.6003
-144.313 -45.4524  286.037      -10      -10       10 -962.027 -1.05947
-147.905 -43.1923  280.902      -10      -10       10  -904.77  -29.335
-142.553 -26.9386  264.364      -10      -10       10 -802.353 -65.5577
-151.139 -22.1189  275.682       10       10       10 -834.404  12.0962
-112.077  33.6022  279.126       10       10       10 -855.931  3.35787
-86.6502   70.685    188.2       10      -10       10 -494.034   235.48
 -23.677  -23.677   23.677 -19.6062  19.6062  19.6062 -23.6062 -206.436
-88.4118 -42.1051  88.4118      -10      -10       10
