-40.6261  26.5127  40.6261  32.2351 -54.1535  54.1535 -211.535  -50.407
      10       10       10   -13.65 -63.6305  477.596 -851.706  114.793
 43.5338 -24.8815  43.5338 -40.1948 -7.24608   293.74 -716.344 -20.2715
 48.9085 -5.42665  48.9085 -50.6239 -20.4678  269.531 -662.465  55.6484
 44.2672 -1.28945  44.2672 -44.6887  -20.861  278.254 -662.265 -10.4802
 35.7678  1.13052  35.7678 -35.1322 -21.3973  283.677 -637.853  34.3255
 17.8955  17.8955  17.8955  -14.452 -38.9062  303.034  -609.47 -6.73977
 10.8559 -10.8559  10.8559 -5.91037   -9.909  308.375 -591.468  30.1887
 11.3851 -11.3851  11.3851 -7.04264 -13.0314  311.234 -591.293 -17.1037
 31.2936 -31.2936  31.2936 -29.4796  3.42749  273.215 -591.675  28.7255
 121.566 -17.0313  121.566 -135.949 -10.0662  135.949   -646.6 -96.0812
 142.187 -13.7805  142.187 -157.634  -14.643  157.634  -761.26  24.7502
 147.102 -7.66388  147.102 -161.644 -18.1083  161.644 -791.415 -6.40211
 57.0639 -3.61671  57.0639 -50.9836 -18.6197  274.839 -720.969   28.043
-28.9068  3.14927  28.9068  40.6635 -25.2372  292.459 -662.732  28.0385
-27.9793  9.04083  27.9793  42.7048 -27.9699   289.77  -670.54  17.8466
-31.1853  19.6522  31.1853  46.3899 -38.6992  280.834 -669.756  59.5077
-24.8456  24.8456  24.8456  48.5842 -37.9737  304.811 -733.523  8.70386
     -10       10       10  26.2822 -35.6208  459.106  -861.96  100.965
 11.2129 -11.2129  11.2129  -6.9129 -9.69311  22.9464 -98.2525 -117.556
-17.1884  10.5661  17.1884 -43.6525 -80.0753  195.601
