-40.3198  25.1466  40.3198  31.7489 -53.3202  53.3202 -199.101 -53.4465
      10       10       10  -9.6276 -63.3557  480.094 -846.569  106.083
 42.5456 -28.7196  42.5456 -37.0736 -3.24481  294.936 -705.755 -23.5376
 48.9001 -11.4521  48.9001 -49.1953 -14.3053  269.014 -652.973  51.2846
 44.1458 -5.74642  44.1458 -43.3645   -16.34  277.973 -654.463 -13.0796
 35.2795 -2.56315  35.2795  -33.647 -17.5092  284.825 -632.816  31.6088
 16.9774  16.9774  16.9774 -12.7421 -37.9516  304.658 -605.233 -8.26784
 11.2163 -11.2163  11.2163 -6.01123 -9.53742  308.941 -590.392   29.004
 11.7196 -11.7196  11.7196 -7.23341 -12.6363  311.526 -591.587 -17.4972
 31.4497 -31.4497  31.4497 -29.7677  3.73071  273.617 -592.363  28.3791
 121.444 -16.8526  121.444 -136.331 -10.0487  136.331 -646.272 -96.3194
 142.083 -13.0505  142.083  -158.24 -15.2244   158.24 -763.503  24.5425
 146.547 -6.59282  146.547 -161.992 -19.0912  161.992 -793.268 -5.53864
  56.829 -1.86608   56.829 -52.0036 -20.2276   274.55 -723.803  28.9445
 -28.828  5.40234   28.828  39.1109 -27.3329  291.845 -666.582  30.0507
-27.5739  10.8271  27.5739  40.6829 -29.6991  289.626 -675.691  19.9794
 -30.674  21.0056   30.674  44.0919 -40.4909   280.86 -676.416  63.4065
-23.8803  23.8803  23.8803   45.643 -37.6666  305.888 -743.127   12.569
     -10       10       10  21.5628 -36.7108  460.574 -872.509  109.018
 10.0362 -10.0362  10.0362 -4.56463 -11.2399  21.9952 -102.559 -110.485
-16.5633   4.6647  16.5633 -42.1393 -74.4676  198.096
