-40.7881  20.8056  40.7881  17.5171 -45.4551  45.4551 -229.003 -35.1282
-23.5163  8.97832  42.0874 -88.1049  -64.891  430.944 -874.371  115.795
 33.4291 -3.96617  98.9793 -109.383 -28.8316  222.633 -774.188 -17.4466
 47.3289 -3.67701  116.549 -126.859  -22.528  188.283 -739.709  56.8222
 52.3972 -10.3385  118.068 -132.287  -11.245  192.999 -749.133 -10.4266
 55.7603 -12.2681  119.096 -135.691 -7.05397  190.118 -736.303  35.0132
 58.0994  -14.511  116.482 -136.947 -5.37726  194.018  -729.81 -7.50539
 60.9307 -15.4751  114.676 -139.002 -4.61563  195.035 -718.435  31.2739
 62.2052 -15.1618  112.301 -139.624 -8.52038  200.462 -715.922 -19.1572
 63.1496 -16.2654  115.738 -135.616  -12.327  170.799 -670.934  29.3196
 60.6041 -22.1758  120.794 -126.367 -5.39518  135.932  -630.96 -94.5131
 41.4465 -15.2811  123.683 -112.119 -14.6349   164.24 -688.417  28.1266
 8.17628 -11.6402  128.722 -81.7199 -14.2399  185.441  -747.65 -5.85316
-35.1554   -11.48  134.523 -36.2676 -10.9926  177.925 -759.595   24.652
-74.3567 -9.89865  132.468  5.90638 -11.4542  179.248 -759.322  21.1363
 -97.242 -6.79638  124.581  33.7543  -11.502  187.029 -757.351  15.7685
 -100.964 0.0736109   118.361   42.1942  -17.9116   187.812  -744.629   52.7819
-78.3418  11.6095  95.0636  27.5063  -22.945  235.542 -784.564  10.4274
-38.2409  38.2409  38.2409 -32.3825 -61.3209  421.851 -866.455  93.4353
-14.2046  2.55817  17.8338  3.31421 -22.0152  22.7528  -76.066 -125.353
-59.0926  30.4818  59.0926 -55.2514 -102.268  121.075
