-39.5446  39.5446  39.5446  80.1486 -75.8759  97.0933 -387.464  73.4051
 20.4491  41.3491  41.3491  91.0508 -103.432  404.785 -1052.43   278.99
 26.8999  14.8034  57.4534  57.8796 -39.7271  296.563  -830.32 -49.6528
 47.2853  47.2853  47.2853  41.6059 -77.7385  264.292  -755.25   108.27
 29.9712  29.9712  29.9712  66.1408   -57.61  280.729 -730.401 -14.7176
 10.5481  10.5481  10.5481  94.7561 -35.2864  296.672 -707.917   61.505
      10       10       10  100.923 -35.9969  295.914 -705.595  1.46519
      10       10       10  106.019 -34.2401  293.256 -701.876  44.8772
      10       10       10   110.32 -36.9078  288.557 -694.023 -3.82328
      10       10       10  103.711 -37.9887   262.37  -629.73  31.8749
      10       10       10  96.2415 -35.5612  238.977 -567.219 -94.5403
      10      -10       10  110.887 -17.4248   255.81 -615.476  23.0868
      10      -10       10  126.857 -14.4123  276.066 -669.885 -2.09196
      10      -10       10  133.085 -12.4715    277.3 -675.147  19.6384
      10      -10       10   137.44 -12.6154   274.71 -671.356  15.2838
      10      -10       10  140.649 -13.1664  271.521 -662.104  -1.1747
      10      -10       10  143.923 -15.2731  265.244 -654.781  30.3119
 11.3052 -35.3557  35.3557  159.048  4.03561  267.398 -742.375 -26.7203
  41.3717  -41.3717   41.3717   189.528 -0.811067    366.29  -954.341   40.7554
-12.5957 -12.5957  12.5957 -2.64576 -10.1208  10.1208  100.763 -244.663
-71.4498  71.4498  71.4498 -38.4261 -143.872  143.872
