-38.6163  38.6163  38.6163  80.4818 -76.8807  96.9166 -387.705  75.8381
 21.9696  41.2874  41.2874  92.8252 -104.257  402.402 -1061.52  279.868
  27.124  14.0799  55.5825  59.6978 -38.7601  299.171 -835.862 -50.8433
 49.1463  49.1463  49.1463  41.3852 -79.8939  261.081 -761.494  102.202
 32.5253  32.5253  32.5253  65.2382 -60.1482  275.925 -736.644 -13.0571
 11.7359  11.7359  11.7359  95.6835 -36.6313  293.098 -713.216  56.9622
      10       10       10  103.437 -35.9009  293.573 -710.076  3.02214
      10       10       10  108.538 -34.2453  290.982 -705.898  41.9464
      10       10       10   113.02 -37.0259  286.669  -698.51 -2.14963
     10      10      10  106.72 -38.624 262.162  -636.4 29.5246
      10       10       10  99.5036 -36.6642  239.752 -575.405 -91.7665
      10      -10       10  114.196 -17.8041  255.088 -621.992  22.4853
       10       -10        10   130.264  -14.3082   274.078  -675.149 -0.709156
      10      -10       10  136.442 -12.4966  274.989  -679.44  19.3874
      10      -10       10  140.949 -12.2649  272.214  -675.81  15.7702
      10      -10       10  144.274 -13.2286  269.406 -666.534  1.28416
      10      -10       10  148.408 -15.6934  264.119 -662.403  29.2553
 15.0524 -35.4538  35.4538  161.871  3.91072  269.277 -755.473 -21.2323
 45.4259 -45.4259  45.4259  192.136 0.632227   361.13 -970.989  35.4463
-13.0612 -13.0612  13.0612 -3.57804      -10       10  104.683 -245.537
-70.3357  70.3357  70.3357 -42.2828 -143.557  143.557
