-40.3787  40.3787  40.3787  39.2253 -51.6525  55.3152 -435.304  34.9506
-38.4254  54.7851  340.051     -122     -122      122 -1494.84  147.055
-44.7731 -88.1035  203.724 -54.2133  67.1552  129.597 -983.721 -3.96733
-75.8486 -5.14263  276.449 -20.4108 -20.4108  20.4108 -1028.66  65.3319
 -75.8712 -0.675813   280.809  -20.6359  -20.6359   20.6359  -1001.39   5.65114
-79.4323 -4.17921  284.602 -15.4388 -15.4388  15.4388 -971.168  39.8473
-83.1567 -10.8837  292.129      -10      -10       10 -963.563  2.15458
-81.2209 -11.4164  295.535      -10      -10       10 -953.318  33.7908
-77.3154 -15.5883  294.097      -10      -10       10 -932.822  -12.735
-69.7139 -19.7739  273.959      -10      -10       10 -849.417  27.5811
 -62.584 -19.5464  256.863      -10      -10       10  -781.75 -100.997
-61.7623 -22.6256  278.802      -10      -10       10 -851.458  27.8427
-59.9522 -19.9766  303.185      -10      -10       10 -931.086 -1.36169
-55.0752 -16.9942  308.973      -10      -10       10 -946.659  22.6541
-69.4792 -14.1852  307.738       10      -10       10 -937.667  25.4618
-64.0035 -6.36343  306.396       10      -10       10 -927.699 -2.18199
-60.2566  1.57083  307.419       10      -10       10 -919.202  46.9981
-57.4581  23.3324  330.974       10      -10       10 -985.175 -44.3305
-66.2694  9.49532  337.206       10  6.84407       10 -936.987  56.7856
-13.3969 -27.8476  27.8476 -21.8452  13.8773  21.8452  32.8859  -265.67
-163.587 -56.3591  163.587 0.522984      -10       10
