-37.4979  37.4979  37.4979  39.4393  -57.404   57.404 -329.916  7.14478
 7.22529  24.9101  24.9101 -45.2648 -81.1693  467.768 -956.417  171.757
 82.2064  6.28432  82.2064 -101.441 -39.3033  250.639 -818.272 -2.39451
 75.0968  30.2316  75.0968 -93.7691 -57.1702  239.026 -735.091  80.2117
 61.5523  17.5264  61.5523 -74.6441 -40.5167  257.375 -716.298   2.9227
 52.2198  5.79561  52.2198 -61.9802 -26.2694  264.211 -682.084  50.2136
 27.1129  27.1129  27.1129 -30.2212 -48.3504  296.095 -651.736  2.56468
  32.968  1.05115   32.968 -35.0857 -21.9671   286.77 -640.727  40.2359
 22.3297 -22.3297  22.3297 -19.8734 -1.52858  302.747 -627.332 -12.6024
  47.914  1.46692   47.914 -49.2673 -29.8931   246.62 -594.938  30.6368
 55.7003 -22.2868  55.7003 -55.3302 -5.15477  208.763 -551.971 -98.7356
 59.4466  -15.999  59.4466 -54.8919 -14.3857  236.125 -615.696  27.9224
 35.8496 -10.7283  57.3049 -25.2726 -16.0139   265.61 -666.648 -4.58129
0.358017 -10.7196  57.2019  14.9774  -13.274  264.106 -668.789  20.2314
-45.8977 -10.1762  45.8977  67.0746 -12.3897  275.409 -653.541  19.6475
-47.8597 -7.77263  47.8597  73.2617 -10.6823   271.47 -656.803 -1.14383
-48.4054  6.83283  48.4054  76.2365   -22.86  262.718  -639.58  41.6614
-35.3681  35.3681  35.3681  75.1155 -40.8689  299.136 -684.181  -30.569
 8.25734  25.9317  25.9317  38.7612 -39.8493  422.414 -798.551  55.8477
 14.3935 -18.1817  18.1817 -24.7249  1.77627  24.7249 -13.3598 -194.937
-56.8216  56.8216  56.8216 -38.1026 -127.468  137.951
