-35.2394  35.2394  35.2394  81.9298 -67.0406   91.043 -334.434  17.0347
      10       10       10  157.406 -68.3629  439.523 -998.721  211.578
   39.67  6.51049    39.67  86.4149   -35.85  294.592 -789.189 -36.9644
  21.379   21.379   21.379  97.7527 -49.2229   276.32 -695.312  82.3596
 11.7389  11.7389  11.7389  112.363 -36.0066  286.868 -687.589 -12.2626
      10       10       10  116.551 -32.0794  286.153  -682.37  50.9795
       10        10        10   119.643  -33.0922   286.148  -684.627 -0.309986
      10       10       10  121.375 -32.3803  284.712 -680.507  39.9044
      10      -10       10  123.039 -16.3815  282.818 -674.444 -9.36457
      10      -10       10  112.484 -18.4183  258.038 -609.655  29.0916
      10       10       10   102.12 -35.1122  233.405 -550.073 -97.2252
      10  6.23125       10  116.106 -33.1644  253.115 -607.728  21.9862
      10   8.2223       10  131.198 -31.6713  273.955 -670.646 -1.19803
      10  8.23444       10  135.323 -29.4773  274.105 -680.908    17.96
     -10      -10       10  157.605 -11.7669  271.879 -680.652  24.0292
     -10      -10       10   160.24 -11.9469  270.373 -683.901 -2.62126
     -10      -10       10  161.163 -13.2594  264.951 -680.378   49.441
     -10      -10       10  180.835 -14.7777  289.617 -763.269 -28.2772
     -10      -10       10  229.528 -25.9377  394.081 -931.358   75.999
      10      -10       10 -8.00736 -16.6148  17.2203  12.0111  -206.16
-61.0087  61.0087  61.0087  14.7813  -133.07  174.637
