-39.4173  37.2166  39.4173  38.2683 -59.7217  59.7217 -306.616 -8.29492
  17.845   17.845   17.845 -41.2611 -72.9535   471.14 -928.293  161.957
 68.7163 -3.56304  68.7163 -78.3642 -28.8237  266.364 -794.711 -3.52706
 60.0501  28.4135  60.0501 -69.4275 -55.1575  255.349 -712.627  75.0925
 47.6467  17.0905  47.6467 -52.4863 -39.9169  270.869 -692.035  1.94424
 27.3536   13.376  27.3536 -27.0376 -33.6945  292.589 -654.227   47.327
 17.8717  17.8717  17.8717 -14.2708 -38.9788  303.984 -635.309   3.0327
 20.9582 0.695453  20.9582 -16.3707 -21.5718  298.058 -624.282  37.4995
 13.6924 -13.6924  13.6924 -6.10811 -10.5039  309.736 -612.479 -12.3482
 25.6638 -11.6191  25.6638 -19.5966 -16.9675  270.353 -570.246  30.4017
 41.5226 -18.0693  41.5226 -36.7524 -9.43164   220.99 -531.579 -97.9081
 40.8968 -13.2579  40.8968 -32.1444 -16.4961  253.855 -588.071  26.0726
 36.2705 -8.01903  36.2705 -20.9963 -18.2374  284.285 -637.401 -6.28215
 3.03583 -6.69794  27.9945  18.2696 -16.3531   295.17 -638.535  21.7151
-34.9382 -4.13502  34.9382   58.308 -17.6641  282.077 -640.091  19.8613
-27.6452  1.07252  29.0245   56.779 -18.8618  290.925 -645.458  3.46577
-31.0892  12.5585  31.0892  62.1741 -28.8835  280.342  -632.54  45.5747
 -30.442   30.442   30.442  70.7909 -38.4641  302.465 -693.763 -20.8895
-16.3517  16.3517  16.3517  63.5518 -34.0574   441.07  -814.23  63.7435
 15.5498 -16.1914  16.1914 -21.0454 -1.64422  23.9197 -35.3645 -176.583
-43.3911  43.3911  43.3911 -39.9512 -112.838  157.553
