-39.6039  39.6039  39.6039  40.6404  -61.075   61.075 -318.711 -1.29296
-9.49215  19.3075  19.3075 -9.30287 -74.9435  470.066 -937.141  167.898
   27.312 -0.345428   71.6335  -33.6644  -32.1757    263.23  -801.985  -2.79968
 49.3356  33.2228  49.3356 -52.7437 -60.1348   269.12 -707.606  79.5937
 37.6063  20.0022  37.6063  -36.306 -43.0785  283.334 -687.123  3.24198
 23.9096  12.0684  23.9096 -18.7736 -32.4872  295.422 -651.023  49.2858
 12.2714  12.2714  12.2714 -3.01858 -33.3385  309.168 -630.401  2.96647
 13.8689  1.93985  13.8689 -3.30483 -22.7955  306.482 -620.056  39.5129
 14.2514 -1.74919  14.2514 -2.05624 -22.6166  307.978 -614.281 -12.3965
 23.0842 -9.92601  23.0842 -11.7909 -18.3859  271.148 -566.963  30.6566
 35.3676 -20.2634  35.3676 -24.8405 -6.96175  227.695 -527.611 -97.9834
 37.1964 -14.0066  37.1964 -22.4885 -15.7657  257.996 -587.334  27.2069
 31.3136 -8.02766  31.3136 -9.07948 -18.1112  290.825 -637.826 -6.66268
  6.6723 -6.93405  26.4986  20.7017   -16.44  294.787 -635.964  20.8855
-24.7386  -4.8354  24.7386  55.9993 -17.0854   295.33  -633.21  19.1416
 -22.2554 -0.528955   22.2554   58.1362  -17.5886   295.826  -632.388  0.848229
-24.2931  11.7883  24.2931  61.9837 -28.0102  285.287 -618.456  43.6494
-13.1473  24.2266  24.2266  60.2436 -31.9019   305.65 -676.706 -26.0329
 11.4204  11.4204  11.4204  45.5908 -28.7717  441.688 -798.801  62.6778
 16.1527   1.9682  16.1527 -21.8837  -19.642  26.2638 -30.7262 -185.742
-47.2461  47.2461  47.2461 -36.3425 -117.028  152.416
