 -43.706   43.706   43.706  54.0085 -67.3312  73.5164 -363.301  53.2922
-8.29501  30.6878  30.6878  21.0975 -87.0775   459.54 -996.695   219.48
 20.3106  12.3271  79.5266 -5.29955 -42.5017  258.495  -814.44  0.55061
 43.2943  43.2943  43.2943 -20.9912 -70.7366  275.244 -712.859  95.2221
 26.4503  26.4503  26.4503  2.69282  -50.356  294.335 -687.281  7.73409
 11.6165  11.6165  11.6165  23.0384 -33.0402  308.098 -655.538  56.8839
      10       10       10  28.7386 -32.4497  310.371  -649.69  8.25077
      10       10       10  32.0855 -31.9112  310.048 -642.993  44.8974
      10       10       10  35.3216  -35.194  310.156 -636.338 -8.13905
      10 -1.13382       10   33.835 -27.0602  280.598 -570.066  34.3936
      10      -10       10  32.4525 -16.1493  249.195 -507.992 -100.944
      10      -10       10  41.4923  -18.631   278.98 -565.877  27.9643
      10      -10       10  51.9426 -15.6836  306.304 -625.469 -3.99378
      10      -10       10   56.871 -13.1298  306.089 -628.012  16.5059
 2.11187      -10       10  68.5272   -11.96  303.819 -621.738  18.4998
 -6.2569      -10       10  80.9962 -9.15146    300.4 -616.661 -11.0099
     -10       10       10  86.5176 -27.0944  292.131 -596.948  39.3678
-1.42972       10       10  90.6145 -21.8258  312.124 -652.054 -48.7164
      10  8.61315       10  107.314 -28.0679  442.377 -805.878  49.0011
 2.54727      -10       10 -12.4808 -10.1778  12.4808  56.5592 -218.924
-66.2649  66.2649  66.2649 -26.8841 -134.689   136.79
