-40.7059  40.7059  40.7059  72.3602 -75.6237  93.6387 -401.251  101.732
-3.27718  72.7824  72.7824  57.3142 -136.311  372.643 -1062.52  316.511
 6.21991  9.18626   65.531  36.9187 -29.4262  291.188 -826.198 -50.1988
 25.5405    61.13    61.13  27.8411 -92.8093  256.255 -764.324  114.227
 35.1035  35.1035  35.1035  28.5664 -63.4679  282.643 -731.796 -11.8639
 10.8014  10.8014  10.8014  63.9769 -36.4524  303.965 -701.262  61.6191
      10       10       10  72.1186 -36.7078  304.613 -700.163  2.69799
      10       10       10  78.9744 -34.9443  302.664 -697.112  44.8701
      10       10       10  85.7179  -37.761  298.339 -691.477 -2.61055
      10       10       10  82.8319 -38.6061  270.962 -627.827  32.7432
      10       10       10  78.3028 -35.9992  245.951 -564.641 -98.1507
      10      -10       10  93.6648 -17.6319  263.712  -614.67  26.7209
       10       -10        10   110.281  -14.8102   285.492  -671.025 -0.575705
      10      -10       10  117.651 -13.0415  286.674 -674.474  22.3495
      10      -10       10  123.489  -12.809   283.44 -669.137  15.4923
      10      -10       10  127.488 -13.3514  279.692  -655.08  1.76931
 10.2554 -10.2554  10.2554  132.276 -14.2535  272.818 -646.898   25.428
 43.1564 -43.1564  43.1564  115.212  13.2231  270.567 -738.152 -22.8194
 48.7678 -48.7678  48.7678  175.607  9.40463  382.438  -973.99  21.1679
-15.8789 -15.8789  15.8789 -8.63666      -10       10  141.661 -252.887
-65.4774  65.4774  65.4774 -68.9662 -132.015  132.015
