  -39.63    39.63    39.63  74.0659 -75.0986  94.2979 -404.353  108.475
-2.62491   76.646   76.646  60.1773 -141.593   363.06 -1067.32  334.363
 7.82121  9.22773  64.1639  38.9902 -27.5161  294.465 -836.873 -60.3825
 27.4541  63.8079  63.8079  30.2625 -96.3619   255.84 -781.755  122.531
 38.4549  38.4549  38.4549  29.6501 -67.7192  280.372  -747.76 -16.3391
 14.3961  14.3961  14.3961  65.0742  -40.638  300.377 -715.898  66.8819
       10        10        10   78.2106  -37.7285   304.343  -712.119 0.0206399
      10       10       10  85.6039 -35.3886  302.012  -709.23  48.0638
      10       10       10  92.8208 -38.2068  296.528 -702.798 -3.88198
      10       10       10  89.5322 -38.4534  268.049 -636.659  34.8347
      10       10       10  84.4818 -35.4218  242.378 -571.317 -101.228
      10      -10       10  100.632 -17.3687  260.032 -622.076  28.0078
      10      -10       10  118.215  -14.901  282.476 -679.836 -1.18083
     10     -10      10 125.914 -13.045 284.043 -683.23 24.0398
      10      -10       10   131.86 -13.0106   280.64 -677.002  14.4058
      10      -10       10  135.384 -13.3993  276.227 -659.562  2.87039
 14.2155 -14.2155  14.2155  135.271 -10.0966  264.718 -652.966   22.042
 51.6267 -51.6267  51.6267  113.037  20.8031  257.212  -743.34 -20.2587
 60.0071 -60.0071  60.0071  176.865  20.3122  368.727 -995.174  15.0901
-15.6947 -16.3964  16.3964      -10      -10       10  152.746 -256.046
-64.9584  64.9584  64.9584 -73.3284 -130.377  130.377
