 13.7706  13.7706  13.7706  32.4347 -30.7085  32.4347 -290.914  188.117
 76.6241  76.6241  76.6241  -93.257  -139.25  426.156 -1102.98  406.488
 73.0219  10.2212  80.2409 -74.4999 -29.7137  275.051  -813.77 -53.8386
  74.091   74.091   74.091 -60.7409 -108.392    244.2 -753.835  137.436
  55.0931   55.0931   55.0931  -30.6044  -85.4825   269.088  -736.959 -0.731941
 33.2573  33.2573  33.2573  3.28342 -59.9242  287.944  -705.14  70.0033
 11.8752  11.8752  11.8752  37.9196 -39.6612   312.28 -690.125  18.1924
      10       10       10  49.0563 -34.6047  311.755 -687.903  50.0451
      10       10       10   59.193 -36.9295    308.7 -693.188  13.1886
      10       10       10   61.258 -34.7674  271.976 -627.731  43.1096
      10       10       10  60.0072 -29.3593  238.698 -559.911 -100.219
      10       10       10  73.4462 -34.7017  268.881 -618.692  36.6685
      10      -10       10  87.4867 -16.2869  302.258  -673.12  14.0866
      10      -10       10  91.1687 -15.5101  304.047 -653.457  12.2921
      10      -10       10  92.4641 -14.7877  298.727 -616.739  19.8786
  19.112  -19.112   19.112  81.4413 -5.74091  285.098 -578.907  -45.195
-79.0332 -79.0332  79.0332  163.514  52.5498  206.838 -564.328   10.248
 -111.04  -111.04   111.04  202.668  78.8805  202.668 -610.809 -114.219
 78.0396 -78.0396  78.0396  115.377  42.6374  448.769 -926.194 -6.04431
-18.2263 -18.2263  18.2263 -14.8489 -14.8489  14.8489  248.756 -195.277
-70.7843  70.7843  70.7843 -70.0322 -133.322  133.322
