 11.0307  11.0307  11.0307  26.9311 -26.9311  26.9311 -219.926  180.406
  83.448   83.448   83.448 -96.5685 -149.888  417.692 -1130.25  427.915
 66.0444  10.0791  79.4689 -68.8052 -28.4296  283.664 -823.911 -57.2256
 79.9862  79.9862  79.9862 -65.1027 -115.336  241.986 -771.746  144.543
 63.5583  63.5583  63.5583   -37.49 -94.7552  262.155 -754.099 -1.46504
 43.0796  43.0796  43.0796 -3.92976 -69.5499  278.512 -724.932  73.5833
 26.2307  26.2307  26.2307  26.9594 -53.5715  296.711 -716.434  20.0041
 17.9973  17.9973  17.9973  47.0744 -41.4104  302.171 -710.551  53.3269
      10       10       10  68.4483 -35.5188   305.87 -710.556   17.883
      10       10       10  71.3436 -33.0026  269.196 -648.235  46.6398
      10      -10       10  70.5301 -8.66819  237.139 -582.424 -96.6609
      10      -10       10  84.2034 -15.2121  268.321 -639.162  38.1833
      10      -10       10  97.3307 -16.5581  301.104 -685.865  22.1919
      10      -10       10  100.383  -16.339   304.28 -661.256  6.26127
      10      -10       10  99.6926 -15.0983  297.161 -611.936  26.6338
 28.2014 -28.2014  28.2014  75.1003   2.4716  272.617 -565.123 -65.2753
-69.2074 -95.5857  95.5857  149.815  66.7371  180.647 -528.224  16.7195
 -84.952 -139.221  139.221  170.144  102.354  172.726 -569.081 -155.164
 51.3518  -121.94   121.94  162.282  75.7873  426.699 -1004.24  4.73712
-17.1239 -17.1239  17.1239 -14.2687 -14.2687  14.2687  239.235 -145.569
-70.0162  70.0162  70.0162 -83.5401 -132.406  132.406
