 -36.806  33.9719   36.806  36.0232 -53.7786  53.7786 -319.938 -2.88443
-5.18031  25.7545  25.7545 -44.5933 -81.5978  461.375 -948.771  172.272
  52.079  10.3574  88.3305 -80.6981 -43.9055   244.78 -832.858 -4.89341
 90.4443    24.37  90.4443 -119.467  -50.917  224.616 -763.167  81.6394
   82.63    16.01    82.63 -107.661 -38.8735  236.695 -746.989  1.73591
 68.2378  9.65954  68.2378 -89.0995 -29.7322  249.893 -706.148  50.0975
 55.4011  5.80782  55.4011  -71.783 -26.5186  264.674 -679.887  1.53793
 43.1928 0.487802   53.071 -57.1934 -20.8831  266.421 -663.483  38.5819
  46.451 -3.72074  53.4854  -58.276  -20.608  268.411 -658.845 -13.6985
  65.337  -11.879   65.337 -76.6341 -17.2165  228.455 -615.618  32.4643
 82.4882 -22.7123  82.4882 -93.3033  -5.3938  180.454 -583.335 -98.7751
 77.6781 -18.0106  88.8108  -85.877 -12.5526  206.539 -649.595  28.9254
 53.8393 -13.8187  85.6319 -55.9784 -13.2243  237.873 -702.081 -6.38498
 7.68037 -14.2638  80.2685 -4.67514  -9.6385  242.426 -694.535  21.7513
-37.5729 -13.0947  73.7177  45.7062 -9.15821  247.697 -683.513  17.3941
 -65.1377   -9.1796   65.1377   79.1749  -8.45248   256.264  -674.393 -0.241817
-62.2108  4.69246  62.2108  79.9099 -19.3784  249.172 -652.206  40.5931
 -41.958  44.7707  44.7707  71.2833 -48.8451   290.88  -689.54   -26.88
 -30.555   30.555   30.555  65.9671 -42.9748  416.402 -799.396  51.7884
 15.6998 -20.1272  20.1272 -26.5276  3.73695  26.5276 -27.0266 -188.414
-60.5533  60.5533  60.5533 -38.4267  -132.02   132.02
