 -35.3574   35.3574   35.3574   36.1576  -54.6162   54.6162  -325.611 -0.146336
-9.96085  29.3022  29.3022 -44.5677 -86.1866  460.277 -961.609  175.965
 42.4919  9.20836  88.3986 -73.6517  -42.887  247.302 -834.537 -5.46903
 68.0476  25.3799  103.543 -101.466 -52.1095  206.073 -766.962  82.3724
 88.3288  16.5924  88.3288 -116.097 -39.2057  228.762 -748.245 0.137991
 80.7184  7.37983  80.7184 -105.713 -27.2692  235.486 -715.803     50.4
  70.493  1.52302   70.493 -90.9983 -22.2721  249.664 -698.934 0.629847
 53.2731 0.659495  69.2684 -71.3246 -21.1659  250.103 -684.267  40.0634
 66.7467 -2.28861  66.7467 -81.6392 -21.9597  255.569 -678.082 -13.5783
 78.1466 -9.71504  78.1466 -92.5317 -19.2882  216.064 -631.713  32.0612
 88.2758 -23.4531  88.2758 -100.914 -4.72876  175.633 -588.693 -98.4872
 70.6031 -18.2726  94.3432 -80.3197 -12.6011  201.466 -654.224  29.2931
 44.5222 -13.9365  90.0422 -47.9272 -13.3435  233.988  -704.64  -6.3105
 6.39208  -14.627  88.9936 -5.10327 -9.57346  234.447 -703.513  22.3109
-30.7464 -15.2696   83.584  37.0441 -7.55215  238.592 -693.208  15.9293
 -72.821 -12.5207   72.821  85.8248 -5.65339  247.776 -680.129  1.96604
  -58.4117 -0.0407479    75.8246    74.0425    -15.457    235.541   -665.221    36.2045
-46.0238  47.3756  47.3756  75.8042 -51.0454  289.269 -692.444 -25.1957
-33.4078  33.4078  33.4078  69.5997 -45.0056  409.879 -797.958  48.9335
-21.4729 -21.4729  21.4729   8.7233  5.38621  27.1167  -22.255 -191.261
 -60.986   60.986   60.986 -42.8818 -133.222  133.222
