-37.6309  26.8311  37.6309  23.5678 -45.6797  45.6797     -289  -9.6929
 122.166  8.88809  122.166 -248.917 -64.7704  339.592 -1036.36  122.697
 124.382 -20.3833  124.382 -204.752 -11.0955  204.752 -867.096  -8.1249
 115.374  2.69207  115.374 -190.296 -29.3826  190.296  -775.99   66.841
  118.02 -5.51597   118.02 -192.292 -17.6205  192.292 -773.957  2.49679
 120.258 -7.51977  120.258 -193.418 -13.5884  193.418 -771.414  42.9365
 114.863  114.863  114.863 -188.585 -140.634  188.585 -717.172 -3.66657
 118.871 -118.871  118.871 -188.784  102.886  188.784 -718.842  32.4142
 122.473 -17.5996  122.473 -196.207  -5.4949  196.207 -727.535 -17.0968
 111.375 -11.3007  111.375 -175.356 -18.3353  175.356 -652.054  27.2983
 102.914 -15.2758  102.914 -157.971 -14.2936  157.971 -596.833 -95.8488
  116.22 -14.6627   116.22 -174.475 -17.9031  174.475 -668.171  30.4171
 134.134 -19.7394  134.134 -194.063 -6.96121  194.063 -771.518 -3.66812
-57.1646 -20.6974  269.293 -22.2532 -2.84969  22.2532 -869.355  19.9996
-194.599 -18.5507  194.599  129.656 -2.60413  129.656 -831.567  16.0927
 -185.45 -14.8299   185.45  127.763 -2.72945  127.763 -803.093   8.0456
-181.981  -4.4189  181.981  129.368 -9.78702  129.368 -797.837  43.9815
-192.313  17.8786  192.313  143.599 -20.4414  143.599 -872.304 -5.91487
-162.791  48.6621  162.791  105.499 -58.3333  267.131 -948.348  71.8676
 2.85371 -20.4387  20.4387 -20.9362  5.97534  20.9362 -33.1627 -166.313
-83.9333  24.3397  83.9333 -43.3506 -96.2784  96.2784
