 36.5506   30.278  36.5506 -39.6068 -53.1295  53.1295 -284.597  -15.977
     -10       10       10 -28.2896 -64.0655  480.863 -903.178  154.805
 86.4339  11.6806  86.4339 -109.746 -45.7102   240.18 -801.589 -8.83406
 96.7394  9.39164  96.7394 -123.888  -35.025      226 -771.605   73.017
  139.81  3.02516   139.81  -172.11 -25.4609   172.11 -805.769 -4.04781
 143.502 -2.97686  143.502 -175.143 -16.2613  175.143 -811.017  42.7354
  142.39  -6.4912   142.39  -171.76   -14.44   171.76 -792.248 -1.45373
 114.573 -9.43235  114.573 -136.911 -10.8618  214.587 -774.317  37.5506
   144.1 -15.1465    144.1 -170.791 -9.52065  170.791 -776.165 -14.9945
 136.551  -29.099  136.551 -160.153 0.963682  160.153  -723.45  29.1546
  119.91 -41.6985   119.91 -138.043  12.8423  138.043 -628.387 -95.3533
 44.1653  44.1653  44.1653 -45.6704 -74.3529  269.681 -632.015  29.8577
  146.84 -34.7477   146.84 -163.108   7.7397  163.108 -762.582 -6.76326
 156.233 -37.8008  156.233 -169.355  16.0574  169.355 -811.018  21.2437
 148.565 -31.6599  148.565 -158.484  9.69474  158.484 -763.888  16.9256
 29.6378  29.6378  29.6378  -12.835 -47.4067  301.315 -662.103  8.66936
 19.6853  19.6853  19.6853 0.371324 -36.7774  293.649   -612.7  43.6771
  22.517   22.517   22.517  4.78022 -30.5365  311.576 -673.448 -12.8468
-13.5238  13.5238  13.5238  41.1074 -31.3436  440.621 -796.423  58.8635
-19.2274 -19.2274  19.2274  10.9817   1.0254    26.52 -46.5056  -164.01
  40.423  58.8719  58.8719 -130.609 -130.609  130.609
