 21.2136 -21.2136  21.2136 -87.6052 -3.83172  555.332 -947.329  63.9425
-108.545 -108.545  108.545  48.7338   46.805  359.948 -989.189 -53.7525
-87.0488 -87.0488  87.0488  57.4119  61.9817  238.975 -758.238  47.1641
      10      -10       10 -31.4895 -22.4243  327.434 -595.632 -28.9389
      10      -10       10 -24.8319 -15.9799  304.791 -563.577   15.848
      10      -10       10 -20.3923  -16.158  330.934  -618.68 -5.51498
 127.176  -18.637  127.176 -156.683 -8.90255  156.683 -684.709  1.54852
 26.8931 -26.8931  26.8931 -26.3389 -2.43508  314.152 -686.478  24.6295
 57.3952  57.3952  57.3952 -62.4323 -101.514  265.666  -692.25  7.14924
 124.205  41.2736  124.205 -127.272  -69.916  127.272 -735.399  24.4442
 103.226  9.90877  103.226 -102.692 -33.6467    161.6 -697.668 -59.0017
-161.396  4.55727  181.544  140.905 -30.5824  140.905 -831.346  49.3382
 24.0709 -76.5774  229.238 -40.0174  65.5527  65.5527 -910.533 -15.0233
 165.657  25.9689  165.657 -170.281 -55.5625  170.281 -870.547  42.1873
 101.471  43.1005  206.413 -111.062 -73.2029  111.062 -899.273 -8.01577
  32.978  54.2509  229.185 -45.5402 -81.8214  91.8821 -921.389  37.6887
-17.4435  28.2078  246.975  2.19749 -56.6173   62.612   -916.6 -33.1235
 -52.292 -47.5697  212.859  48.9797  38.1851  92.8816 -866.113   31.229
-75.8805 -100.153  100.153  77.1255  77.1255  77.1255 -456.172 -51.6337
-18.0706 -18.0706  18.0706  29.7409  23.8352  29.7409 -158.966 -23.0685
 58.4636 -58.4636  58.4636  -145.83  -1.2948   145.83
