      10      -10       10 -20.6464 -5.29653  347.444 -710.229  91.1014
     -10      -10       10 -7.59172 -57.0204  371.985 -694.449  28.0289
 32.1434 -32.1434  32.1434 -36.6588  12.8605   293.38 -691.852  49.3837
      10       10       10 -11.6311 -38.8737  314.093 -632.358  7.55389
      10       10       10 -7.87421 -29.7871  311.569  -630.83   31.521
      10       10       10 -6.01679 -32.0195  310.023 -621.107  14.6291
      10       10       10 -3.24521 -31.0279   310.47 -621.415  18.2917
       10        10        10 -0.639315   -32.042   308.941  -618.054   24.4198
      10       10       10  1.42384 -33.2683  308.463 -613.789  1.31719
      10      -10       10   3.3953 -14.1658  279.368 -561.022  25.6671
 16.5448 -16.5448  16.5448 -2.39811 -5.07564  209.676  -468.25 -67.5209
      10       10       10  7.28472 -34.3526  277.604 -555.049  28.8572
      10       10       10  10.6109 -34.3937   309.17 -606.553 -10.4416
     -10      -10       10  33.9369 -11.6975  307.274 -605.522  34.8448
      10  1.72179       10  14.9177 -25.4141  310.842 -601.473 -11.0046
      10      -10       10  18.7433  -8.2544  307.438 -602.106   35.371
      10      -10       10  17.5548 -16.7206  308.585 -580.189 -28.2363
      10      -10       10  24.3072 -1.11779  305.381 -599.156  38.2065
      10      -10       10  17.1036 -41.9498  342.152 -582.658 -65.9915
     -10       10       10  39.8611 -20.3989  316.019 -551.381 -40.4918
-10.1277  10.1277  10.1277 -66.5112 -56.2982  201.677
