 65.5003  65.5003  65.5003   -50.23 -70.6994  70.6994 -495.232  136.663
 80.1461  80.1461  80.1461  -82.396 -137.713  206.251 -628.859  48.0223
 66.5282  15.5526  66.5282 -50.3965 -31.9647  239.864 -736.666  53.9247
-13.4179  13.4179  13.4179  41.6847 -46.2628  306.927  -669.55  29.0102
      10       10       10  21.4757 -34.6372  308.687 -662.502  43.1626
      10       10       10  21.5124 -37.9855  308.654 -642.424  26.1577
      10       10       10  23.4848 -35.4325  309.494 -638.703  20.5342
      10      -10       10  23.9526 -16.3385  309.219 -621.325  27.7513
      10      -10       10  27.1408 -13.4365  304.767 -618.553 -4.38887
      10      -10       10  22.1406 -15.7546  296.783 -560.326  34.2657
 11.2836 -11.2836  11.2836  31.2227 -9.24635  270.264 -582.738 -64.3991
 145.412  26.9751  145.412 -121.339 -51.5652  121.339 -760.312  33.7266
  169.77 0.219283   169.77 -148.727 -27.9015  148.727 -833.524 -14.1546
 169.036 -28.5901  169.036 -146.514  5.69536  146.514 -818.271  33.3443
 169.943 -48.7296  169.943  -148.98  23.2333   148.98 -793.159 -27.4845
 165.142 -69.6826  165.142 -145.112  47.9695  145.112 -750.225   22.411
 111.173 -111.173  111.173 -74.4683  78.3335   225.97 -720.638 -50.8517
-78.5928 -45.6211  221.401  87.4034  22.0095  87.4034 -774.528  18.9509
-191.862 -12.3741   242.74  222.697 -64.0897  222.697 -1022.69 -104.507
-257.483 -3.40516  257.483  302.042 -13.9116  302.042 -1191.28 -28.5216
 40.2498  40.2498  40.2498  -97.713 -87.7072  131.704
