-44.2504  59.0111  59.0111  63.6579 -63.6579  63.6579 -441.253   112.37
-94.0569  94.0569  94.0569  93.2274 -150.848  150.848 -530.697  41.1943
  78.087  37.1112   78.087 -56.9858 -57.5655  208.487 -694.427  41.2306
     -10       10       10  50.6829 -46.2539  314.038 -666.192  32.7679
      10       10       10  33.2385 -38.8284  307.974 -663.468  45.2912
    -10      10      10 52.7827 -41.209  308.49 -643.99 28.9794
     -10       10       10  54.1848 -37.8474  308.261  -639.35  22.0732
      10      -10       10  33.5199 -17.7836  307.401 -617.937  27.2064
     -10      -10       10  55.5964  -10.527  299.815 -612.058 -5.35307
-13.2491 -13.2491  13.2491  51.0416  -11.415  305.089 -564.401  33.8145
 56.0798 -56.0798  56.0798  -16.696  39.3422  225.391 -625.898 -64.9238
-93.7234  107.331  107.331  129.056 -129.056  129.056 -670.227  27.5411
 37.3453 -37.3453  37.3453  19.4177   8.1117  293.715 -697.464 -5.24524
 64.5912 -64.5912  64.5912 -13.2545  41.4048  259.219 -709.429  36.7485
-99.6424 -108.578  181.901  125.247  79.0831  125.247 -792.578 -25.2337
 110.992 -118.277  223.891 -92.4273  92.4273  92.4273 -838.226  21.8956
 90.3772 -112.854  247.301 -74.0233  74.0233  74.0233 -853.808  -55.189
 31.4792 -56.8924  301.765 -26.5662  26.5662  26.5662 -901.938  19.9499
  103.82  5.20624  402.862 -86.5959 -86.5959  86.5959 -1247.15 -122.863
-141.373  22.9295  426.514  176.312 -44.2884  176.312 -1482.34 -55.2893
-55.9814  55.9814  55.9814   -1.138 -103.182  103.182
