      10      -10       10 -10.0116 -7.89151  383.128 -718.255  105.121
 12.0964 -12.0964  12.0964 -9.82404 -53.1973  392.568 -738.901 -10.4295
 41.6801 -27.2974  41.6801  -32.927  4.90781  283.113 -707.061  60.2432
      10 -3.41964       10  2.61103 -26.3401  317.065 -629.027 -10.4154
      10      -10       10  5.50372 -10.7118  310.614 -618.237  30.2414
      10  8.52081       10  6.44986 -30.7042  310.852 -608.864  2.20552
      10  6.43031       10  8.66895 -28.6168  309.469 -604.455  11.2188
     -10  5.42342       10  29.0158 -28.1862  312.204 -593.871  12.4158
     -10      -10       10  29.6861 -19.6667  306.396 -573.341 -12.5158
     -10 -5.00211       10  26.0284 -21.8666  277.156 -496.252  10.5373
     -10      -10       10  36.5158 -14.9769  233.259 -498.496 -68.9157
  40.988  1.71699   40.988 -7.28179 -29.5606  251.598 -678.785  46.8806
 41.2463  14.8202  41.2463  -5.6644 -34.5401  278.799 -707.757  1.38537
 29.9361  29.9361  29.9361  8.65548 -52.2632  283.939 -675.707  45.2645
 25.5041  25.5041  25.5041  14.1351 -48.6678  293.361 -659.897 0.561616
 19.6358  19.6358  19.6358  22.1067 -39.9353  296.283 -639.166  40.0965
 10.4192  10.4192  10.4192  31.9461 -36.9855  302.742 -602.091 -14.5613
      10      -10       10   38.154 -2.55104  310.122 -627.266  35.3156
-39.5235 -39.5235  39.5235  71.6772 -5.55148  281.585 -585.018 -39.9032
-22.1762 -22.1762  22.1762  56.5453  14.0075  226.617 -477.515 -32.4562
     -10  1.50272       10 -38.4104 -60.2862  184.357
