 41.2909  41.2909  41.2909 -28.6949 -41.6704  41.6704 -419.069  122.481
 91.5313  91.5313  91.5313 -136.237 -146.138  146.138 -503.764   29.899
-90.7632  31.6905  90.7632  55.1464 -47.8111  199.186 -691.597  25.3749
 19.8727  19.8727  19.8727 -36.2266 -59.2185  301.428 -648.121   19.458
     -10       10       10 -2.24373 -40.9926  312.224 -632.549  38.0079
      10       10       10  -20.866 -43.7642  309.964 -613.382  21.7203
      10      -10       10 -18.1841 -19.2795  311.078 -613.588  18.8743
      10      -10       10 -17.4054 -18.9458  309.862 -596.127  26.6649
      10      -10       10 -11.9464 -11.2692  303.444 -602.302   -4.991
     -10      -10       10  1.19879 -12.8839  303.822 -541.106  40.8387
-25.7086 -25.7086  25.7086  33.1618  12.8492  234.808 -568.104 -57.5502
-122.414  42.0453  122.414  123.341 -62.9314  123.341 -730.319  37.9349
 64.9854 -2.26048  64.9854  -61.494 -26.9887  277.208 -744.006 -1.81124
-161.274 -59.9068  161.274   146.25  33.9809   146.25 -788.974  38.7747
-154.203 -99.1976  191.164  131.335  69.8304  131.335 -813.683 -31.0077
 51.8204 -110.344  230.021 -85.4227  85.4227  85.4227 -811.437  16.9699
-105.606 -108.301  233.399  70.4163  70.4163  70.4163 -763.992  -79.666
 157.329 -78.1181  157.329 -179.506  51.6943  179.506 -694.271  15.4698
 246.411  28.4148  246.411 -277.832 -113.449  277.832 -1053.93 -173.219
 -347.072 -0.655134   347.072   307.283  -18.7049   307.283  -1410.34  -46.5839
-62.9095  62.9095  62.9095 -21.8257 -105.844  105.844
