       -10        -10         10    4.61585 -0.0106182    215.552   -526.098    95.1325
-30.1387  30.1387  30.1387 -5.55451 -93.0561  294.092 -602.807    27.92
 37.9754 -26.2197  37.9754 -56.8487  10.2437  280.235 -692.496  45.2497
 20.7733  20.7733  20.7733 -38.5895 -50.1711  298.998 -639.111  11.6048
  11.196   11.196   11.196 -22.7184 -31.5939  310.362 -637.367  34.5679
 10.0927  10.0927  10.0927 -19.9434 -33.3202  309.943 -623.254  17.9195
      10       10       10 -17.2791 -32.0165  311.731 -625.306  21.0342
      10       10       10 -14.5221 -32.9298  310.156 -622.424   27.128
      10       10       10  -12.128 -33.7029   310.21 -621.249  2.94206
      10      -10       10 -8.14313 -13.9371  285.592 -580.652  31.9668
 12.5435 -12.5435  12.5435  -7.0248 -8.45296  240.343 -515.081 -67.1266
 12.9774 -12.9774  12.9774 -8.25252 -10.4754  282.038 -575.448  34.9769
 11.0739 -11.0739  11.0739 -5.53825 -13.0305   310.11 -607.672 -13.2261
-17.8349 -17.8349  17.8349  23.7921 -2.90726  301.916  -607.86  35.4372
-25.3347 -25.3347  25.3347  30.2544  2.03362  295.663 -604.897 -21.1277
 -27.411  -27.411   27.411  34.0614  11.0406  292.489 -602.058  33.7296
-25.5236 -25.5236  25.5236  30.5787 -1.04241  292.618 -568.714 -51.5649
-10.9721 -10.9721  10.9721   20.767 0.239446  302.495 -540.946  35.8205
-11.9472  11.9472  11.9472  15.3964 -72.4175  398.199 -628.983 -119.953
  18.934   18.934   18.934 -11.7965 -33.8003  420.447 -690.198 -10.4788
-13.8242  13.8242  13.8242 -70.0379 -56.2596  189.817
