      10      -10       10 -46.1439 -7.24396  167.215 -530.542  91.7691
-16.4738 -16.4738  16.4738 -97.0823 -37.7114  425.471 -568.041 -35.8492
 68.2053 -5.21865  68.2053 -131.759 -11.1608  175.692 -661.354  21.3011
      10      -10       10 -82.3162 -20.1547   336.25 -591.515 -27.5201
      10      -10       10 -69.0881 -12.0325   298.94 -560.763   19.003
     -10      -10       10 -48.4077 -12.3343  306.331 -558.112 -7.48261
      10      -10       10 -64.4216  -11.638  303.426 -556.631  3.79804
      10      -10       10 -63.6691 -12.0259  308.103 -548.286  8.31972
      10      -10       10 -58.9051 -15.7119  300.332 -540.293 -16.0616
      10      -10       10 -58.3849 -16.2842  286.213 -475.857  22.3065
      10 -3.71591       10 -27.9885 -19.1591  223.209 -548.935 -63.8725
 26.6828  26.6828  26.6828  -44.389 -53.4774  258.092 -742.896  58.9973
 28.0802  28.0802  28.0802  -57.275 -51.0533  297.509 -726.907   8.2927
  15.813   15.813   15.813 -40.6757 -38.1765  298.915 -658.385  54.1593
      10      -10       10 -37.4627 -12.6932  311.683 -605.799 -4.64801
      10      -10       10 -38.1477 -8.92241  310.044 -572.708  36.6218
      10      -10       10 -39.7847 -15.7006  305.714 -527.536 -37.4453
      10      -10       10 -37.5184 -1.36547  302.865 -517.275  21.6137
-13.7716 -13.7716  13.7716 -28.2717 -33.5315  360.375  -533.21  -94.135
-11.5188 -11.5188  11.5188 -15.0381   5.7448  375.987  -644.31  4.90447
     -10      -10       10 -27.9128 -31.9649  103.353
