-47.9251  47.9251  47.9251  46.6935 -53.0085  53.0085 -464.738  126.051
 79.7928  79.7928  79.7928 -144.239 -136.898  203.884 -561.388  14.1387
   49.98 -9.82345    49.98  -93.805 -6.47636  252.395 -665.181  33.6107
      10       10       10 -46.9714 -43.9045  308.737 -599.077  4.19919
      10       10       10 -43.8056 -35.7141   309.19 -606.373  27.7915
     -10      -10       10 -23.1364 -18.6326  310.044 -588.709  10.5332
     -10      -10       10 -20.1424 -15.8822  309.247 -589.478  10.5712
     -10      -10       10 -20.1914 -16.1053  310.747 -573.678  18.1726
      10      -10       10 -34.6562 -13.6804  302.679 -574.294  -12.312
-13.4404 -13.4404  13.4404  -19.413 -11.5207  296.126 -505.105  31.9388
-30.3626 -30.3626  30.3626  22.5124  12.3558  212.233 -550.238 -64.5549
-44.8676  44.8676  44.8676   46.261 -68.3478  226.774 -703.737  49.4222
 37.8381  37.8381  37.8381   -49.22  -64.969  287.372 -697.627  2.54263
-76.3777 -26.6941  76.3777   56.954  4.54092  237.646 -702.529  46.2865
-73.5226 -73.5226  73.5226  51.1572  49.5641  245.728 -664.312 -21.9351
-70.3664 -70.3664  70.3664  46.0628  51.3294  249.181 -629.644  31.1585
 75.7711 -75.7711  75.7711 -101.532  46.9219  247.469 -617.759 -66.4976
 132.346 -39.1189  132.346  -171.37  18.7288   171.37 -629.327  25.3345
 94.6048    21.61  94.6048 -131.045 -92.8556   424.77 -900.924 -142.973
-308.547  7.52754  308.547  230.885 -25.4639  230.885 -1201.55 -25.7037
      10       10       10 -77.6151 -57.0739  167.876
