 99.8614 -15.6592  99.8614   -123.5  2.41713    123.5 -620.656  94.4785
 16.3934  16.3934  16.3934 -44.4536 -78.3746  343.569  -652.96   19.041
 34.2177 -29.4344  34.2177 -47.4687  10.6875  284.688 -682.183  50.6423
 13.6119  13.6119  13.6119 -25.3236 -41.8718  309.221 -630.142  6.42708
 10.1182  10.1182  10.1182 -17.2058 -29.8348  310.477  -627.92   32.975
      10       10       10  -15.696 -31.8986  309.721 -618.222  15.3373
      10       10       10 -13.4156 -30.7711  310.583 -618.808  17.6097
      10      -10       10 -10.5587 -11.6965   309.16 -616.631  27.0526
      10       10       10 -8.64662 -33.7286  308.834  -615.53 -1.20709
      10   2.7505       10 -5.43997  -28.636  288.097  -582.25  34.2676
      10      -10       10 -2.14423 -13.8385  259.225 -536.469 -73.6753
      10      -10       10 -1.74979 -15.5663  288.347 -577.519  38.6689
       10       -10        10 -0.833362  -14.5976    309.27  -605.222  -14.9562
      10      -10       10  1.13635 -10.6092  308.845 -602.102  38.9432
  13.304  -13.304   13.304 -2.49124 -9.43354   306.83 -595.283 -18.8537
 13.9271 -13.9271  13.9271 -1.03447 -2.44586  305.955 -594.079  38.3837
 13.5682 -13.5682  13.5682 -2.31429 -11.6229  305.049 -566.284 -44.8968
       10       -10        10   5.05579 0.0471692   307.125  -563.677   43.4878
      10       10       10 -2.02403 -63.1702  374.555 -601.793 -109.765
     -10       10       10  22.0911 -24.4915  357.265 -586.481  9.36107
-10.2588  10.2588  10.2588 -67.3314 -57.4599   195.17
