-32.0272 -32.0272  32.0272  4.19516  9.83266  508.027 -935.687  75.1072
-87.8627 -87.8627  87.8627  62.8709  22.4539  366.982  -939.35 -42.6615
 40.4243 -40.4243  40.4243 -42.4077       15  292.125 -694.182  49.1608
-10.4258 -10.4258  10.4258  11.5588 -19.9126  312.917 -594.205  -22.747
     -10      -10       10  15.6017 -12.0226    310.9 -593.089  19.2506
     -10      -10       10  18.8974 -13.5089  310.215 -593.145 -1.60067
     -10      -10       10  23.2987 -15.4808  310.232 -602.268  11.8824
-16.8775  16.8775  16.8775   33.977 -43.1139  305.513 -631.703   20.908
-33.5514  33.5514  33.5514  48.3647 -71.2565  286.231  -643.64  1.00444
 -25.533   48.324   48.324  44.3162  -76.304  217.607 -616.174  19.5732
-49.8523  9.28945  49.8523  67.4576 -34.3035   197.54 -565.499 -67.6289
-57.4428 -21.1102  57.4428  77.7115 -6.98404   275.31 -686.492  46.1888
-145.725  3.96373  145.725  158.823 -20.6317  158.823 -816.211  -7.1199
-155.242  19.7848  155.242  169.894 -43.5461  169.894 -857.373  38.9274
 109.858  78.5908  196.006 -105.237 -105.237  105.237 -862.484 -4.92103
 171.361  23.7198  171.361 -156.821 -46.2091  156.821 -864.346  33.3592
 159.617  11.0788  159.617 -145.809 -39.1413  145.809 -792.763 -20.2226
 85.2549 -30.1283  85.2549 -47.5418  17.2515  247.883 -755.715  30.6039
 110.904 -110.904  110.904 -102.257    78.36  102.257     -518   -34.42
   50.93 -53.8315  53.8315 -35.6549   52.034   52.034 -310.361 -31.6307
      10 -6.30045       10  -66.372  -55.032  197.505
