-35.4166  50.5517  50.5517   53.248  -53.248   53.248 -442.314    133.6
 89.8154  89.8154  89.8154 -104.354 -148.763  148.763 -590.108  52.6619
 92.1398  30.1626  92.1398 -92.9914 -45.6257  215.791  -799.25  56.1988
-61.9184  61.9184  61.9184  67.3108 -99.0839   254.35 -750.106  34.4007
-36.1823  36.1823  36.1823  50.4976 -63.8538  285.125  -728.63  53.0786
-17.5041  17.5041  17.5041  36.2587 -47.3881  301.448 -683.952  36.8074
      10       10       10  11.6407 -37.3274  310.941  -668.56  32.3569
      10       10       10   12.677 -36.3178  308.431 -653.905  38.6234
      10   8.9721       10  13.6455   -33.89  307.536 -641.988  3.88221
     -10      -10       10  34.1645 -11.2651  290.453 -602.203  38.9851
     -10      -10       10  33.9209  -6.4181  272.708 -560.819  -77.345
 -20.0101  -20.0101   20.0101   44.5544 -0.150002   281.278  -598.518   41.0614
-32.5663 -32.5663  32.5663  57.0638  7.52318  285.317 -632.751 -28.1303
-49.5151 -49.5151  49.5151  72.5364   27.473  268.715 -647.044  41.9738
-63.8148 -63.8148  63.8148  84.8579  36.3251  255.537  -649.68 -48.1285
-70.1517 -70.1517  70.1517  89.9066  50.5923  248.257 -638.509  45.3571
 69.5891 -69.5891  69.5891   -49.56  37.4359  248.974 -614.779 -100.617
 63.9919 -63.9919  63.9919 -49.1965  46.7067  238.472 -537.069  60.3775
 34.9928  34.9928  34.9928  3.96225 -107.653  461.333 -770.346 -214.808
 13.7764  63.3838  63.3838  26.8029 -83.6165  495.988 -883.162  17.5944
-74.9141  74.9141  74.9141 -16.5639 -108.395  108.395
