 -34.8383  -34.8383   34.8383  -93.9954 0.0301209    557.56  -1013.46    39.367
-138.892 -138.892  138.892 -1.08928  73.6014   391.71 -1120.68 -122.549
-73.0525 -44.6471  73.0525  27.8451  31.3154  209.766  -844.08  59.2543
-69.5891 -69.5891  69.5891  -3.5209  34.0755  270.889 -674.347 -42.8871
 14.4151 -14.4151  14.4151 -61.0417 -11.0898  300.343 -567.804   10.115
 10.0485 -10.0485  10.0485 -54.4283 -19.5955  308.627 -543.834 -13.5255
      10      -10       10 -47.5839 -21.6397  304.809 -558.923  6.24425
 10.7693 -10.7693  10.7693 -43.6669 -20.5951  329.545 -631.346  15.7739
 121.018  7.89772  121.018 -172.576 -50.5868  172.576 -726.927 -10.7806
 110.464  53.7697  110.464 -136.922 -78.8516  136.922 -746.658  12.0014
 112.105  4.27054  112.105  -135.64 -23.1356   135.64 -736.324 -66.4946
 145.211 -43.7503  145.211 -185.329  17.5921  185.329 -853.893    63.39
 144.876 -11.8783  144.876 -169.582 -5.64627  169.582  -902.49  -7.4122
 145.637  9.25803  145.637 -172.369 -43.1686  172.369 -871.653  53.9826
 152.588  23.5117  152.588 -176.703 -58.7703  176.703 -901.798 -1.84353
 83.6883  82.5453  196.636 -116.582 -116.582  116.582 -913.241  50.6099
 107.688  4.57146  181.721 -133.816 -35.1489  133.816 -887.735 -33.4127
 12.9675 -67.5172  140.554 -25.8869  58.1733  147.204 -772.293  55.6089
-35.0251  -48.713   48.713  39.0523  39.0523  39.0523 -303.372 -31.8786
  6.4868      -10       10  17.4039  17.4039  17.4039 -229.989  43.9599
 30.2951 -30.2951  30.2951  -88.653 -9.81131  129.625
