      10 -2.61288       10 -16.8858 -14.6096    373.8 -717.769  123.248
      10      -10       10 -16.8435  -55.735  401.461 -741.038 -11.9305
 43.4368 -18.9041  43.4368 -41.9575 -2.97468  278.512 -702.802  63.1288
      10      -10       10  -3.4359 -19.9149  315.712 -625.177 -10.5901
       10        10        10 -0.381158  -30.5569   311.434  -618.068   31.9825
     -10      -10       10  21.5572 -12.3657  310.496 -606.432  2.35482
     -10       10       10   23.784 -32.2799  309.531 -601.914  12.2351
     -10       10       10  24.5864 -33.1603  312.563 -592.432  12.5826
      10      -10       10  6.14753 -19.9375    306.1 -573.065 -12.1007
     -10      -10       10  22.5756  -16.737  280.369 -496.356  12.0485
     -10      -10       10   35.762   -15.16  238.868 -513.677 -70.4279
-46.4602  18.6943  46.4602  78.8899 -46.6764  244.919 -696.875  48.9315
-45.1549  31.3162  45.1549  77.9155 -51.7315  273.681 -710.644  4.59226
-10.3995 -10.3995  10.3995  55.0246  -11.166   324.17 -692.242  44.8294
 145.977  20.9058  145.977 -137.021 -43.5305  137.021 -735.393 -6.53239
 40.1597  15.5086  40.1597 -1.22365 -34.2718   294.09 -694.877  33.3245
 15.4684 -3.72591  15.4684  24.4756  -23.504  297.973 -598.825 -14.4902
      10      -10       10  36.0089 -1.81026  309.223 -610.459  28.9984
 34.7928 -34.7928  34.7928 -3.48842 -10.7456  281.409 -558.403 -46.5661
-22.4239 -22.4239  22.4239  55.5375  14.0741  234.607 -470.748 -35.5743
     -10   8.6262       10 -40.8992 -66.7988  179.807
