      10      -10       10  -69.777 -12.0853  375.409 -710.015  102.636
-24.6038 -24.6038  24.6038 -47.5941 -35.6735  407.473 -741.174 -34.9548
 56.3128 -30.7792  56.3128 -99.5303  9.98616  248.155 -702.688  50.8491
 10.1674 -10.1674  10.1674 -48.6547 -18.9541  318.928 -598.795 -22.0369
      10      -10       10 -42.1414 -10.8457  307.033 -583.393  26.1376
      10      -10       10 -38.3602 -12.2165   307.83 -583.831 -1.14262
     -10       10       10 -14.3654 -33.3007  308.469  -588.61  12.4477
     -10       10       10 -10.2367 -34.0313   310.85 -596.953  18.9285
     -10       10       10 -6.84748  -42.524  308.116 -589.674 -2.62451
     -10       10       10 0.186128 -37.6023  285.744  -568.65   25.729
 105.035 -10.4113  105.035 -121.239 -13.1199  121.239 -645.698 -74.2788
 140.135 -13.5244  140.135  -161.53 -12.6287   161.53 -834.847  50.4168
 150.201 -5.61904  150.201  -170.78 -13.2513   170.78 -873.658 -5.48016
 150.082 -3.83241  150.082 -169.243 -19.3423  169.243 -849.364  44.3939
  152.028 -0.651204   152.028  -171.168  -22.7963   171.168  -832.524  -10.4478
 143.114  5.53321  143.114 -160.532 -26.9558  160.532 -760.806  33.3514
 37.4122 0.254545  37.4122 -32.5643 -26.6163  292.587 -639.092 -26.5441
      10      -10       10  2.76862 -2.01546  312.833  -580.85  31.4142
  35.2632  -35.2632   35.2632  -37.4468 -0.418608   248.267  -472.068  -71.1004
 30.9912 -30.9912  30.9912  -22.029  28.0326  180.508 -414.929  -18.385
     -10      -10       10  -45.994 -42.9443  163.512
