 96.2009  46.1619  96.2009 -100.035 -56.6628  100.035 -614.218   136.98
 47.4304  47.4304  47.4304 -54.1739 -107.635  299.498 -699.653  25.1186
  42.0604  -17.9719   42.0604   -33.423 -0.570709   277.019  -723.533   65.3703
      10       10       10  2.40102   -39.89  314.557 -648.412  6.27311
      10       10       10  4.30957  -31.666  311.305 -639.482  37.0018
     -10 -3.56754       10  24.0125 -20.5039  310.455 -617.017  9.23814
      10      -10       10  5.57265  -12.962  309.559 -609.092  12.7973
      10      -10       10  4.60258 -13.9101  311.725 -589.649  13.8157
      10      -10       10  6.70113 -16.1354  305.052 -577.364 -15.5639
     -10      -10       10   18.075 -17.3806  294.178 -490.824  17.2984
 21.5435 -21.5435  21.5435  1.90138 -2.04217  226.722  -530.69 -73.1083
-57.7703  8.52122  57.7703  90.6377 -34.0037  218.483 -714.262  44.9314
-36.1249  36.1249  36.1249  68.7006 -58.6237  285.568 -702.628  2.35005
-21.1538  21.1538  21.1538  57.8858 -41.3869   293.92 -665.108  46.2506
-32.1928 -32.1928  32.1928  64.3945  9.61673  285.189 -646.071  -6.4159
-28.1207 -28.1207  28.1207  61.2617  10.4664  288.828 -627.131  34.9868
-26.8886 -26.8886  26.8886   57.498 -0.64138  286.404  -586.84 -33.2167
-16.0552 -16.0552  16.0552  51.2816  2.19829  301.824 -581.458  31.8909
     -10      -10       10    49.88 -51.1453  419.921 -684.319 -78.5381
     -10 -1.86478       10  57.1737 -11.5679  439.941  -735.74 -22.6435
-10.0412  10.0412  10.0412  -39.562 -63.7681  175.697
