 22.8001  22.8001  22.8001 -30.3539 -34.1546  216.852 -574.121  125.203
-27.7844  27.7844  27.7844 -5.35874  -89.937  344.135 -683.436  15.3251
-44.5897 -19.0239  44.5897   28.178 0.313285  275.079 -708.356  55.4738
 10.1188  10.1188  10.1188 -21.4693 -40.1071  311.174 -625.193  4.20809
     -10       10       10  1.39781 -31.2173  309.714 -620.634  32.9436
     -10       10       10  1.40722 -33.7253  310.088 -601.878  8.66321
      10 -4.09641       10 -16.3611 -18.2723  309.994 -596.975   11.279
      10      -10       10  -16.489 -13.6478  312.266  -582.17  16.4038
      10      -10       10 -13.9526 -16.6221   305.27 -568.154 -14.6225
      10      -10       10 -17.5724 -16.2213  288.317 -498.544  19.3406
 24.0476 -24.0476  24.0476 -15.8521 0.459968  234.593  -551.02 -72.5699
 130.901  21.6912  130.901 -133.365 -49.5866  133.365 -762.455  45.6467
 68.0799  17.5343  68.0799 -61.2363 -40.0889  266.668 -757.836 0.291216
-44.7942  3.09903  44.7942  56.7683 -24.5606  273.268 -683.627  46.9095
 -9.6394 -4.69271  47.8049  18.3528 -17.5232  272.459   -656.9 -8.40178
 23.0063 -23.0063  23.0063 -8.11925   5.8661  299.369 -618.703  36.3336
 21.2294 -21.2294  21.2294 -8.29134 -4.87178  295.403 -577.195  -32.003
     -10      -10       10  27.7398 -2.15186  303.471 -560.148  30.7814
     -10      -10       10  22.9515 -45.8513  363.196 -591.905 -71.5649
      10      -10       10  7.22022 -1.83467  413.122  -666.79 -33.7202
 11.3895  11.3895  11.3895 -75.6343 -66.3512   180.49
