     -10      -10       10 -26.8611 -6.87375  206.926 -520.753  101.875
-13.1853 -13.1853  13.1853 -71.4316 -42.0644  379.367 -591.834 -20.7824
 67.8574  -12.902  67.8574 -126.402  -6.1914  216.386 -694.062  32.3601
     -10      -10       10 -43.1365 -17.9037  325.117 -619.197  -15.849
     -10      -10       10 -33.9923  -10.253   303.86 -597.764  25.7519
     -10      -10       10  -30.778 -11.7198  308.066 -603.025  7.36582
      10       10       10 -46.2932 -31.5397  307.332 -608.713   14.438
     -10       10       10 -21.8582 -32.4841  306.754 -612.537  26.4648
     -10       10       10 -18.1672 -34.4063  307.835 -615.739 -2.01602
     -10  7.56635       10 -12.3043 -34.5541   289.92 -588.856  38.4774
       10 -0.875364        10  -24.5206  -23.6945   261.307  -553.074  -76.0699
     -10  1.87323       10 -6.62323 -28.6932  290.965 -583.558  43.4598
       10 -0.429701        10  -26.0509  -24.6167   310.195  -606.297  -13.3167
      10 -5.94649       10  -23.557 -15.4218  309.797 -598.195  41.1879
      10 -7.59475       10 -22.5562 -15.4447   311.17 -584.209 -15.8151
      10      -10       10 -19.6841 -7.82446  310.441 -578.649  37.6162
      -10       -10        10 0.0589273  -15.0484   305.755  -545.168  -37.1854
     -10      -10       10  5.33244 0.288866  309.208 -562.995  39.5304
      10       10       10 -24.4246 -57.5749  355.488 -559.189  -88.813
     -10       10       10  6.94933 -19.2624  328.185  -562.09  21.5956
     -10      -10       10 -40.2739 -35.9336  132.182
