      10       10       10  -17.615  -26.483  337.787 -665.761  122.091
      10      -10       10 -21.0885 -54.3172  387.992  -710.44 -6.15461
 42.8269 -18.1556  42.8269 -44.6198 -3.08183  277.752 -696.393  60.8573
     -10       10       10  12.8153 -39.8995  314.914 -622.478 -9.74843
      10       10       10 -3.92517 -30.5525  310.863  -617.02  31.6922
      10      -10       10 -2.82683 -11.9541  310.711 -602.746  2.11311
       10       -10        10 -0.621577  -11.6189   309.766  -597.428   10.6423
       10  0.192242        10 -0.700075  -22.6325   312.588   -584.57   11.3507
      10      -10       10  1.12508  -18.554  305.328  -566.97 -14.8965
      10      -10       10 -3.87701 -16.9481  284.938 -488.233  12.1962
      10      -10       10   12.281 -15.4123  241.633 -517.469 -70.8336
 44.0268   13.321  44.0268 -13.2546 -41.6549  244.432 -702.007  52.1074
-32.0799  32.0799  32.0799  62.8981 -52.5733  291.174 -701.674  4.47485
 25.7014  25.7014  25.7014  7.57732 -47.4443  288.107  -670.34  47.4419
 -22.456  19.4509   22.456  54.0297 -42.0185  296.304 -639.895 -1.97116
     -10      -10       10   45.458  -8.9816  308.383 -613.554  36.4677
     -10      -10       10  42.9252 -16.0018  303.317  -576.09 -21.8581
     -10      -10       10  47.5709 -1.87918  308.308 -594.038  26.6511
-23.1696 -23.1696  23.1696  50.3552  -25.025  316.869 -566.975 -53.0962
-14.7384 -14.7384  14.7384  45.8466  5.67499   273.93 -502.866 -30.7207
     -10       10       10 -43.7792 -67.7799  180.167
