     -10       10       10  5.07438 -25.8702  339.759 -689.307  135.293
     -10      -10       10 0.340741 -54.6252  393.306 -725.045  -5.2463
 44.3532  -16.872  44.3532 -44.0837 -4.35519  274.342 -706.049   64.966
      10       10       10 -4.45174 -39.9426  315.114 -631.714  -6.2769
       10        10        10 -0.810515  -30.4711   311.272  -626.223   34.6917
     -10       10       10  20.2197 -32.3618  310.311 -609.289  4.33952
     -10 0.523871       10  22.7397 -22.3484   308.93 -602.073   12.385
     -10      -10       10  23.0742 -12.8887  312.662 -588.697   12.514
      10      -10       10  4.84308 -18.8963  305.462  -570.26 -13.8987
     -10      -10       10  20.5502 -17.4051  283.726 -493.338  12.8606
 17.3417 -17.3417  17.3417  8.61805 -7.47843  249.966  -560.51 -70.3741
 139.373  5.33438  139.373 -125.871 -33.7437  125.871 -781.736  47.4955
 62.7927  18.7002  62.7927 -30.4189 -38.2895  271.199 -771.882  3.41914
-29.1444  29.1444  29.1444  66.9269 -51.2479  285.796 -677.899  47.0597
-26.5012  22.1062  26.5012  63.1318 -44.4124  290.801 -646.874 -2.04787
     -10      -10       10  51.3817 -9.14955  306.508 -613.311   35.108
     -10      -10       10  49.3595  -16.088  303.445 -579.492 -21.4614
     -10      -10       10  54.6196 -2.08444  310.692 -600.597    25.78
-24.1812 -24.1812  24.1812   57.993 -23.4441  305.744 -555.932 -53.2184
 -18.808  -18.808   18.808  53.9398  9.41108  268.939 -495.848  -41.242
     -10       10       10 -41.0048 -67.4692   174.82
