     -10       10       10  12.9846  -19.258   19.258 -383.665  118.782
-16.8646  16.8646  16.8646 -88.7867 -65.4883  382.719 -426.069 -24.5549
-71.9812  1.74136  71.9812  2.41089 -20.8996  172.922 -594.439  5.20579
     -10      -10       10 -60.7738 -21.3846  330.075 -573.803 -27.0054
     -10      -10       10 -49.4963 -15.4926   302.05 -563.727  16.4682
      10      -10       10    -67.4 -15.9695  306.124 -566.552 -2.96794
      10      -10       10 -63.0665 -14.5512   303.45 -571.249  5.10972
     -10      -10       10 -42.4298 -14.2953  308.527 -563.791  13.3386
     -10      -10       10 -36.1478 -14.6616  298.419 -563.454 -15.2513
      10      -10       10 -61.0989 -16.7179  299.199 -492.627  33.7717
      10      -10       10 -26.9265 -10.1282   230.51 -580.873 -61.1249
-27.7954  27.7954  27.7954  15.4667 -51.4466  246.076 -766.666  57.1909
 17.6977  17.6977  17.6977 -45.3582  -42.173  310.266 -714.718  9.62898
      10       10       10  -34.658 -31.7097  306.059 -650.862  54.0616
 24.6105 -24.6105  24.6105 -56.9772  1.15081  293.905 -614.183 -10.3378
-31.9144 -31.9144  31.9144 -3.88811  13.4144  286.229 -587.554  28.6641
-38.1529 -38.1529  38.1529 -2.27581  10.0638  273.592 -531.877 -56.3736
-24.2682 -24.2682  24.2682  -14.716  9.81563  288.331 -487.185  7.70515
-10.0826 -10.0826  10.0826 -48.6463 -52.0778   452.75  -603.03 -146.178
      10      -10       10 -59.8001 0.564201  529.673 -815.114  6.01898
     -10      -10       10 -26.6262 -32.8852   100.34
