 51.8353 -51.8353  51.8353 -47.1522   34.094  343.862 -831.476  132.893
 37.9775 -37.9775  37.9775 -27.3544 -25.7673  330.773 -764.129  26.4339
 31.2057 -31.2057  31.2057 -9.99037  11.4991  296.086 -716.847  69.6172
     -10  8.39692       10  32.7357 -35.4344  311.823 -645.269  2.81007
     -10       10       10  36.1663 -28.6811  310.968 -643.558  35.8349
     -10       10       10  38.3728 -31.2743  309.098 -634.674  14.0455
      10       10       10  21.7322 -30.7592   309.15 -636.388  19.0185
     -10       10       10  44.5095 -32.1559  308.265  -633.97  27.7545
      10       10       10  27.1473 -34.6249  306.889 -631.011 -2.15304
      10       10       10  27.4332 -36.8538  287.628 -593.222  35.0223
      10      -10       10  28.1697  -14.795  266.987 -556.453 -82.1434
      10      -10       10  32.8182 -17.0325  286.757 -590.459  39.9414
      10       10       10  37.6696 -35.4673  306.189 -624.932 -15.7016
      10 -1.92599       10  41.3949 -20.1977  305.371 -627.772  42.6209
      10       10       10  42.1772 -33.9684  306.697 -616.592 -15.9945
      10  -1.8718       10  45.4632 -16.7275  302.782  -613.97  42.6761
      10       10       10  43.2305 -35.2964  301.733  -581.03 -38.3368
      10  1.21635       10  50.9375 -11.6777  309.668 -614.875  42.4955
     -10      -10       10  59.7172 -31.6604  328.479 -528.191 -101.181
      10      -10       10   18.141 0.888922  160.757 -283.805 -13.7596
-14.6526  14.6526  14.6526 -50.4986 -60.9145  201.255
