-34.6322  34.6322  34.6322   30.632 -44.2047  144.027 -523.235  145.121
 47.2804  47.2804  47.2804 -83.9256 -105.214  285.009 -652.346  20.8358
-47.3051 -16.6338  47.3051  27.2788 -0.48186  270.871 -716.544  55.7876
      10       10       10   -22.62 -40.2724  313.071 -638.687  5.11019
     -10       10       10 0.230138 -32.3861  310.005  -629.03  36.9934
     -10       10       10 0.834359 -34.9071  309.657 -608.752  9.39459
     -10      -10       10  3.29484 -13.2005  309.844   -602.4  13.2105
     -10      -10       10  2.71291 -14.0981  312.372 -582.198  15.7477
     -10      -10       10  6.49361 -15.5189  304.543   -572.1 -15.4178
      10      -10       10 -20.0559 -17.6956  296.876 -495.973  22.6982
 28.1433 -28.1433  28.1433 -19.1383  5.67987  236.282 -576.848 -71.0445
 129.096  22.8621  129.096 -125.758 -50.1113  125.758 -780.351  49.8033
-37.9986  37.9986  37.9986  53.3281 -60.1011  314.546 -760.378  1.81406
 139.626 -11.7359  139.626 -145.549 -10.0073  145.549  -753.93   44.387
 -32.398  -32.398   32.398  47.4006  11.0384  305.634 -671.657 -11.0175
-28.7366 -28.7366  28.7366  42.9874  10.4675  290.489 -611.073  35.5618
 24.2537 -24.2537  24.2537 -11.2483 -2.67632  288.478 -562.897 -41.5763
  -13.7288   -13.7288    13.7288    29.8485 -0.0841363    303.015   -545.506    26.3997
      10      -10       10  6.22454 -50.4919  423.066 -659.201  -100.76
      10      -10       10  14.6295 -2.21689  460.942 -736.817 -27.5973
      10       10       10 -70.3608 -61.5034  176.069
