      10       10       10 -42.0072 -26.2828   212.16 -531.069   122.18
      10 -6.56011       10 -86.6122 -49.2485  393.545 -576.862 -29.6385
 63.9243 -8.10412  63.9243 -116.509 -10.8583  218.795 -664.846  31.5967
      10      -10       10 -56.9044 -18.8669   323.69 -597.372 -24.9977
      10      -10       10 -49.6893 -10.8847  306.443 -581.995  21.4333
      10      -10       10 -47.3021 -12.1063   308.34  -576.55 -3.45542
      10      -10       10 -43.2925  -11.581  307.426 -580.249  7.11909
      10      -10       10 -41.3803 -12.2466  310.597 -576.053  13.9989
      10  7.16997       10 -37.5212  -34.455  305.604 -571.152 -12.9343
     -10  -6.0679       10 -15.7466 -21.7199  285.949 -511.769  27.9526
      10      -10       10 -12.7984 -13.6481  250.745 -598.535 -63.7892
 127.177  23.9864  127.177 -146.775 -50.4278  146.775 -866.113  53.9875
 137.794  27.7749  137.794 -167.007 -49.2905  167.007 -858.159 -3.11896
 12.4978 -12.4978  12.4978 -15.5071 -8.47087  323.073 -691.366  54.1767
      10      -10       10 -16.0304 -12.7254  310.626 -606.273 -3.64036
      10      -10       10 -16.3888 -8.37399  309.373 -578.739  34.3064
 10.0412 -10.0412  10.0412 -18.3219 -15.2487  306.308 -537.312 -37.5048
     -10      -10       10  3.58638 -1.14312  311.611 -538.991  20.0641
-10.6386 -10.6386  10.6386 -5.24337 -36.4129  363.868 -540.076 -98.7286
-10.0017 -10.0017  10.0017  7.65971  3.25029  356.787 -598.259 -4.55112
      10 -2.77005       10 -55.3214 -45.9653  137.422
