     -10      -10       10  7.26565  -13.049  491.984 -880.556  116.685
 42.9724 -42.9724  42.9724 -43.3636 -26.2131  419.841 -894.147 -40.7467
 44.4951 -37.6095  44.4951 -31.8815  13.6604  280.841 -720.792  69.8896
 11.7059 -11.7059  11.7059  2.51192 -19.7309  314.354  -616.42 -20.2215
     -10      -10       10  28.8791 -11.3184  310.407 -607.392  26.7676
      10      -10       10  11.4457 -13.2288  309.413 -599.383 -4.12413
      10 -6.99736       10  14.8818  -17.035  308.496 -598.019  9.74121
      10       10       10  17.2909 -34.7476  312.441 -597.985  10.8873
      10       10       10  18.3257 -44.5591    304.2 -574.992 -10.4178
     -10       10       10  37.2703 -35.8898  272.513 -510.727  9.04233
      -10 -0.104689        10   47.1094  -25.2184   250.608   -532.63  -66.6842
 38.9612 0.670811  38.9612  7.67676 -30.5732  265.162 -695.758  54.4107
 50.6628  21.1068  50.6628 -1.08035 -39.9513  268.235 -736.378   5.7765
 67.9668  22.9018  67.9668 -18.4304 -46.8981   258.79 -765.342  43.4419
 155.226  28.3497  155.226 -130.466 -52.9349  130.466  -771.85 -1.83295
  48.493   33.113   48.493  7.74963 -55.6239   283.04 -720.359   35.169
 21.8339   17.172  21.8339  35.7574 -46.4388  289.878 -629.114 -10.1196
 10.0144 -10.0144  10.0144    56.69 -3.57741  307.622 -636.345  25.5032
 2.47686 -70.4442  70.4442  25.3317  33.0705  156.499  -468.45 -34.1101
 38.9212 -38.9212  38.9212 -16.0142  33.2866  83.9893 -291.819 -51.0864
     -10      -10       10 -35.6205 -49.6108  178.056
