 -41.887  43.3704  43.3704  47.0656 -47.0656  47.0656 -376.312    106.9
-95.4402  95.4402  95.4402  44.7346 -153.157  153.157 -517.061  20.7365
   58.25  3.47954    58.25 -89.0551 -17.3333  250.049 -688.445    35.48
-12.2237  12.2237  12.2237 -10.7973 -47.8409  310.936 -619.464  13.8425
     -10       10       10 -9.06407 -37.0765  310.228 -621.779  35.3418
      10       10       10 -29.2323 -40.5032  310.051 -604.401  16.8818
      10      -10       10 -27.1088 -16.9232  311.539 -607.242  16.9761
      10      -10       10 -26.7111 -16.9172  310.206 -593.424  24.7464
      10      -10       10 -22.4165 -12.6931  305.543 -598.039 -5.50076
 15.0409 -15.0409  15.0409 -31.5625 -8.82435  293.441 -557.702  37.5489
-21.2807 -21.2807  21.2807  18.4732  3.71727   243.76 -555.074 -63.8931
-73.3243  27.4447  73.3243  66.8938 -49.4827  217.428 -705.521  38.9033
-167.049 -17.7132  167.049  137.152 -10.4126  137.152 -805.806 -10.6051
-167.422 -53.5553  167.422  137.948  30.5706  137.948 -795.883  37.8033
-87.9637  -73.845  87.9637  69.1452  48.4309  252.125 -714.392 -22.7676
  138.35 -83.8059   138.35 -167.542  62.4801  167.542 -697.379  28.3132
  122.92  -89.452   122.92 -149.151  56.7808  197.934  -683.82 -60.5519
 139.862 -44.3006  139.862 -172.108  20.4219  172.108 -665.754  30.7679
 116.197  64.9542  116.197 -148.956 -146.696  377.708  -881.46 -142.004
 60.1548  26.9017  60.1548  -82.217 -44.4963  568.412  -1039.3 -2.95393
 31.5554  31.5554  31.5554 -115.649 -77.6016  159.515
