-147.293 -147.293  147.293  68.5076  168.371  168.371 -572.884  82.6937
-168.047 -168.047  168.047  87.3848  159.567  159.567  -666.06 -183.704
-43.8374 -43.8374  43.8374  43.7289  69.4234  279.228 -798.178  95.9201
-127.787 -127.787  127.787  73.7448  120.794  197.002 -652.118 -107.839
      10      -10       10 -25.6374  3.67555  314.564  -540.76  4.47911
-10.5361 -10.5361  10.5361  -1.8661   -8.788  313.465 -553.478 -53.1131
      10      -10       10 -11.5242 -16.0471  314.333 -612.246  16.0539
      10       10       10  6.02618 -39.7621  313.768 -715.094  12.9614
-167.193  108.978  167.193  157.564 -157.564  157.564 -997.672   34.957
 127.214  127.214  127.214 -97.0932 -170.141  196.424 -1122.95  56.2498
 36.6867 -65.0395  287.751 -37.3076  37.3076  37.3076 -1289.44 -23.2979
 70.2591  51.7436  244.671 -78.7994 -78.7994  78.7994 -1098.22  88.1634
 39.7937  41.3596   280.59 -44.0898 -44.0898  44.0898 -1164.56 -9.49326
-16.2087 -2.61841  314.257      -10      -10       10  -1086.2  32.3835
-35.1758 -3.64717  315.041       10      -10       10 -1076.24 -63.7341
 -30.244 -25.6754  314.466      -10       10       10 -945.725  1.72629
-60.1381 -53.3121  293.855  31.6472  31.6472  31.6472 -959.529  -149.35
 5.19423 -64.7527  275.994 -47.7421  47.7421  47.7421 -777.817 -16.5895
 128.378 -176.653  176.653 -149.067  149.067  149.067 -637.995 -223.827
     -10      -10       10 -4.46195       10       10  77.6948  75.8076
-26.4882 -26.4882  26.4882  -37.738  17.9755   205.04
