     -10      -10       10 -16.8507 -12.4044  313.644 -567.001   133.64
 11.1353 -11.1353  11.1353 -31.7368 -41.8068  312.775 -595.183 -24.1748
 40.1925 -20.5586  40.1925 -56.8034 0.653558  283.597 -681.819  65.6852
      10      -10       10 -19.5081 -16.5088  313.949 -619.871 -14.6835
      10       10       10 -16.3495 -29.7628  313.897 -620.284  40.0293
      10       10       10 -13.6611 -31.3926  313.825 -617.184  3.37979
      10       10       10 -10.7972 -32.4086   313.88 -616.333  20.5277
      10       10       10 -8.74682 -33.4117  313.696 -610.506  20.7234
      10       10       10 -6.58828 -42.0015  313.975  -607.45 -4.10035
      10 -5.85718       10 -4.86089 -24.9219  313.677 -598.952  31.9805
 28.5072 -15.7773  28.5072  -17.829 -12.0197  295.749  -662.27 -93.6606
 155.892 -11.4303  155.892 -167.824 -20.0257  167.824 -826.036  52.1108
 84.8219 -9.91403  84.8219 -74.2347 -10.7583    239.1 -767.261 -10.1119
 157.678 -8.83566  157.678 -166.125 -14.6418  166.125 -814.534  44.8075
 43.7075  43.7075  43.7075 -23.7867 -65.7412  280.217 -692.789 -8.01562
 159.242 -13.7154  159.242 -164.603 -5.99627  164.603 -802.115  37.6166
 158.993 -23.9446  158.993 -165.105 0.581381  165.105 -780.773 -38.8994
-10.3772 -10.3772  10.3772  38.4234 -1.69907  313.311 -605.222  43.8211
 26.6028 -26.6028  26.6028 -13.5202 -5.99672  297.176 -535.202 -85.1521
 29.8884 -45.2809  45.2809 -34.6347  34.6347  34.6347 -166.566  5.63194
     -10       10       10  -53.091 -65.2476  194.611
