-50.1057 -50.1057  50.1057 0.591875  43.3004  272.225 -537.912  107.312
-140.488 -140.488  140.488  72.1094  110.978  185.067 -672.857 -118.395
-46.0988 -40.1583  46.0988  24.7109  33.7036  277.884 -675.518  52.0872
-30.6303 -30.6303  30.6303  1.50054  9.82814  293.776 -561.247 -63.9497
     -10      -10       10 -6.03253 -5.19129  314.141 -563.642  15.4571
      10      -10       10 -21.0763 -11.0284  313.985  -577.08 -23.2057
     -10      -10       10   6.5962 -13.6827  313.958 -605.415  12.7203
-13.3754  13.3754  13.3754  16.9252  -39.432  310.295 -639.209  18.4088
      10      -10       10  2.46998 -31.0934  314.014 -673.477  14.1267
 96.3844  96.3844  96.3844 -89.1976 -130.828  227.219 -844.757  42.5207
-10.0266 -10.0266  10.0266  43.1597 -22.3328  313.852 -749.602  -53.802
 158.862 -12.8394  158.862 -164.811 -17.7515  164.811 -863.545   74.413
-157.921  32.4466  157.921   166.06 -46.6923   166.06 -915.122  -4.4715
-87.9993  45.8351   257.01  67.0046 -67.0046  67.0046 -970.287  44.5452
 163.043  25.4999  163.043 -161.019 -47.7744  161.019 -861.297 -21.0101
-168.369   60.404  168.369  155.541 -84.4802  155.541 -764.769  19.4908
  158.56 -5.59197   158.56 -165.621  -19.436  165.621  -760.35 -74.2739
-163.794 -171.728  171.728  152.066  152.066  152.066 -723.796 0.988244
 28.4191 -99.6864  251.681 -72.9719  72.9719  72.9719 -716.643 -163.673
-1.17229      -10       10      -10       10       10  36.5836 -7.98911
 18.0687 -18.0687  18.0687 -84.1835 -26.7879  194.914
