 152.699  152.699  152.699 -143.372  -171.26   171.26  -919.08  180.334
-120.986  120.986  120.986  135.697 -201.775  201.775  -827.61  4.92428
 82.8181  30.3592  82.8181 -53.7771 -55.5103   239.68  -805.36  110.105
 97.6797  97.6797  97.6797 -66.1042 -141.422   224.58 -842.067    24.59
-54.4827  54.4827  54.4827  99.1392 -82.7758  266.849 -796.622  90.2679
-34.6671  34.6671  34.6671  82.8101 -62.5261  286.316  -749.31  37.6203
-23.7744 -23.7744  23.7744  78.6411 0.974674  296.842 -745.494  56.4607
-115.573  105.593   190.19  133.096 -133.096  133.096 -930.406  34.5627
 173.957 -1.85982  173.957 -148.911 -22.5467  148.911 -912.773  3.70196
-71.8389 -107.688   241.43  82.3692  82.3692  82.3692 -967.551  35.3602
 83.6174 -99.5731  247.607 -77.5662  77.5662  77.5662 -941.884  -117.31
-149.553 -2.03639  149.553  173.383 -23.9702  173.383 -800.035  35.6058
 53.6313  6.45955  53.6313 -9.89361 -29.6758  267.905 -670.795  -23.655
-41.0491 -41.0491  41.0491   89.452    22.33  280.039 -652.771  34.3268
-52.5087 -52.5087  52.5087  103.781  31.4097  268.437 -687.078 -38.7842
 173.293  -42.307  173.293 -149.845  24.8335  149.845 -806.293  29.8955
-80.2033 -80.2033  80.2033  127.503  53.5402  241.303 -697.899 -74.5089
 174.547 -63.0417  174.547 -149.215   47.333  149.215 -789.483  41.5906
 23.3728 -44.8513  181.278 -5.89863 -13.3534  140.919 -718.719 -136.453
 -115.75   115.75   115.75  140.071 -145.925  145.925 -567.013   101.89
-70.7265  70.7265  70.7265  5.35041 -132.031  132.031
