-40.7076 -40.7076  40.7076 -38.9113  19.3966   414.61 -854.004  77.4068
-41.4945 -41.4945  41.4945 -35.8534 -17.9338  422.157 -873.854 -17.7336
-52.9848 -29.7524  52.9848  17.4208  12.5593  246.878 -750.499  64.0175
     -10      -10       10 -27.7297 -19.0815  322.501 -628.101 -8.84669
     -10      -10       10  -20.969 -10.7766  306.564 -605.856  28.1341
     -10       10       10  -19.659 -33.9114   308.24 -594.023  4.96543
      10       10       10 -35.4315  -33.153  308.016  -599.13  13.4265
     -10       10       10 -12.0033 -34.7215  307.701   -598.9  24.5702
 23.9033 -6.94305  23.9033 -45.6254 -17.6389  307.399 -648.617 -5.69542
 119.141 -15.4666  119.141 -154.442  -8.5871  154.442 -697.487  26.4061
 115.238 -19.1055  115.238 -142.201 -1.33557  142.201   -687.3 -87.4097
 130.684 -12.9691  130.684 -160.692 -13.0458  160.692 -758.682   37.199
 143.816 -1.51541  143.816 -173.877 -26.0565  173.877 -823.946 -13.5098
 146.532  8.86135  146.532 -172.388 -35.2652  172.388  -838.03   44.148
 148.849  24.7293  148.849 -173.766 -53.2754  173.766 -834.723 -5.12109
 145.403  31.3079  145.403 -164.882  -54.102  164.882 -816.325   45.036
 93.6642   14.539  93.6642 -103.506 -43.1266  232.645 -742.409 -11.8816
 60.5956 -60.5956  60.5956 -50.1049  52.1936  265.991 -755.446  62.0435
-6.57494 -120.354  120.354 -4.21059  93.5136  93.5136 -587.298  -23.233
 64.2217 -64.2217  64.2217 -49.4759  69.3309  69.3309 -460.645  27.4817
     -10      -10       10  -52.219 -26.4144  161.648
