      10      -10       10 -84.6545 -15.7427   384.47 -714.726  77.1587
-67.9672 -67.9672  67.9672 -38.1649  7.88202  390.521  -802.12 -74.6874
 -61.3263  -15.9449   61.3263   12.7902 -0.143562   215.673    -742.5   45.0827
  -30.075   -30.075    30.075  -27.9332 0.0667723    307.67  -631.702  -30.8018
     -10      -10       10 -34.0068 -10.2951  305.561 -577.875  18.2795
      10      -10       10 -52.8246  -12.557   307.05 -558.303 -8.10915
      10      -10       10 -49.0432 -12.5277  306.184 -560.451  3.80584
      10       10       10 -47.6534 -33.9615  311.229 -559.655  8.54436
      10      -10       10 -45.1089 -21.4593  309.015 -547.168 -14.0102
      10       10       10 -37.6183 -37.3027  272.346 -497.763  16.9091
      10       10       10 -20.3127 -33.9794  237.298 -541.809  -69.323
      10       10       10 -18.0013 -39.2952  297.115 -679.998  67.6106
 22.0471  22.0471  22.0471 -33.0476 -42.0185  321.389 -747.491  2.67804
 124.911  12.5518  124.911 -155.451 -37.9624  155.451 -766.824  47.4575
 30.0209  30.0209  30.0209 -42.5904 -55.4782   310.76 -697.586 -3.03546
 -20.063   20.063   20.063  10.3581 -44.1121  298.491 -616.194  47.9091
-13.9497  13.9497  13.9497  5.45909 -40.4743  302.835 -580.257 -24.3376
      10       10       10 -14.8248 -21.8505  320.237 -595.039   37.758
-44.1532 -44.1532  44.1532   28.807  15.8587  203.442 -450.098 -55.8804
-29.8592 -29.8592  29.8592  34.6307  27.2968  133.292 -392.152  15.5236
     -10      -10       10 -34.6384  -34.584  137.067
