 -56.726   56.726   56.726  60.1229 -65.6586  65.6586 -453.125  132.022
 73.1477  73.1477  73.1477 -102.089 -129.359  211.835 -613.778  33.6404
   57.8377 -0.0106043    57.8377   -71.3915   -15.5361    257.643   -729.298    53.5755
-12.3445  12.3445  12.3445  6.36627 -43.8442  308.366  -640.06  16.0851
      10       10       10 -13.3679 -33.3779  309.188 -632.968  38.7449
      10       10       10 -13.7756 -36.6285  309.308 -612.881  16.2937
     -10  2.09693       10  7.68322  -26.616  309.956 -607.699  15.7552
      10      -10       10 -12.3442 -14.8817  309.581 -590.119  20.9518
      10      -10       10 -9.00813 -15.0683  301.636 -580.879 -9.25968
-10.1098 -10.1098  10.1098  6.03571 -17.0339  303.144 -538.371  29.9003
 48.2485 -42.2705  48.2485 -43.6371  20.4151  236.812 -621.844  -73.666
 139.113  32.3229  139.113 -141.719 -58.0052  141.719 -788.505   41.972
 148.056   9.9343  148.056 -157.803 -36.3982  157.803 -791.348 -9.11408
 85.6376 -18.4291  85.6376  -81.557 -2.43533  237.591  -732.63  42.4361
 70.2949 -35.9721  70.2949 -66.0744  12.1561  248.831 -671.811 -17.0945
 61.0698 -51.0742  61.0698 -55.6117  32.9732  260.805 -646.554  35.4561
 58.8662 -58.8662  58.8662 -53.7137  30.1033  260.387 -615.263  -51.365
-17.3273 -41.5061  80.1844  18.6845  23.0409  245.261 -640.545  41.5941
-103.632  8.25995  103.632  105.954 -75.5085  380.336 -887.318 -121.383
-253.555  2.50199  253.555  224.481 -21.1123  224.481 -1039.44 -10.4116
 -29.671   29.671   29.671 -42.9242 -78.4532  159.695
