 38.5965 -38.5965  38.5965 -89.1112   22.803  284.394 -521.531  93.1267
-112.313 -112.313  112.313  56.6391  78.0482  217.884 -720.853 -79.2512
-39.3197 -39.3197  39.3197  18.6923  25.7518  279.017 -682.232    59.46
-23.3542 -23.3542  23.3542 -2.83096 0.854408   308.39 -604.046 -40.7653
      10      -10       10 -25.9679 -7.55818  304.633 -573.611  22.0038
      10      -10       10 -24.5412 -11.7827  324.067 -603.076 -11.2952
      10      -10       10 -17.2655 -14.8401  301.323 -586.574  13.5786
      10      -10       10 -11.7084 -16.1234  326.935 -650.388  21.8135
 51.2809  45.0411  51.2809 -57.0422 -86.5382  256.968 -676.152  4.88314
 69.4122  67.6981  69.4122  -68.374  -101.44  269.309 -796.226  37.7586
  42.466  -42.466   42.466 -32.2816  10.5007  261.056 -690.649 -73.5983
-30.4133  30.4133  30.4133   37.699 -61.9611  315.222 -695.036  69.1868
 147.026 -15.2797  147.026 -151.463 -2.84012  151.463 -818.097 -14.7519
 170.408  2.60194  170.408 -181.033 -26.1768  181.033  -904.94  51.6561
 70.9197  25.3285  204.858 -86.6461 -50.1682  86.6461 -857.059 -23.4821
 175.125  34.1952  175.125 -184.841 -57.0192  184.841 -898.001  48.9022
-18.4615 -31.4565  270.217      -10       10       10 -891.258 -68.1578
 22.0344 -69.4416  312.178 -58.8159  58.8159  58.8159 -1039.42  35.5402
  -103.4 -102.673  180.961   81.183   81.183   81.183 -646.951 -137.495
    -10     -10      10 4.68331      10      10 -5.0039 2.93572
-12.2543 -12.2543  12.2543 -52.2863 -37.1108  197.452
