 43.6143 -43.6143  43.6143 -106.273  33.3571  266.488 -465.722   62.763
-177.056 -177.056  177.056  86.8112  160.974  160.974  -794.82  -125.73
-89.9153 -74.3601  89.9153  54.9496  79.2239  216.935 -805.425  57.3107
-35.7062 -35.7062  35.7062 -9.58805  15.5984  304.717 -600.786 -62.7223
      10      -10       10 -37.3419 -5.80355  294.127 -539.558  14.0152
     -10      -10       10 -19.4217 -12.4967  332.942 -593.965 -25.9236
      10      -10       10 -27.3097 -16.4792  291.636 -574.993  12.9957
      10      -10       10 -21.5519 -17.4847  336.465  -688.71  20.3315
 133.092  40.4931  133.092 -164.863 -83.6877  164.863  -816.11  4.28559
 86.1704  86.1704  86.1704 -93.8931 -122.599  261.095 -911.172  45.8022
-37.9088 -37.9088  37.9088  47.7281  5.17459  259.159 -757.028 -62.8198
  160.59 -20.0938   160.59 -191.452 -7.89456  191.452 -904.266  79.3583
 141.996 -13.4328  141.996 -148.653  -1.9359  148.653 -877.195 -18.0613
 167.831 0.405754  167.831 -192.373 -23.3297  192.373 -930.309  64.6653
 134.824  115.619  134.824 -145.236 -145.236  145.236 -802.686 -32.9994
 172.606 -28.6075  172.606 -199.171  8.03203  199.171 -902.342  57.7249
-30.0868 -30.8841  253.383      -10       10       10 -855.465 -106.425
-130.477 -79.1141  316.671  70.8905  70.8905  70.8905 -1050.01  35.5609
 79.1723 -129.057  129.057 -107.307  107.307  107.307 -516.415 -176.486
    -10     -10      10 3.36613      10      10 1.39453 51.9275
 60.9476 -60.9476  60.9476 -137.453  32.3989  137.453
