 148.417 -118.045  148.417 -176.148   100.36  176.148 -824.644  111.032
 33.4149 -33.4149  33.4149 -39.4982 -24.1754  300.804 -659.539  9.71994
 29.0348 -29.0348  29.0348 -23.7641  10.6632  288.279 -666.739  54.1996
        10         10         10   -2.11149   -36.6162     321.79    -643.49 -0.0208262
      10       10       10  2.15925  -28.812  305.711 -624.012  33.5778
      10       10       10  3.43388 -31.3868   322.04 -642.208  12.0186
-10.1671  10.1671  10.1671  26.7329 -31.4283  303.829 -616.474  18.9342
      10      -10       10  9.24721 -12.1095  322.807  -644.14  26.4496
       10        10        10   11.7248  -35.5272   299.736  -611.281 -0.598335
      10       10       10  13.9522 -38.0711  322.934 -644.178  37.5192
      10       10       10  15.2106 -37.0124  279.258 -575.203 -87.5286
 11.439 -11.439  11.439 19.6858 -16.013 324.489    -662 44.8775
 152.388 -14.8333  152.388 -152.498 -12.3771  152.498 -760.678 -22.8936
     -10      -10       10  46.6404 -11.1174  328.041 -663.299  45.5765
     -10       10       10  43.7306 -34.4682  296.397 -593.734 -12.1629
     10      10      10 28.5024 -26.984 328.112 -644.61 44.6603
     -10       10       10  44.5379 -34.6218  294.359  -566.67 -37.6002
     -10      -10       10   52.673  1.45343  332.983 -639.611  50.7858
 147.395 -46.9266  147.395 -150.693  6.89291  150.693 -630.312 -117.905
 93.8267  81.9163  93.8267 -92.1356 -92.1356  92.1356 -419.039   24.022
     -10       10       10 -55.9131 -55.6343  201.412
