     -10      -10       10   11.098 -24.4418   311.47 -826.864 -375.446
     -10      -10       10  20.1648 -35.4129  324.954 -938.258 -338.826
 74.6299  14.1001  74.6299 -76.6631 -35.1132  238.387 -1037.14  18.3181
      10       10       10  15.1416 -35.8362  324.998 -936.728  5.90646
  26.1824  -7.53613   26.1824 -0.728208   -12.834   285.403  -915.137   75.8859
 33.8243  6.91092  33.8243 -6.36804 -27.6681  300.803 -920.454  35.2778
-52.0482  11.8841  52.0482  77.8833 -33.7908  259.406 -904.837  30.0314
-60.1759  12.8699  60.1759  87.0278  -35.662   273.49 -902.751  46.3179
 89.4387 -2.86638  89.4387 -66.7726 -27.4181  222.822 -917.427 -17.6133
 168.201 -13.2835  168.201 -164.147  -19.443  164.147 -1006.61  40.4215
   164.4 -40.1975    164.4 -146.358  14.0097  146.358 -1101.94 -150.128
-92.3062 -33.3128  228.986  103.887  5.05024  103.887 -1305.25  63.1865
 58.4456  32.4241  258.977 -53.0176 -53.0176  53.0176 -1348.72 -36.2919
 -113.31 -7.66093  192.795  140.834 -12.4608  140.834 -1266.39  65.3543
-135.323  5.42597  135.323  175.537 -25.4664  175.537 -1128.43 -3.89157
-147.556  24.6623  147.556  186.569 -42.1927  186.569 -1144.95  60.5436
-124.633   28.223  124.633  164.589 -50.0369  184.957 -1037.87 -26.6249
-38.8881 -38.8881  38.8881  108.674  27.4896  297.376 -946.093  66.3088
  92.891 -23.1614   92.891 -53.0217 -7.24252  211.516 -812.102 -62.9523
 4.33638 -26.9862  26.9862  25.2413  25.2413  25.2413 -647.682  68.9699
      -10        10        10 -0.229089  -58.0336   125.004
