 49.2513 -49.2513  49.2513 -62.2666  24.4394  323.964 -737.319  111.972
 44.1188 -44.1188  44.1188 -43.2025 -12.3481  292.734 -734.178  36.3565
 30.8725 -30.8725  30.8725 -19.0853  10.6622  301.634 -734.808  66.7365
      10      -10       10  2.18464 -16.2295   315.65 -649.891   9.4856
      10  -1.6387       10    3.968 -17.4816  314.935 -640.359  32.2241
      10       10       10  4.75752 -31.6853   313.96 -626.815  13.7396
      10 0.918826       10  7.18893 -22.6636  312.382 -621.242  13.4186
      10       10       10  8.55606 -33.0526  312.154 -613.733  24.3797
      10       10       10  9.93693 -35.3971  308.566 -601.134 -9.26124
      10       10       10  9.56059 -36.8354  306.244 -579.768  26.5323
 12.2323 -12.2323  12.2323   7.7937 -11.8959  274.424  -530.68 -97.0741
      10      -10       10  15.6845 -17.7768  305.318 -584.027  33.2819
      10       10       10  21.3548  -37.937  308.829  -611.18 -13.7479
      10       10       10  26.9635 -35.0035  310.199 -632.439  45.5373
 20.2332  20.2332  20.2332  18.0509 -47.0348  300.023 -652.671 -0.36044
 26.1174  26.1174  26.1174  17.1296 -47.9448  298.159 -688.387  56.0463
 34.3457  34.3457  34.3457  7.01998 -61.7062  279.496 -672.835 -6.48297
 18.1948  18.1948  18.1948  38.0131   -32.42  313.557 -727.517  73.3108
     -10      -10       10  53.9651 -24.7419  281.701 -572.776 -50.0076
-32.4218 -53.3431  53.3431  46.1359  46.1359  46.1359  -304.79 -7.22187
      10  9.49941       10 -75.7435 -51.9185  208.351
