 122.825  122.825  122.825 -132.222 -138.609  138.609  -691.64  102.721
-11.9663  11.9663  11.9663   28.679 -79.0991  317.356 -578.116  19.6501
 78.6368  44.4258  78.6368 -68.5089  -68.455  207.194 -680.453   43.562
      10       10       10  19.7541 -45.8349  325.537 -660.574  23.8932
      10       10       10  20.9201 -35.7875  300.127 -623.414  37.7695
     -10       10       10  44.1306 -37.3657  318.121 -650.101  29.5178
      10       10       10  26.4141 -34.7215  308.281 -637.483  21.3613
      10       10       10  27.5898  -35.018  311.216 -632.178  38.8277
     -10      -10       10   50.793 -12.8651  311.408 -637.201 -6.21109
-15.5786 -15.5786  15.5786  53.8542 -10.6505  303.649  -613.93  54.2567
   22.5528   -22.5528    22.5528    23.2716 -0.0121813    299.003   -668.682   -88.0164
-143.794 -41.1514  143.794  175.132  15.6296  175.132 -859.582  54.9482
-96.1928  74.0375  210.801  107.259 -107.259  107.259 -884.545 -26.9232
 86.3984 -86.3984  86.3984 -45.2376  68.6617   238.39 -754.102  56.9314
-103.209 -53.3969   207.01  113.728   28.339  113.728 -839.796 -49.0239
-134.891 -170.594  170.594  152.902  152.902  152.902 -781.639   45.868
 -47.5633   -29.219   289.885   37.1661 -0.867486   37.1661  -882.224  -113.322
 155.519 -169.864  169.864 -150.128  150.128  150.128 -660.012   40.567
 171.169  108.812  171.169 -165.425 -165.425  165.425 -640.349 -193.747
 174.186   45.728  174.186 -165.604 -65.5249  165.604  -678.01  76.1442
 54.1466  54.1466  54.1466 -108.955 -104.471  108.955
