-136.606  136.606  136.606  112.085 -150.668  150.668 -808.857  161.973
-33.2201  33.2201  33.2201  30.3864 -102.023  275.724 -599.625  -4.8737
  41.029 -2.96086   41.029 -47.6928 -16.9325  272.648 -612.279  45.4163
     -10      -10       10    19.28 -25.0268  306.705 -607.134 -2.12903
     -10      -10       10  18.7507 -13.9679  315.973 -605.132  30.4912
      10      -10       10  3.90196 -16.2761  304.474 -599.637  15.5641
      10      -10       10  5.51504 -13.7713  324.265 -622.982  10.2201
     -10       10       10  28.6807 -34.9217  297.301 -584.675    33.44
      10       10       10  14.7338   -32.63  334.131 -660.664 -12.5907
-149.325 -48.4466  149.325  147.189  18.6769  147.189 -755.771  53.7984
-15.0729 -15.0729  15.0729  53.6176 -6.88253  326.311 -718.789 -83.3698
-138.665 -41.3041  138.665  165.832  14.9829  165.832 -893.353  78.9768
-159.708  136.265  159.708  170.828 -170.828  170.828 -869.056 -22.6398
 164.834 -62.1014  164.834 -152.344  43.9441  152.344 -846.808   66.676
 167.396  -56.182  167.396 -160.346  32.9258  160.346 -810.332 -58.3469
 161.152 -58.6389  161.152 -159.761  45.0215  159.761 -738.625   55.587
 163.396 -163.396  163.396  -162.81  134.742   162.81 -708.562 -133.802
 155.633 -25.0945  155.633 -165.926  13.6853  165.926 -612.347  55.0438
 165.354   42.924  165.354 -173.274 -102.015  173.274 -618.764 -241.528
  -58.87  2.86102  322.949  21.9595 -21.9595  21.9595 -848.111  108.559
      10       10       10 -61.5972 -60.3653   186.36
