-10.2802  10.2802  10.2802 -2.98882 -21.3996  254.952 -606.968  148.413
      10       10       10 -39.7777 -68.1148  329.993 -635.956  26.8123
-77.6134  18.7574  77.6134  51.7485 -36.8352  219.463 -740.339  57.2801
      10       10       10 -27.6888 -39.9876  324.094 -653.253  9.06795
     -10       10       10 -3.00311  -30.372  303.317 -614.602  33.2905
     -10       10       10 -3.32759 -32.5965  314.418 -613.775  15.0573
      -10        10        10 -0.699483  -32.4104   312.344  -605.272   8.73693
      -10        10        10 -0.781658  -34.0191   306.611  -573.446   24.2567
     -10      -10       10  2.22156 -16.6944  324.705  -605.91 -21.9107
 130.126 -63.5134  130.126  -169.23  34.7857   169.23 -629.031  21.1986
  152.58 -29.4452   152.58 -172.855  2.38937  172.855 -830.912 -95.3825
 151.478   16.272  151.478 -150.849 -48.0256  150.849 -897.963  73.1451
  -49.3216    49.3216    49.3216    61.5998   -72.7144    293.641   -770.175 -0.0290047
 145.372 0.881575  145.372 -155.212 -22.1304  155.212  -779.61  56.3148
-28.9755 -28.9755  28.9755  40.5714  8.82663   308.46 -662.733 -17.6144
-23.5253 -23.5253  23.5253  33.8088  8.23307  291.764 -590.334  46.6069
 18.3711 -18.3711  18.3711 -10.1989 -4.82784  308.919  -565.56 -57.8562
-11.7002 -11.7002  11.7002  20.9269   1.9346  311.706 -532.349  32.1144
 21.5401 -21.5401  21.5401 -23.0507 -27.6051  310.651 -480.043 -123.109
 22.5582 -22.5582  22.5582 -22.0979  10.8431  284.354 -443.971  23.1227
 48.4629  48.4629  48.4629  -123.98 -101.747   123.98
