-84.4713  84.4713  84.4713   50.373  -97.118   97.118 -555.498  83.0771
-72.4422  72.4422  72.4422  12.2317 -160.981  160.981 -233.443  -25.938
-79.7548  30.7756  79.7548  11.5785 -65.7603  183.945 -361.073 -35.4903
     -10       10       10  -26.214 -62.0335  307.357 -468.949 -21.9836
     -10       10       10 -22.4595 -45.0179  304.267 -503.964  17.6012
     -10      -10       10 -12.9969 -24.3748  311.178  -572.89   13.255
      10      -10       10 -30.8064 -15.2673   311.28  -584.35  14.9831
      10      -10       10 -21.9829 -15.7698  310.649 -625.431  39.5967
     -10      -10       10  3.67735 -2.79586  310.816 -664.275  5.67326
  25.281  -25.281   25.281  -32.845  5.51828  299.187 -674.088  79.2111
 19.2413 -19.2413  19.2413 -16.0433  7.45611   316.46 -743.143  -49.701
-151.309 -64.8149  151.309  141.461  45.4878  141.461 -898.488   59.797
-171.863  93.5531  171.863  142.041 -142.041  142.041 -830.959 -23.7909
-171.993  -168.54  178.442   142.91   142.91   142.91 -850.644  58.1897
 113.302 -174.272  174.272 -144.567  144.567  144.567 -790.633 -57.2115
 62.4416 -136.303  211.628 -110.336  110.336  110.336  -778.36  44.5065
 -9.3383 -88.6174  271.065 -50.6232  50.6232  50.6232 -821.176 -155.144
-77.8662 -35.0786  297.865      -10       10       10 -694.588   2.6705
-115.964 -52.0651  405.829       10      -10       10 -964.246  -374.26
-58.8186  18.0576  490.291 -49.6762 -49.6762  49.6762  -1383.2  55.6102
 44.5754  44.5754  44.5754 -117.535 -106.067  117.535
