 21.0151 -21.0151  21.0151 -39.8559 -2.22726  388.633 -679.184  100.927
 64.7064 -64.7064  64.7064 -78.7472  10.1645  305.164 -744.638 -49.0835
 43.4065 -39.4288  43.4065 -37.0322  19.4047  290.508 -721.179  57.5208
      10      -10       10 -1.82818 -19.1024  325.949 -619.785 -22.2683
     -10      -10       10  23.6181 -11.0954  311.631 -605.001   22.539
       10       -10        10   7.29093   -13.295   315.995  -611.904 -0.343017
      10       10       10  11.5809 -34.7988  309.655 -609.441  10.9713
      10       10       10  16.4604 -35.5077  311.705 -620.969    21.22
 17.6666  17.6666  17.6666  9.53055 -55.0263  301.587 -624.486 -2.66906
 -26.256   26.256   26.256  57.3402 -55.6343  277.705 -628.958  24.1871
     -10      -10       10  48.1944 -18.1403  287.087 -599.881 -74.0862
 26.7759 -26.7759  26.7759  15.9957  -2.9988  303.302  -683.52  56.6363
 163.475  3.48899  163.475 -143.429  -21.157  143.429 -835.229 -12.8189
 172.978  1.59662  172.978 -149.648 -25.7046  149.648  -873.73  42.9227
 172.651 0.515759  172.651 -145.555 -25.8038  145.555 -871.168 -5.36102
  174.94  13.2985   174.94 -146.732 -36.4104  146.732 -866.126  44.5472
 141.997  141.997  141.997 -108.437 -169.472  169.472 -806.738 -28.4854
 156.055 -139.378  197.326  -126.49   126.49   126.49 -876.855  40.3227
  98.027  -98.027   98.027 -71.5453  67.0585  160.698 -561.951 -83.2554
 35.2117 -34.5583  35.2117 -27.3583  27.3583  27.3583 -164.624 -29.1033
     -10      -10       10 -40.0781 -46.3345    189.9
