 129.863  11.7595  129.863 -156.687 -30.7563  156.687  -746.75  144.732
      -10       -10        10   8.98411  -47.5314   376.691  -729.191 -0.984463
-83.6585 -16.9423  83.6585  81.1021 -4.86059  211.501 -730.235  67.0585
     -10       10       10  20.2998 -37.6208  338.166 -677.691  -2.4458
      10       10       10   4.2105 -30.7683  301.456 -616.594  34.7968
      10       10       10  4.97793 -31.6703  320.383 -628.634  8.01931
     -10      -10       10  27.8101 -12.1002  306.401 -600.925   8.8145
      10      -10       10  7.30398 -12.6008  314.737 -589.092  15.6908
     -10      -10       10  29.1934 -20.3433  307.279 -569.838 -21.8921
      10      -10       10  1.06426 -18.6694  302.573 -495.157  15.8553
-14.1617 -14.1617  14.1617  46.1418  -14.114  289.322 -603.358 -84.5052
 42.5771  42.5771  42.5771  5.54482  -72.457  265.808 -766.459  63.1695
 47.9238  47.9238  47.9238 -7.00658 -69.0256  273.198 -731.072  4.29514
 27.0615 -27.0615  27.0615  20.4638   4.7504  286.741 -685.092  53.2924
-22.9536  22.9536  22.9536  67.3931 -45.1849  296.663 -648.081 -5.05747
-11.2798 -11.2798  11.2798  60.2685 -7.58962  306.672 -623.088   40.346
-14.3066 -14.3066  14.3066  60.6468 -11.0385  301.037 -591.693 -29.2295
     -10       10       10  61.3616 -21.3833  314.664 -601.397  31.4009
-33.6206 -33.6206  33.6206  68.9077 -8.46323  276.292 -522.294 -79.7161
-24.5143 -24.5143  24.5143  53.9193  13.6792  194.101 -381.437  -13.205
 49.9512  2.05363  49.9512 -109.276 -57.1089  109.276
