      -10       -10        10 -0.774887 -0.534892   259.433  -570.522   85.2122
     -10      -10       10 -17.8578 -52.0734  332.249 -609.677  25.2118
 70.3222  3.92026  70.3222 -90.9632 -21.9463  235.511 -713.568  44.3857
 13.2349   9.4032  13.2349 -26.0456 -38.4086  313.092 -637.954  11.8865
 23.5954  7.50733  23.5954 -33.1712 -27.3114  304.167 -668.412   37.181
 139.975 -0.98578  139.975 -171.057 -21.2101  171.057 -780.814  10.1149
 146.534 -6.02415  146.534 -174.815 -14.8542  174.815 -815.881  18.2802
 148.303 -8.83547  148.303 -174.245 -12.7172  174.245 -819.213   24.618
  140.698  -6.74075   140.698  -163.294  -18.1696   163.294  -769.659 -0.736331
     -10       10       10  17.0232 -36.4889  318.158 -655.942  41.1214
 122.084  -20.272  122.084 -134.879 -5.97846  134.879 -667.036 -70.0177
 147.595 -23.0156  147.595 -165.084 -2.01833  165.084 -786.308  32.8895
 143.164 -21.8357  143.164 -160.427  -3.3914  160.427 -747.185 -16.8941
     -10      -10       10    22.44 -9.74632  332.129  -654.04  44.3445
 146.488 -33.8145  146.488 -164.158  11.4865  164.158 -734.983 -25.9745
 147.516 -40.2864  147.516 -163.546  24.6668  163.546 -732.381  25.2739
 22.3813 -22.3813  22.3813 -14.2956 -2.84845  313.792 -604.314  -41.336
      10      -10       10  1.04479 0.150143  304.207 -545.499  31.4695
     -10       10       10  11.2673 -64.6671  348.877 -540.947 -98.0342
      10       10       10 -3.83488  -23.944  364.704 -575.432 -8.38611
 49.5063  40.4764  49.5063 -140.181 -86.4715  140.181
