 40.5596  40.5596  40.5596 -27.9182 -48.9178  171.014 -582.527  150.701
 38.6335  38.6335  38.6335 -37.0477 -97.7955   290.27 -673.062  45.5209
 77.5249  23.9271  77.5249 -68.9639 -40.1208  213.566 -752.346  61.7951
      10       10       10  9.44288  -39.405  319.092 -675.878  19.5188
      10  7.92777       10  11.0571  -29.922  305.211 -646.382  39.5557
     -10 -8.64537       10   30.032 -15.6375  313.888 -632.789  15.8591
     -10      -10       10  31.0373 -13.9641  309.349 -614.878  10.7247
      10      -10       10  9.82305 -14.4757   311.25 -592.786  18.4882
     -10      -10       10  32.5798 -16.7554  307.441 -587.911 -19.8583
      10      -10       10  3.72698 -18.7043  304.761 -513.665  27.2657
     -10      -10       10   43.635 -15.8392  290.167 -604.392 -82.8959
 53.6174  40.6415  53.6174  -9.2434 -67.6677  245.614 -767.757  56.0476
-64.9791   26.078  64.9791  97.3152 -50.4611  256.673 -732.648 -5.37603
-37.1102 -37.1102  37.1102  77.3062   16.631  277.255 -683.067  50.9043
-52.2926 -13.0731  52.2926  85.3551  -8.5708  268.264 -669.356 -17.2554
-36.2519 -36.2519  36.2519  73.9491   18.916  280.393 -637.313  40.1477
-34.4718 -34.4718  34.4718  69.2138  6.72982  292.111 -606.845 -46.1526
-27.5139 -27.5139  27.5139  60.3532   13.187  282.952 -548.808  24.7097
-26.3735 -10.4528  26.3735  59.8989 -53.1089   365.46 -596.863 -102.264
-13.0005 -9.77297  13.0005  60.0973 -5.43166  423.322 -673.166  4.66962
 51.2112  51.2112  51.2112   -108.7 -100.071    108.7
