 44.7614 -44.7614  44.7614 -96.6843  22.3181  418.982 -917.128  96.4036
 40.2124 -40.2124  40.2124 -73.6816 -16.7289  373.386 -879.098   65.651
 -38.782  -38.782   38.782  24.3961  20.6351  289.112 -761.557  66.8006
     -10      -10       10  -4.1022 -15.4983  320.925 -656.956   17.323
      10  5.48123       10 -21.0595 -24.9499  310.079 -626.186  29.8671
      10       10       10 -19.9334 -32.4829  311.351 -611.086  15.4475
      10       10       10 -17.2281 -32.8746  310.693 -602.796   12.048
      10       10       10 -14.8673 -33.9695  308.826 -590.922  22.9149
 11.1392  11.1392  11.1392 -14.4952 -35.6527  308.218 -581.691 -9.50737
 20.9622 -20.9622  20.9622 -23.8156 -2.85122  271.746 -538.315  20.6812
 59.3822  -15.552  59.3822 -65.6798 -3.13079  185.032 -516.961 -88.8483
 127.456 -15.0124  127.456 -144.818 -9.03474  144.818 -653.312  18.4175
  55.944 -3.26146   55.944 -50.4354 -23.7081  275.372 -683.491  -10.243
 41.8142  8.82246  41.8142 -27.4289 -35.6309  274.372 -659.137  45.4078
 15.5602  37.6265  37.6265  2.83209 -66.8588  288.239 -667.973  3.91225
-2.70625  39.4141  39.4141  28.7657 -63.4402  281.303 -691.352  54.5331
 -40.505   40.505   40.505  66.3406 -70.9101  276.589 -667.252  4.88416
 17.6939  10.3591  17.6939  29.2419 -23.0107  312.639 -733.058  70.8278
 57.2522 -57.2522  57.2522 -32.6994  20.5003  201.399 -587.451 -18.4884
 63.9081 -63.9081  63.9081  -43.873  67.6664  67.6664 -415.711 -32.3597
      10 -5.59921       10 -87.4901  -27.506  197.803
