      10      -10       10 -43.7664 -6.75575  331.522 -658.671  79.3758
      10      -10       10 -51.9535  -54.711  367.435 -670.503   20.952
 36.9425 -27.9663  36.9425 -63.1687  7.84935  283.794 -683.046  47.3757
      10       10       10 -33.6522 -38.7086  318.103 -624.233  2.48779
      10       10       10 -28.3904 -30.6425  307.391 -612.672  32.5392
 21.8076  5.90163  21.8076 -41.1126 -26.8539  314.797 -661.526   12.947
  127.204 -0.468354   127.204  -163.187  -20.2608   163.187  -717.592    8.6363
 26.0527 -3.04115  26.0527 -39.8943 -17.7899  308.611 -665.276  25.6734
  17.656 -2.13716   17.656 -27.4281 -21.6947  296.662 -610.707  2.54638
      10       10       10 -16.4023 -34.9133  287.086 -563.745  24.9225
 11.8888 -11.8888  11.8888 -12.8258 -11.0791  226.646 -472.078 -68.3469
     -10      -10       10  8.00918 -15.3033  284.595 -554.812  29.5251
      10       10       10 -10.5455 -35.2698  309.664  -597.02 -10.1104
     -10 -2.64246       10  12.6885 -19.6608  307.814 -595.792   36.297
      10      -10       10 -5.94475 -14.1051  312.518 -595.901 -9.39372
      10  0.39119       10 -2.10873 -18.9237  309.519 -598.063  38.8919
      10  2.90255       10 -2.75538 -29.5597  312.084 -583.298 -24.9521
     -10   4.2496       10   24.321  -14.325  309.328 -602.734  43.8442
      10      -10       10 -5.07826  -38.887   323.31 -555.147 -61.8828
     -10      -10       10  20.5668 0.926079  300.789 -535.927 -23.3804
      10       10       10 -93.3295 -57.7243  195.561
