  55.724   55.724   55.724 -43.1998 -59.2965  59.2965 -428.822  95.5574
 89.6132  89.6132  89.6132 -110.297 -147.117  147.117 -465.248   41.863
 74.6791  38.6629  74.6791 -79.4995 -58.6327  207.663 -618.343  5.60005
-28.6515  28.6515  28.6515  43.1363 -67.6278  288.288 -645.755  28.5208
      10       10       10  12.7002 -40.9626  311.167 -644.343  32.2928
      10       10       10  13.5556 -42.9397  310.629  -630.97  32.7968
      10      -10       10  16.7026 -19.2559  310.712 -635.896   18.498
      10       10       10  16.3367 -38.6331  309.038 -617.215  34.1526
      10      -10       10  20.7215 -10.7634  306.528 -628.676 -5.17327
 25.3048 -25.3048  25.3048 -4.33386 0.723092  295.084  -593.57  45.7254
 14.4849 -14.4849  14.4849  18.1541 -2.24038  277.805 -591.003 -64.7464
 19.6412  19.6412  19.6412  25.4055 -38.2955  275.537 -666.506  37.7899
-150.449 -55.3583  150.449  167.134  23.6213  167.134 -809.241 -9.33956
-60.2421  26.2753  243.459  56.4464 -56.4464  56.4464 -874.752  31.2201
-102.034  -134.92  215.678  105.808  105.808  105.808 -855.264 -29.0912
 165.849 -122.386  165.849 -155.395  97.9134  155.395   -763.9  26.1067
  165.79 -111.246   165.79 -157.644  75.6191  157.644 -726.963 -66.6726
 165.868 -51.2055  165.868 -159.386  25.1471  159.386 -708.334  17.9472
 72.3379  13.7569  380.652 -91.8354 -91.8354  91.8354  -1131.6 -159.213
-168.443  27.2153  432.139  161.598 -50.3055  161.598 -1443.15 -47.9903
 50.0109  50.0109  50.0109 -114.014 -96.3505  114.014
