 46.3129 -46.3129  46.3129 -65.4167  20.1802  509.966 -939.957  70.4366
  115.76  -115.76   115.76 -126.607  55.7472  302.447 -957.793  -62.928
 65.2442 -65.2442  65.2442 -60.5871  40.0879  281.557  -760.01  55.8409
-36.5654 -36.5654  36.5654  43.2275  5.67958  294.826 -650.233  -33.404
     -10      -10       10  25.3626 -13.3339  312.763 -599.359   20.264
      10      -10       10  8.25724 -15.3821  311.763 -597.953 -6.10538
      10      -10       10  12.2128 -17.8785  309.721 -602.799  11.7197
      10      -10       10  19.0775 -18.5277  310.899 -630.598  21.6118
 40.9345  40.9345  40.9345 -17.8696 -82.5958  279.168 -665.367  5.61146
  70.723   70.723   70.723 -42.5846 -99.3269  210.398 -711.001  23.0967
 139.761 -10.0972  139.761 -130.048 -13.3845  130.048 -729.203  -69.839
 166.477 -64.7908  166.477 -161.642  39.1153  161.642 -803.673  42.0457
 161.275 -23.8452  161.275 -144.006  7.24681  144.006 -832.162 -14.7558
 111.258  16.4859  111.258 -80.6667 -44.4383  224.165 -809.456  42.5206
 159.795  41.1858  159.795 -140.358 -70.4757  140.358 -819.252 -6.58965
 15.9369  103.927  103.927  20.6039 -130.764  228.483 -801.128  46.8829
-134.135  55.7454  134.135  162.873 -86.5471  162.873 -783.927 -18.8294
-104.248 -29.5597  104.248   150.41   15.424  226.517  -816.16  52.0504
-58.7655 -105.115  105.115  76.6606  76.6606  76.6606 -519.144 -37.7332
-1.75944 -17.5178  17.5178  18.5057  18.5057  18.5057 -172.262 -16.6815
 35.2929 -29.3978  35.2929 -96.7882 -31.5749  180.038
