     -10       10       10 -23.0086 -28.4006  313.675 -642.766  120.099
       10  -8.83478        10  -54.1409  -51.7197   378.019  -686.157 0.0435963
-46.3519 -16.4352  46.3519  16.6352 -4.18415  268.808 -692.902  53.4751
      10  5.96627       10 -34.0215 -35.2902  319.828 -628.058 -3.45227
     -10  9.17794       10 -9.10188 -29.8932  309.167 -611.412  31.4819
     -10       10       10 -8.03359 -32.0308  311.328 -598.781    6.527
     -10 0.516172       10 -5.25351 -22.1502  308.897 -588.273  9.33742
     -10 -4.85127       10 -5.24709 -17.8131  311.835 -571.778  15.6767
     -10      -10       10 -2.44199 -18.7537  306.269 -557.636  -17.784
      10      -10       10 -24.1761 -17.6274  285.186 -486.547  18.2993
 15.9962 -15.9962  15.9962 -12.5875 -10.1702  269.856 -580.869 -75.2669
 133.231  8.64933  133.231 -140.524 -39.4124  140.524 -786.953  56.8788
-38.8002  38.8002  38.8002  48.5571 -58.8659  312.813 -763.007  1.51518
 137.281  16.1753  137.281  -148.82 -38.5654   148.82 -749.186  47.5837
-10.5789 -10.5789  10.5789  25.3932 -10.7092  328.907 -653.308 -7.23297
-13.2811  1.74671  13.2811  26.3432 -21.1251  302.848 -594.094  45.5378
      10      -10       10  3.12907 -15.0864   311.24 -574.024 -34.7367
     -10      -10       10  26.5537 -1.26664  312.386 -576.661  39.6014
 19.3563 -19.3563  19.3563 -13.0376  -22.751   291.59  -500.73 -86.1392
 18.3192 -18.3192  18.3192 -9.12402  10.0574  246.298 -435.982 -16.0912
      10       10       10 -74.9026 -65.8378  179.669
