      10      -10       10 -80.0908 -11.5708  335.744 -654.579  62.1278
     -10      -10       10 -81.4392 -49.2116  424.442 -691.119 -6.17446
 69.8832 -15.3227  69.8832 -129.184 -5.24719  219.705 -728.146  34.2363
      10      -10       10 -65.1362 -18.7701  329.127 -629.473 -13.0401
      10      -10       10  -54.795 -12.0834  299.137 -590.202  29.5032
      10      -10       10 -54.4373 -12.0763  325.231 -637.062  6.06244
 118.368 -3.35856  118.368 -178.102 -18.4875  178.102 -758.771  5.36246
 129.521 -10.0097  129.521 -189.316 -10.4662  189.316 -822.859  8.91533
 123.512 -8.73651  123.512 -176.245 -14.6605  176.245 -775.059 -5.11582
 46.7676  -10.303  46.7676 -80.3563 -12.8477  265.391 -669.537   26.848
 85.8205 -12.8197  85.8205 -112.125 -8.90702  112.125 -548.445 -68.9972
 21.5498    1.965  21.5498 -44.0599 -27.0447  278.413 -592.525  31.3105
  14.214  5.83286   14.214 -34.1007   -32.73  304.191 -607.173 -3.42891
 14.2435  14.2435  14.2435 -30.0687  -38.521  304.889 -614.275  39.4993
  20.5563   20.5563   20.5563  -35.9381  -47.2886   301.527  -619.118 0.0467001
 18.9962  18.9962  18.9962 -29.7403 -40.7587  301.504 -619.344  39.0679
      10      -10       10 -18.2721 -17.9081  307.462 -580.844 -6.38825
      10 -3.58164       10 -8.98142  -6.8789  307.561 -618.711  40.9637
 43.6528 -43.6528  43.6528 -57.3259 0.745589  273.249  -591.02 -21.2981
 58.0333 -58.0333  58.0333 -57.2523   58.767  222.537  -629.65 -13.6472
     -10      -10       10 -42.4378 -36.3642  131.878
