 5.08819 -1.97658       10  5.01308 -8.38224  52.0747 -300.704  123.301
     -10  1.60826       10 -46.8664 -56.5319  279.432 -411.642 -6.65738
-15.4373 -13.6843  47.2995 -33.3851 -3.29444  258.846 -646.159   29.291
     -10 -4.91692       10 -33.0367 -25.5736  317.973 -598.343 -8.22538
-7.01374 -2.21623       10 -30.1002 -19.9408  311.598  -605.08  26.7503
-6.50637 -2.31729       10 -26.8604 -22.4293  309.228 -603.076   9.3715
-6.36057  2.23388       10  -23.282 -25.6261  310.278 -612.621  16.3976
-6.81622  2.45753       10 -18.1539 -26.0826  307.587 -618.561  28.0863
-6.26035  4.17347       10  -14.462 -27.6327  308.571  -631.08  1.62061
-3.15469 -7.62377       10 -9.45716  -14.242  285.651 -611.671  45.4691
 2.18711      -10       10 -7.41908 -7.55842  259.139 -582.946 -63.8984
 3.21696      -10       10 -11.8036 -11.2149  287.284 -607.162   53.053
 6.30141      -10       10 -18.4518 -13.7783   311.37 -619.402 -16.7298
 14.1429 -22.3513  22.3513 -28.5933   1.9602  297.135 -615.838  46.9338
 19.4474 -39.1538  39.1538 -37.7885   14.872  279.104 -612.084 -35.7594
 21.4377 -51.5665  51.5665 -42.7241  35.3621  264.004 -604.043  42.3765
 14.5258 -52.1682  52.1682 -38.2976   24.088  254.029 -551.188 -88.7707
 3.37265 -31.6282  31.6282  -28.037  19.5279  293.193 -520.097  42.8554
-19.7242  32.2228  32.2228 -16.3991 -98.2966  445.869 -701.908 -226.102
-36.1467  79.7094  79.7094 -8.88615 -97.0462  448.951 -846.481   15.706
 2.00928       10       10  -78.184 -50.3634   178.67
