-173.376 -173.376  173.376  166.743  155.015  389.855 -1283.36  120.969
-142.282 -142.282  142.282  155.037  81.5171  296.405 -1117.02  75.1739
-32.0115 -32.0115  32.0115  68.4435  13.8332  309.352 -803.746   90.956
     -10      -10       10  39.1343 -15.8673  312.476 -656.902  12.7863
      10      -10       10  19.9445 -8.73677  309.953 -634.684  30.0232
      10      -10       10  19.8487 -13.0878  308.972 -613.283  6.59936
      10       10       10  21.8128 -33.3778  309.293  -607.66  9.52276
 11.7093  11.7093  11.7093   21.449 -36.5745   305.95 -598.779  14.7019
 10.1183  10.1183  10.1183  24.4882 -35.2697  306.333 -581.949 -11.1502
 17.6719 -5.11229  17.6719  12.4523 -17.9792  269.665 -520.192  9.67474
 28.9207 -28.9207  28.9207 -5.21034  10.5147  192.856 -424.393 -89.8621
 12.1901  12.1901  12.1901  27.1928 -36.3347  272.351 -529.981  19.7604
 18.7592  18.7592  18.7592  31.4773 -47.1601  296.461 -627.227 -5.16554
 30.1362  30.1362  30.1362  26.3352 -57.8461  284.169 -679.862  45.2455
 42.0056  48.7318  48.7318  15.3268 -78.9008  269.988 -720.759  15.8067
 57.6734  57.6734  57.6734  6.16806 -82.7349  256.741  -766.95  55.8141
 69.0504  69.0504  69.0504 -8.53041 -100.166  244.328 -759.614  19.5821
 41.8005  41.8005  41.8005  40.4557 -56.9353  271.501 -812.737  63.4975
 13.0756 -44.6019  44.6019  42.0671  4.05277  202.832 -592.768  6.42451
-8.51447 -36.9219  36.9219  39.9288  39.9288  39.9288 -332.527 -49.8072
-16.5797  16.5797  16.5797 -50.3699 -42.0901  206.971
