-127.647 -127.647  127.647  113.387  107.769  393.651  -1128.5   108.35
-106.758 -106.758  106.758  109.413  42.9922  326.924 -1031.88  33.5392
-31.4827 -31.4827  31.4827  54.4748  9.59811  306.426 -770.037  85.0921
     -10      -10       10  28.7224  -17.983   313.77 -646.713  0.80072
      10      -10       10  9.86391 -9.71884  311.173 -627.456  31.3796
      10      -10       10  10.0577 -12.8958  309.547 -608.881  3.84297
 12.5693  12.5693  12.5693  8.70807 -35.2567  306.994 -607.681  10.2056
 13.6813  13.6813  13.6813   9.0559  -37.864   304.44 -601.003  15.6518
 14.5029  14.5029  14.5029  8.96509 -39.5213  302.299 -589.061 -11.1233
 15.1283 -15.1283  15.1283  7.67852 -9.48594   278.14 -536.958  17.7741
 41.0887 -9.81826  41.0887 -24.8461 -10.8133  205.409  -492.38  -89.935
 42.5418 -8.05375  42.5418 -18.2037 -17.5137  248.183  -586.28  26.2784
 44.0525  4.20969  44.0525 -11.2104 -32.7511  272.764  -660.37  -8.2148
 29.2842  39.9085  39.9085  11.2355 -66.8562  278.062 -688.326  46.5947
 27.0889  55.3506  55.3506  13.5686 -84.8478  264.413 -717.598  9.98686
 32.7809  61.6686  61.6686  13.8753 -85.4642  255.865 -755.308  56.4526
 28.7169  71.1229  71.1229  13.9433 -100.919  241.331 -738.331  9.15752
 32.4348  32.4348  32.4348  35.1448 -45.7315  295.549 -792.423  67.3763
-14.7805 -82.3107  82.3107  46.8487  46.0554  150.546 -602.438 -3.41366
 -20.296 -47.6012  47.6012  46.7503  46.7503  46.7503 -359.176 -18.1297
-11.6978  11.6978  11.6978  -54.495 -47.9492  208.315
