-86.4024 -86.4024  86.4024  8.74873  65.0407  396.262 -1007.17  95.7648
-62.7466 -62.7466  62.7466  12.6746  12.3558  382.859 -1024.18  44.7881
-22.2832 -40.2518  44.3331  6.75198  26.5706  270.714 -833.085  96.2853
     -10      -10       10 -11.8984 -15.0316  320.815 -675.233  17.0768
     -10      -10       10 -9.04548 -9.12574  307.039 -629.052  33.3806
 4.50412      -10       10 -23.8674 -12.9692   309.57 -605.287  14.6009
 8.15806    13.89    13.89 -26.4298 -38.0228  305.151 -599.286   8.2063
  12.692   12.692   12.692 -28.8011 -38.6431  306.711 -586.225  23.7546
-1.20713  21.4865  21.4865 -15.2939 -48.6186  298.783 -586.868 -17.4802
-7.96309 -2.90637  58.2742 -13.9713  -22.996  239.846 -585.154  24.7057
-9.39184 -7.25898  81.1313 -13.8766 -13.4238  201.895 -587.363 -112.071
 -7.5047 -4.35624  93.8936 -12.7431  -22.586  204.915 -653.734  35.3131
-3.32509  6.66708  102.588 -11.6865 -36.9006  218.723 -732.211 -20.7059
0.876753  27.1743  112.122 -9.93167 -55.8132  209.543 -777.565  56.1638
 3.49713  54.1826    125.5 -11.8103 -85.9838  198.044 -803.308 -3.74756
 6.82431   73.907  126.459 -6.67909 -99.1514  193.815 -835.553  70.4194
-1.64171  67.2064  141.665 -2.19839 -97.4903  169.074 -818.448 -6.85422
-2.49314 -65.2914  65.2914  35.5255  54.1242  272.667 -859.591  106.882
-66.8816 -102.362  102.362  77.3471  77.3471  77.3471 -585.888 -1.72395
0.190704 -20.6529  20.6529  27.7784  27.7784  27.7784 -296.053   43.731
      10      -10       10  -77.502 -13.1511  179.478
