7.54808 2.05473      10      10     -10      10 -328.28 121.411
 -18.461  -18.461   18.461  -49.395 -27.2692  245.776 -384.793   5.1906
-17.1604 -31.2524  87.8828 -49.1325   14.432   171.96 -680.535   12.753
     -10      -10       10 -52.8095 -22.5008  324.033 -613.735 -2.59347
     -10      -10       10 -43.3352 -16.2649  303.133 -594.186  21.7813
     -10 -8.35059       10 -40.7117 -20.4068   306.52  -594.59  12.6437
     -10  6.74102       10 -36.6992 -35.1029  307.413 -602.303  12.0227
      10       10       10 -51.2677 -37.9463  305.312 -610.144  29.6855
-6.25608       10       10 -30.6935 -37.4436  307.107 -621.081 -1.65025
     -10      -10       10 -18.6744 -14.3237  292.591 -613.238  47.6338
     -10      -10       10 -14.8203 -9.35743  289.514  -610.86 -68.3157
     -10      -10       10 -13.7964 -12.4235  294.832 -608.793   56.916
     -10      -10       10 -15.9744 -15.4378  308.928 -608.522 -22.4055
 27.6883 -27.6883  27.6883 -56.8273  6.44016  291.223 -615.599  54.2594
 47.9517 -47.9517  47.9517 -80.5329  22.0713  269.496 -619.184 -46.1753
 28.3588 -66.6135  66.6135 -66.7687  48.4626  253.435 -619.048  55.3507
 8.65339 -66.4324  66.4324 -46.9242  33.4818  247.282 -578.497 -104.552
-14.3471  -45.799   45.799 -26.8122  28.3949  270.801 -505.953  65.8292
-51.2335  89.3474  89.3474 -13.0973 -172.026  396.214 -777.518 -228.859
-76.9693  164.079  164.079 -9.68985 -186.786  443.195 -1063.09  49.6188
 31.6964 -31.6964  31.6964 -92.5812 -4.78854  92.5812
