-60.3951 -60.3951  60.3951  3.82657  37.2218  399.985 -921.047  109.244
 -50.945  -50.945   50.945  12.3147 -5.31255  376.039 -911.002  27.0722
 -36.553 -39.5693  39.5693   21.129  19.8298  284.876 -754.085  77.3986
     -10      -10       10  -3.8888 -15.3168  316.416 -650.649   8.2001
-2.82001  7.15075       10 -8.10454 -26.6709  308.997 -626.792  34.6336
 3.78166       10       10 -13.1384 -32.0722  309.104 -612.386  14.3328
 7.04448       10       10 -13.5158 -32.7567  308.795 -606.611  13.6121
      10       10       10 -14.2229 -34.1104  309.482 -599.385  26.4638
 8.11464   11.083   11.083 -10.5858  -36.671  308.893 -592.104 -11.8816
  14.7478 -0.504079    28.744  -19.2534  -25.7807   271.072  -567.624   30.2711
 34.6134 -5.45611  34.6134 -37.3501  -16.861  251.324   -549.3 -101.378
 14.8374 -2.25275  48.0349 -15.6201 -25.2248  252.635 -602.958  38.5588
 7.19049  4.46564  53.0282  -2.7967 -33.3695  267.932 -661.259 -19.4815
 6.64467  13.3888  57.7512  3.19632 -39.9511  263.717 -688.012  52.0111
 7.55346  26.8194  64.8402  4.19005  -55.929  257.998 -700.743 -9.02169
 9.97669  37.4765  62.6073  8.89706 -60.6395  258.264  -716.49  63.8115
 5.67706  39.9972  69.3889  11.3049 -68.6506  245.056 -694.155 -20.4117
 7.99722  6.21417  42.0192  28.4567 -16.4006  297.693 -752.593  80.7962
-20.0701 -83.9209  83.9209  30.2059  55.8778  127.813 -519.556 -54.8278
-20.9503 -34.1702  34.1702  36.1262  36.1262  36.1262 -254.556  18.5415
     -10 -3.37899       10 -63.7663 -33.9779   195.78
