-184.243  122.093  184.243  137.404 -137.404  137.404 -962.779  166.093
 77.6333  77.6333  77.6333 -104.475 -152.585  244.882 -761.824   -20.75
 92.9861  21.8628  92.9861 -115.658 -48.3394  230.252 -799.689  92.3118
 145.819 -3.67938  145.819 -177.282  -31.136  177.282 -854.317 -7.75664
 147.524 -6.50775  147.524 -175.718 -16.4804  175.718 -852.686  58.4123
 61.5626  61.5626  61.5626 -70.2103 -86.0363  262.177  -736.57  13.1931
 50.9265  50.9265  50.9265 -56.6439 -73.7703  272.945 -708.306  36.5275
 32.2666 -32.2666  32.2666 -31.1317  11.2509    291.7 -677.519   28.149
 27.5193 -27.5193  27.5193  -24.356  3.35278  296.608 -662.277  6.53494
 43.0514 -43.0514  43.0514 -37.7743  17.1282  280.965 -692.861  44.8537
 153.889  8.66098  153.889 -170.285 -33.6871  170.285 -820.024 -99.3096
 155.767 -9.12541  155.767 -167.874 -16.1491  167.874 -828.266  49.5425
 155.044 -15.7989  155.044 -168.745 -9.63627  168.745 -800.712 -28.3292
-0.442383  -33.2439   98.2063  0.019405   16.5244   225.853  -725.521   48.1013
-169.991 -42.2462  169.991  153.738  19.4046  153.738 -784.557 -50.9495
-69.2284 -69.2284  69.2284  71.5445  57.6007  254.916 -636.522  50.5247
-52.1901 -52.1901  52.1901  54.9952  25.9105  272.617 -582.268 -111.506
     -10       10       10  17.2134 -15.6061  314.659 -493.855  61.0216
     -10       10       10  8.24191 -68.4023  312.998 -414.001 -198.052
  20.657   20.657   20.657 -19.7441 -44.8761  233.572 -356.002  152.791
-70.0544  70.0544  70.0544 -28.0184 -124.248  124.248
