 153.731 -172.566  172.566  -154.08   154.08   154.08 -905.267  200.971
 -124.78 -175.669  175.669  147.338  147.338  147.338 -1041.37  148.205
-83.2342 -83.2342  83.2342  128.224  81.8421  237.686 -914.993  136.698
-17.2605 -17.2605  17.2605  60.8135   5.3727  303.935 -721.126   39.515
      10      -10       10  33.3958 -2.97247   311.22  -680.34  52.7669
     -10       10       10    50.32 -28.7386  311.411  -643.25  14.1944
     -10       10       10  50.9617 -32.6964  311.422 -627.105  17.6497
  11.193   11.193   11.193  29.7095 -36.1205  310.078 -609.297  17.8581
     -10       10       10  50.3222 -38.6574  311.485 -582.205 -17.1256
     -10       10       10  50.7943 -38.7444  311.141 -563.535  19.3814
 167.136 -34.8555  167.136 -158.001  11.6814  158.001 -728.503 -139.798
 171.716 -35.3311  171.716 -151.676  7.39513  151.676 -790.486   23.174
 174.888 -12.4432  174.888 -147.811 -16.5669  147.811 -829.605  -18.372
 83.8929  14.7503  83.8929 -26.1519 -41.0014  235.893 -782.382   52.682
    -134  53.7551      134  186.283 -81.9748  186.283 -864.479  18.9348
-127.634  75.8983  127.634  191.608 -99.4999  191.608 -916.231  72.0746
-127.039  96.8144  127.039  192.104 -125.939  192.104 -915.945  32.1338
-117.724  65.8517  117.724  199.839 -84.3865  199.839  -1000.9  97.4267
 -34.841  -34.841   34.841    121.5 -5.66582  281.998 -782.342   9.4158
 8.41458      -10       10       10       10       10 -169.921 -35.3177
 64.8127 -69.4682  71.6542 -133.536  79.8545  133.536
