 6.31316  2.05305       10       10      -10       10 -254.338  110.557
     -10       10       10 -45.0421  -69.263  202.803 -218.433 -15.8481
-18.1797 -17.7511  59.8432 -48.5724 -3.28716  225.227 -584.395  7.63866
     -10      -10       10 -48.1689 -28.7406  315.957 -561.021 -11.3933
     -10       10       10 -42.0111 -38.9605  308.727 -573.307  20.3011
 7.31529      -10       10 -53.1496 -20.4537   305.78 -581.351  7.80106
 8.41376       10       10 -50.8367 -38.4747  309.304  -597.64  13.7531
      10      -10       10 -45.3056 -16.7577  306.026 -614.138  28.4426
-0.611572   1.76556        10  -29.4664  -26.9451   306.671  -632.159   4.86653
 -1.2249      -10       10 -18.5516 -9.04386  288.563 -633.845  51.7394
 4.11121      -10       10 -16.9807 -3.56408  269.728 -613.898 -47.2573
      10      -10       10 -25.3492 -8.33793  290.086  -626.53  63.1889
      10      -10       10 -30.3423 -16.7651  309.408 -617.992 -22.5667
 35.1095 -35.1095  35.1095 -62.0386  11.9739  283.618 -623.574  58.8365
 60.9738 -69.0529  69.0529 -95.2253  39.2596  248.173 -635.382  -65.344
 55.7203 -105.326  105.326  -101.93  86.9424  211.314 -640.699  62.3179
 32.9489 -121.116  121.116 -80.2979  88.4276  184.424 -616.659 -150.902
-7.42628 -118.448  118.448 -53.6724  107.848   189.75  -535.24  79.5748
-62.4258   118.22  153.925 -14.2722 -197.389   355.43 -873.755 -329.059
-113.832  235.968  235.968  6.76428  -260.24  433.369 -1215.16  39.0755
      10      -10       10 -80.0696 -29.2384  149.178
