 -11.0224 -0.513809   11.0224   2.89854  -10.8874   175.402  -450.133   102.418
-18.5071   9.5456  18.5071 -25.0653 -69.8126  305.891  -563.79  14.1313
-15.1772 -25.0782  37.9577  -15.091  7.58979  283.701 -684.049  44.0437
     -10  8.04007       10 -16.2178 -36.8273  313.321 -617.411  5.17181
-7.12129   6.1119       10 -14.8875   -26.37   310.42 -620.709  32.1317
-6.10332       10       10 -13.9433 -32.9088  308.115 -611.083  15.3985
-1.48075       10       10 -16.1041 -31.9008   309.43 -613.947  18.3237
      10  2.87217       10 -24.7324 -25.4105  308.616 -613.981  27.5837
  3.26399   3.31555        10  -15.7035  -27.0979   308.812  -613.932 -0.771817
 1.30138 -5.14562       10 -8.98028 -19.2174  286.401 -580.836  36.9016
 1.79595      -10       10  -4.5835 -11.2686  256.608 -536.111  -74.312
 2.38876 -10.0207  10.0207 -6.66983  -13.759  286.726 -575.282  42.0813
 4.85033 -10.2308  10.2308 -10.1031 -14.0308  309.839 -602.366 -17.0022
 6.86731 -14.8181  14.8181  -11.479 -5.39855   305.55 -603.876  40.4319
  6.28533  -22.7135   22.7135  -12.2886 -0.402961   297.783  -599.428  -23.7291
 5.33774 -28.1213  28.1213 -10.5253  11.9012  290.994 -600.311  40.1951
 1.22467 -30.4671  30.4671 -8.20698  4.14499  281.342 -565.915 -53.0308
 -1.4216 -15.8395  15.8395 -1.01619  5.32377  305.041 -561.337  49.1683
  -11.523   21.8414   21.8414 -0.726118   -80.228   396.754  -664.075  -130.927
-18.4528  55.6316  55.6316 0.137593 -70.9841  370.592 -710.498  4.77527
 3.30596       10       10 -87.3386 -55.0502  196.477
