 4.60543      -10       10 -23.4441 -3.33747  130.194 -438.481  111.108
-13.5041 -13.5041  13.5041 -80.1876 -40.4477  376.659 -554.462 -24.0058
-11.7683 -9.06939  69.8171 -52.7329 -10.4732  213.993 -680.496  28.3938
     -10      -10       10 -48.1275 -18.0242  319.038 -602.184 -15.2318
     -10      -10       10 -40.1606 -10.8094  305.198 -592.791  25.4121
     -10 -5.39853       10 -36.5577 -16.8951  305.968 -593.242  4.89776
-3.69477  1.39972       10 -38.6824 -22.7776  307.071 -601.164  14.8334
      10  5.01001       10 -47.5907 -27.4844   305.87 -607.182  23.9863
-2.49756       10       10 -31.3482 -34.1558  307.654 -614.112 -0.14761
-6.37451  8.38394       10 -19.9002 -35.4456  286.293 -588.523  37.6285
-5.26788  -1.1362       10  -13.112 -23.8604  259.999 -555.176 -68.8123
-7.81182 -4.80874       10 -13.1574 -21.4818  287.614 -582.023   42.752
-8.88114      -10       10  -13.313 -14.0415  309.349 -601.866 -12.3328
-9.09838      -10       10 -11.0428 -10.3402  308.679  -591.69  38.9529
     -10      -10       10 -9.06837  -12.187  309.088 -577.457 -16.5052
     -10      -10       10 -6.79959 -6.73035   309.52 -571.566  35.2843
     -10      -10       10 -7.12972 -15.4043  304.656 -537.972 -40.3627
-7.10859      -10       10 -6.96351 -1.11114  311.611 -550.283  35.7602
     -10       10       10 -15.7058 -64.0688  381.963 -589.016 -98.7058
     -10       10       10 -10.1251 -23.1183  408.179 -647.946  10.9791
     -10      -10       10 -42.7995 -36.6204  129.313
