-92.1097 -92.1097  92.1097  81.9637  70.5063  378.443 -990.237  117.692
-73.5695 -73.5695  73.5695  76.0952  9.70818  345.805 -917.296  13.8536
-30.7838 -30.7838  30.7838   49.236  8.12999  300.745 -728.586  73.8778
      -10       -10        10   28.4275  -17.7589   310.237  -636.365 0.0618548
     10 1.98224      10 11.1977 -21.609 310.062 -632.56 33.1192
      10       10       10  12.8226 -32.0198  308.934 -622.848  9.79323
      10       10       10  15.8774 -31.6803  309.165 -623.597  15.6388
      10       10       10  18.2221 -33.1375  308.581 -619.705  24.0387
      10       10       10  20.0548 -35.0214  307.445 -612.439 -6.43672
      10  4.21804       10  19.7628 -31.1439  288.637 -570.119  30.1301
       10 -0.174939        10   20.4817  -23.9956   272.046  -538.332  -87.8542
      10  5.62819       10  25.4813 -33.4885  288.056 -573.793  37.5325
      10       10       10  31.8564 -37.8246   307.13 -618.667 -14.4944
 15.0854  15.0854  15.0854  30.5602 -40.0272  302.063 -639.035  46.5057
 23.5394  23.5394  23.5394  22.6132 -50.3329  294.762 -649.084 -7.93541
  26.612   26.612   26.612  23.5978 -47.7561  289.248 -663.534  51.3945
 22.9088  31.0296  31.0296  24.8971 -57.9148  283.754 -642.606 -23.5321
      10       10       10  52.1663 -21.6622  312.156 -666.685  57.5755
-0.887093  -24.6297   24.6297   37.5564  -10.1367   236.723  -476.235  -64.7564
-17.8751 -41.2894  41.2894  30.2956  36.1316  36.1316 -229.921 -4.96602
-11.0224   11.973   11.973  -53.642 -57.9168  206.642
