-15.8163  31.4014  31.4014  25.5493 -40.5695  66.0745 -341.128  112.237
-37.4271  37.4271  37.4271   14.317 -96.6117  230.194 -487.541  15.7383
-13.2805 -24.1231  33.2393  3.56989  8.30162  290.193 -673.714  40.1134
     -10       10       10  5.92011 -41.8693  314.947 -631.048  10.5326
-5.04689       10       10  4.42443 -33.5187  312.403 -635.265  36.2642
0.843738       10       10 0.624119 -36.4034  309.207 -626.203  19.9693
 5.40746       10       10 -1.65267 -34.9074  310.318 -629.161  21.6254
      10       10       10 -3.48983 -34.8596  308.898 -630.016  31.4132
       10   4.00804        10 -0.988171  -28.4622   307.971  -630.188    2.3253
      10      -10       10  2.71815 -12.0245  286.651  -601.48  41.1844
      10      -10       10  4.87905 -7.73341  263.311 -563.712 -67.2426
      10      -10       10  4.93699 -10.9038  287.155  -592.53  45.9597
 10.5498 -10.5498  10.5498  3.38843 -13.8675  309.271 -612.381 -21.2321
 28.2452 -28.2452  28.2452 -17.6626   6.8756  291.916 -622.613  42.5627
  35.557  -49.274   49.274 -29.4266  22.8979  270.499  -628.82 -39.8964
 33.7029 -70.0117  70.0117  -32.498  50.6131  248.178 -634.005  40.4483
 23.0918 -83.5414  83.5414 -25.4055   51.367  225.037 -609.951 -84.6046
 5.93465 -79.4675  79.4675 -10.1704  62.0935   244.31 -601.892  52.2364
-13.2471  49.6723  94.7355  10.2838 -121.642  390.833 -837.985 -189.045
-33.6827  140.903  140.903  19.7557 -161.158  390.284 -944.242  22.5378
 11.4095  11.4095  11.4095  -89.603 -52.5342  200.535
