-26.8909  37.9523  37.9523   38.157  -47.572   47.572 -345.179  112.331
-44.6634  44.6634  44.6634  19.5202  -101.93   219.96 -501.293  21.9214
-17.5119 -25.3796  32.8283  7.84359  10.5823  287.568 -679.345  42.8967
     -10       10       10  5.03558 -41.2359  310.313 -629.106  13.8849
     -10       10       10  8.27415 -33.3202  311.192  -638.29  36.4809
-6.61314       10       10  6.43738 -36.5375  309.887 -629.317  21.4727
0.184098       10       10  1.78497 -35.0992  311.296  -631.63  20.8469
      10       10       10  -5.5585 -35.1806  309.727 -630.027  31.5873
  6.70264   3.46412        10 0.0732181  -28.5648   308.433  -628.016  0.771141
 8.57718 -9.67232       10  1.61079 -13.7796  288.873 -599.379  40.4787
      10      -10       10   1.7927 -9.17629  273.186 -570.797  -70.032
      10      -10       10  2.63084 -11.9471  289.515 -591.675  45.7171
   11.8266   -11.8266    11.8266 -0.0359926   -12.3865    307.303   -611.535   -21.9885
 27.6602 -29.7475  29.7475 -18.9102  9.12349  289.195  -623.15  43.5227
 32.4548 -49.2683  49.2683 -27.7369  24.1955  270.046 -629.809 -39.1057
 31.4886  -65.663   65.663 -30.5479  47.4217   254.07 -634.442  43.6511
 22.1594 -75.3855  75.3855 -24.2082  44.0307  235.913   -606.6 -85.0309
 9.12968 -65.2017  65.2017 -11.9345  46.2185  257.299 -585.234  58.3125
-5.38542  39.7525  59.4293   7.8463 -112.862  423.228 -798.488 -185.953
 -25.648  122.349  122.349   12.057 -144.933  409.016 -917.564  22.2722
 11.1934  11.1934  11.1934  -89.709 -51.3192  197.756
