     -10      -10       10 -29.7679 -6.21737  195.525 -476.867  96.4404
 -14.591  -14.591   14.591 -86.0498 -42.4363  392.342 -593.717  -31.751
-13.6226 -7.76249  71.0655 -54.4664 -12.5726  215.777 -683.704  33.7602
     -10      -10       10 -51.3941 -18.2351  317.157 -594.979 -18.0581
     -10      -10       10 -44.1847 -10.2626  305.265 -586.413  26.6233
     -10 -6.58178       10 -40.7657 -15.1048  304.895 -584.233  2.67874
  -5.32903 0.00822744         10   -41.6972   -20.7111    306.377   -592.131    14.2282
      10  2.92308       10 -52.6583 -24.8515  305.041 -596.569  21.8305
-4.13302  7.51862       10 -35.3122 -31.3187  307.275  -602.99 -1.32992
-7.48109  4.54728       10 -24.4518 -31.2892  284.707 -573.573  34.3533
-6.49988 -1.79429       10 -16.2341 -23.2257  252.551 -533.702 -68.3685
-9.11958  1.74045       10 -17.5902 -28.4801  285.856 -570.541  39.0765
     -10  2.81271       10  -18.026  -27.675  308.621 -596.461 -10.8562
-9.82997 -2.17589       10 -15.7741 -19.0353  308.017 -589.638  37.0914
-9.81373 -6.35773       10 -14.6864 -16.3422  308.737 -577.684 -11.2107
-9.39361      -10       10 -12.3056 -7.28684   309.45 -576.837  34.3164
     -10      -10       10 -11.4326 -15.3794  304.976  -549.22 -27.9493
     -10 -7.51915       10 -6.47319 -2.96538  312.445 -575.794  37.1114
     -10 -3.12665       10 -17.6648 -47.3509  350.302  -563.79 -65.4397
     -10       10       10 -10.2822 -21.0906  352.593 -593.413  9.47588
     -10      -10       10 -45.2013  -38.482  130.002
