      10      -10       10  5.40744 -1.06664       10 -249.956  122.646
-26.4818 -26.4818  26.4818 -56.4651 -27.8733  271.877 -387.562 -17.8934
 -18.712 -18.9513  62.7564 -50.0584  1.68717  224.995 -632.381  17.2216
-2.62544      -10       10 -62.6264 -22.7807  316.388 -562.101 -15.8577
-1.12712      -10       10 -57.1567 -14.2255    305.4 -567.077  19.6327
     -10      -10       10 -45.0037 -16.9238  304.403 -567.837  2.25146
-3.35489      -10       10 -48.2577 -15.2298  306.713 -582.663  10.7531
      10      -10       10 -56.2706 -15.2075  304.646 -596.841  23.0796
 -6.44791 -0.375506        10  -35.3082  -24.7968   306.159  -616.384 0.0588406
     -10 -3.71311       10 -21.7135  -19.589  286.168 -611.453  44.7153
     -10      -10       10 -13.7528 -8.52157  265.931 -593.709 -56.9188
-2.59392      -10       10 -24.7982 -11.7419  287.879 -610.894  53.7057
 9.20076      -10       10 -41.5993 -14.2831  308.337 -614.894 -14.8486
 20.9584 -20.9584  20.9584 -56.0795 0.102683   296.83 -610.735  47.3278
 32.9471  -44.414   44.414 -73.4404   19.854   272.16 -616.507  -34.247
 31.8349 -61.1319  61.1319 -77.1364  43.6841  255.478 -616.775  43.2951
 18.8137 -63.8254  63.8254 -65.1896   33.816  241.728 -568.498 -82.7208
-7.75748 -39.3415  39.3415 -40.9613  22.7174  280.766 -519.909  47.9503
-57.4375  61.4446  61.4446  -17.349 -136.029  418.417 -744.153 -201.008
-93.6407  141.942  141.942  -10.027 -168.633  432.532 -988.881  20.8816
     -10      -10       10 -56.5503 -31.7982   145.94
