     -10      -10       10 -78.7552 -14.0313  374.875 -689.368   85.562
     -10      -10       10 -101.168 -50.4315  468.888  -767.96 -34.1532
-4.20788 -10.9699  69.3128 -58.5739 -9.74813    214.6  -707.92  51.9341
     -10      -10       10 -49.9554 -18.5885  319.282 -607.913 -17.0558
     -10 -9.56824       10 -42.1696 -11.1976  304.007  -585.48  29.2948
     -10 -1.95183       10 -39.3373  -20.652  304.466 -577.446 0.807767
-3.05606  1.83564       10   -42.43 -23.7176    305.3  -579.12  14.7724
      10 0.759601       10 -51.6563 -23.6852  305.404 -579.251  18.1657
-18.8176   3.9372  18.8176 -21.3718 -28.0448  297.585 -592.735 -4.87127
 -21.2396 -0.281799    35.773   -16.092  -25.3092   257.514  -578.761   25.6219
 -19.043 -2.98111  51.6689 -12.3338  -20.477  206.589 -555.624 -77.8491
-16.9827  2.86014  54.5766 -16.3645 -29.7696  239.117 -611.851  31.8125
-13.2581  11.2916   57.685 -18.5505 -38.8879  260.217 -661.176 -9.20416
-10.8668  17.2041    61.66 -16.6605 -42.6522  256.584 -674.589  38.0563
-8.38563  26.8101   66.054 -16.9562 -54.4905  253.066 -678.335  1.42495
-4.64684  31.2924   61.919 -14.0494 -53.4348  258.132  -685.94  40.7222
-6.17297  23.7633  64.3026 -12.2197 -52.0623  252.419 -665.457 -2.36911
-9.39737 -22.6623   39.764  7.76181  13.2729  288.748 -697.475  47.3386
-35.8033 -95.4865  95.4865  17.3435  58.9237   151.44 -567.129 -7.22255
-39.4204 -92.2703  92.2703  36.3565  94.2348  94.2348 -518.258  4.82597
     -10      -10       10 -47.1403 -34.8075   127.58
