-16.1152 -16.1152  16.1152 -18.3673 -2.67616  330.133  -690.48  109.274
-11.4208 -11.4208  11.4208 -29.8863 -50.7711  385.456 -724.493  14.2506
-10.1001 -27.7548  37.8658  -13.639  7.21272  284.136 -703.357  59.0263
-7.55954       10       10 -12.0808  -37.534  311.585 -625.534   3.3003
-2.95986       10       10 -12.4167 -29.2241  310.349 -624.918  33.8836
-0.0636935         10         10   -12.7765   -31.1445    309.233   -615.403    14.2034
 3.56191       10       10 -13.1218 -30.4813  309.935 -615.585  17.7758
      10       10       10 -16.4516  -31.679  309.117 -612.544  27.4428
 4.35838       10       10 -8.23407 -33.5352  309.263 -608.777 -3.58639
 3.31837  -1.7725       10 -3.60028 -23.8671   286.52 -567.736  33.9135
  3.80174  -7.13813        10 -0.217756  -16.1108   259.699  -524.347  -81.7824
 4.33564 -4.05926       10 0.693697 -22.2527    287.4 -565.443   38.861
 5.82897 0.645899       10  1.61049 -26.4872  311.005 -602.079 -15.7896
  7.80328 -0.396674        10   3.47539  -22.1776   310.074  -603.803   41.5077
  8.4188  1.21166       10  4.42494 -25.8389  311.107 -595.376 -13.8341
        10 -0.0817497         10    7.28972   -18.3937    309.025    -598.52    43.1888
 6.84709  1.04758       10  9.60717 -26.6056  307.646  -572.05 -33.4394
 7.06171 -1.62627       10   17.114 -7.39755  311.534 -602.037  48.3934
-2.13871      -10       10  15.4363 -31.9364  302.182 -504.879  -89.311
-3.81864      -10       10  18.5705   1.7686  216.738 -385.734 -6.44652
-2.75463       10       10 -77.3809 -55.7587  196.007
