-61.8539 -61.8539  61.8539  31.0019  40.6562   401.81 -943.642  118.645
-51.8256 -51.8256  51.8256  32.5314 -11.1095  382.848 -904.906  21.5227
-28.0079  -33.175   33.175  28.5908  11.5679  294.121 -730.334  75.4902
-7.91356      -10       10  9.16253 -17.2653  310.252  -633.24  4.30055
  4.22432   6.66608        10 -0.186013  -26.2298   310.615  -627.809   33.6039
      10       10       10 -4.17459 -32.1821  309.825 -615.599  10.9229
      10       10       10 -1.04059 -32.0236  310.499 -614.743  15.0703
      10       10       10  1.67991 -33.2734  309.529 -609.451  23.8377
 8.37314       10       10  5.61164 -34.8646  308.274 -601.703 -6.83882
 8.10915  1.99008       10  7.35153 -27.6548  286.436 -557.698  29.6455
 8.51376 -4.57746  18.8085  7.23047 -17.8707  251.925 -525.919 -87.7279
 10.1292 -1.50914  20.3844  9.95414 -25.1382  275.194 -575.147  36.2564
 13.2168  5.79084  21.7079  12.2029 -33.4997  296.797 -624.316 -13.8741
 17.9383   11.666  25.0409  12.1141 -36.9153  293.786 -642.851  44.6642
 19.5498  22.0674  30.7028   11.845 -49.4219  289.924 -648.933 -5.93966
 21.1325  28.1637  28.1637  16.4912 -49.4295  291.187 -660.313   48.524
 17.0696  32.2152  33.1155  18.3487 -59.9234  286.127 -639.729 -19.3134
 12.6151  10.2028  12.6151  37.9606 -20.9103  310.249 -664.106  53.6267
-3.70412 -42.9159  42.9159  28.1865  7.94916  207.756  -486.13 -56.6152
 -13.455 -50.9933  50.9933  26.3245  48.3454  49.9968 -288.245 -13.6836
     -10  8.52365       10 -61.7704 -51.3092  202.301
