-100.511 -100.511  100.511  92.4186  78.8805  409.269 -1067.21  119.151
-90.9944 -90.9944  90.9944  95.8072  25.7755   359.25 -1013.96  15.1978
-31.3399 -31.3399  31.3399  54.3134  8.00543  302.242 -749.513  83.2392
 -11.7903  -11.7903   11.7903   32.0554  -16.4706    305.77  -637.367 -0.368958
      10      -10       10  13.0809 -10.0037  309.033 -630.052  33.6034
      10 -3.23381       10  13.7809 -19.6338  308.282 -615.254  5.79019
      10       10       10  16.3269 -32.7073  308.924 -614.504  12.9852
      10       10       10  18.5225 -34.0067  308.325  -609.28  19.4149
      10       10       10  20.2978 -35.7621  307.569 -601.773  -8.6223
      10       10       10   19.681 -36.5259  289.586  -559.12   25.539
 15.4068 -1.63696  20.1061  12.8916 -21.4886  260.503 -536.094 -88.4059
 22.3464  6.61083  22.3464  11.5514 -34.3209  275.406 -582.711  34.6953
 22.2946  15.9431  26.9436  17.9418 -45.0485  289.261 -638.968 -12.6188
 25.4096  27.4776  32.4653  19.2827  -54.408  283.545 -665.976  47.1078
 25.8305   41.048   41.048  19.8354 -69.9925  277.902 -682.427 -2.38387
 29.5964  43.6335  43.6335  21.4586 -66.6923  273.389 -705.632  53.8863
 27.2153  46.8228  46.8228  22.3075 -75.5916  270.884 -690.524 -12.3049
 19.7884  9.89782  19.7884   47.603 -21.7707  299.143   -716.7  63.5007
-10.4023 -66.8534  66.8534  38.3907   33.796  138.619 -490.101 -34.9608
-15.4884   -36.22    36.22  33.7767  33.7767  33.7767 -252.724 -9.16486
-12.8782  12.8782  12.8782 -51.9962 -54.6383  206.368
