     -10       10       10 -12.5854 -19.5585  259.433 -618.299  98.6012
-21.7796 0.412304  21.7796 -29.8073   -64.33  300.618 -566.446  6.55995
-13.1427 -20.4294  37.4133 -24.0292   3.5847  270.548 -639.989   32.471
-4.19992       10       10 -27.9387 -38.5509   314.19 -612.216  3.65113
      10       10       10  -35.213  -29.472  307.249 -613.809  28.2497
      10       10       10 -32.1516 -31.9121  314.415 -625.728  17.7239
      10       10       10 -26.8451 -31.4508  308.692 -622.182  19.4641
      10       10       10  -22.469 -31.7071  315.484  -641.64  34.1895
      10       10       10 -16.8148 -34.7241  305.009 -631.291  5.68348
      10  6.59478       10 -10.8637 -30.9184  316.744 -669.047  52.2861
 129.116  -10.503  129.116 -150.254 -12.7651  150.254 -721.744 -80.2994
 14.0681 -14.0681  14.0681 -10.6481 -9.51712   311.85 -661.241  58.0586
      10      -10       10 -8.27156 -15.3624  308.636  -611.75 -15.9019
-2.92292 -20.7149  20.7149  2.62605  1.50982  301.498 -613.591  47.3301
-12.4399 -33.4386  33.4386  7.86702  10.6872  291.182 -603.631  -40.292
-18.7044 -43.5347  43.5347  11.6143  30.7075  275.666 -584.515  37.3044
-21.0499 -40.4989  40.4989  10.1996     16.4  287.068 -551.084 -100.859
-16.6401  -20.631   20.631  4.59179  16.2842  298.986 -470.767  21.3345
     -10       10       10 -12.1499 -67.2608  328.712 -398.265 -210.416
-2.39429  12.3065  12.3065 -8.47926 -27.9977   345.28 -475.434  60.2986
      10       10       10 -97.9408 -47.9666  188.039
