-53.8099  53.8099  53.8099  62.6228 -62.6228  62.6228 -407.553  119.266
-63.8546  63.8546  63.8546  47.9066 -123.585   205.27 -542.462  17.2088
-21.2493 -8.75573  45.6951  23.8229 -6.86528  278.084 -706.135  47.2331
     -10       10       10  20.8098 -41.9984  312.515 -643.139  13.2263
-4.75408       10       10  18.4014 -33.5873  311.054 -646.512   40.172
      10       10       10  5.29539 -36.5175  309.397 -638.879  21.3658
      10       10       10  7.21859 -35.0125  311.557 -641.606  23.0617
      10       10       10  9.54015  -35.001  310.132 -640.699  31.7107
 9.76606  5.19261       10  11.8555 -29.8328  308.755  -638.44  2.20547
      10      -10       10  13.9447 -12.5599  286.464 -605.164  39.7411
      10      -10       10  15.0618 -8.15556   261.84 -564.861 -69.2172
      10      -10       10  16.0222 -11.2042  285.712 -594.034  43.6578
 11.3791 -11.3791  11.3791  14.7985  -12.637  306.606 -617.266 -20.3011
 29.1479 -29.1479  29.1479  -6.0922  8.15891  288.446 -627.775  40.5559
 46.6007 -46.6007  46.6007 -27.3311  21.0873  272.071 -631.958 -35.8856
 61.0147 -61.0147  61.0147 -45.0305  42.1082  258.488 -635.079  37.4969
 38.3674 -75.6211  75.6211  -27.247  43.9557  232.805 -606.208 -79.7235
   18.17 -68.8665  68.8665 -7.53392  50.5896  251.378 -591.211  46.9076
 5.65462  12.5742  53.1582  18.4554 -83.5156  433.985 -794.596 -176.816
-11.3953  97.8238  97.8238  26.8852 -117.074  417.774 -877.917  16.6739
 27.2088  27.2088  27.2088 -103.015 -68.0148  183.009
