     10      10      10  14.895 -14.895  14.895 -227.07 115.502
-26.8569  26.8569  26.8569 -9.44771 -84.9077   194.78 -376.797  7.68245
-16.3413 -22.7582  35.5514  -17.975  7.84343  282.955 -653.711  32.1538
     -10       10       10 -17.0776 -43.0174  312.215 -612.407  5.41215
     -10       10       10 -13.0336 -34.3606  310.766 -617.226  30.8873
     -10      -10       10 -10.0929 -17.1606  310.027 -610.761  15.3243
     -10      -10       10 -6.76816 -15.9344   310.34  -613.31  17.6318
      10       10       10 -22.1253 -36.0306  308.652 -620.294  29.6852
     -10       10       10   2.3388 -35.1818  307.565 -626.476   2.8972
     -10      -10       10   9.6482 -10.1077  287.761 -609.277  45.2063
     -10      -10       10  13.9322 -4.95899  268.819  -581.38 -57.2699
-0.761927       -10        10   4.44117  -9.46959   288.883  -604.031   53.6397
      10      -10       10 -8.55749 -16.2266   310.56 -616.628  -20.255
 28.7067 -28.7067  28.7067 -31.3601  5.89815  291.996 -621.828  50.6586
 56.6675   -58.56    58.56 -65.5083   30.067  259.768 -630.041 -48.9384
  82.905  -82.905   82.905 -99.2303  64.9499  234.837 -629.686  49.8689
 49.4339 -100.163  100.163 -69.4022  68.5529  205.515 -602.659 -115.314
 17.3525 -89.2803  89.2803 -44.9613  75.6815  231.183 -555.518  60.2723
-9.72256  88.3392  88.3392 -14.5423 -162.834  419.958 -834.648 -257.531
-42.1348  168.532  168.532 -3.76961 -190.995  445.694 -1054.48   17.295
      10       10       10 -103.578 -43.5614    196.3
