-120.247 -120.247  120.247  85.1159  99.7661  428.563 -1181.26  132.895
-105.253 -105.253  105.253  92.3047  46.6041  350.603 -1078.82  46.1068
-45.6703 -45.6703  45.6703  55.4872  27.6827  281.648 -780.703  92.9554
     -10      -10       10  19.7527 -14.4542  309.668 -646.063  7.89611
 3.66865      -10       10  7.45556 -8.28357  310.916 -629.626  34.9717
      10      -10       10  2.18774 -12.2325  308.929 -609.663  8.73078
 12.0747  12.0747  12.0747  2.12939 -35.3386  306.828 -606.832  12.0436
 12.9842  12.9842  12.9842  3.62766 -37.9217  305.717 -601.574  20.2376
 12.4857  12.4857  12.4857  6.49332 -38.4548  305.772 -592.057 -11.7876
 17.8436  4.71751  17.8436 0.378331 -29.7172  277.365  -547.04  23.9501
 28.8357 -3.49765  28.8357 -11.2636 -16.9074  238.109 -513.603 -96.4742
 18.3867 -2.25838  34.9533  4.76881 -23.6697   258.78 -580.132  32.3608
 18.0012   8.0567  36.6255  13.3735 -37.0118  282.284 -647.476 -12.9292
 21.0854  20.2168  40.3525  16.7385 -47.7964  279.497 -679.779  47.9282
 24.5643  39.8222  47.6517   15.435  -70.135  273.721 -695.599  3.21148
 28.8327  48.5064  48.5064  18.4028 -72.9396  268.332 -720.253  56.9589
 23.8694  56.2142  56.2142  21.1185 -86.5506   261.94 -707.864 -1.30559
 23.3189  23.3189  23.3189  43.8668 -35.5387  300.913 -747.659  64.8652
-6.47945 -67.3398  67.3398  33.9764  34.3689  132.436 -492.591 -20.7451
-4.79337 -21.3568  21.3568  25.6161  25.6161  25.6161 -220.549 -28.3597
-24.1563 -2.51978  24.1563 -49.9114 -25.9574  186.068
