     -10      -10       10 -32.4095 -6.77326   211.24 -487.634  98.0626
-13.0889 -13.0889  13.0889 -85.9009 -45.1679      399  -591.34 -38.8581
-13.0545 -9.62081  69.5573 -53.6445 -10.8815  218.443 -673.054  33.8067
     -10      -10       10 -50.5788 -18.4301  318.476 -587.542 -21.7403
     -10      -10       10 -43.4085 -10.1334  306.382 -581.407  26.2156
     -10  -9.5491       10 -39.7037 -11.8423  304.786 -579.906 0.501608
-4.74444 -2.01755       10 -41.3459 -18.3568  306.294 -589.184  14.3884
      10  1.45804       10 -51.7836 -23.1568   305.21 -596.141  20.9473
-4.40388  7.48605       10 -34.1351 -31.0166  307.707 -605.534 -0.83962
     -10  6.06055       10 -20.8153 -32.5342   284.62 -578.881  35.0533
-7.11157  1.27396       10 -13.7131 -25.9204  250.112 -541.078 -67.8767
     -10   4.1437       10 -15.8267  -30.847  285.601 -576.315  40.1293
     -10  4.59041       10  -17.784 -29.5308  309.445 -601.042 -9.85009
 -8.83762 -0.932561        10  -16.8363   -20.553   308.208  -591.648   36.9789
-8.14132 -4.99933       10 -16.7268 -17.9034   308.59 -578.016 -10.6038
-7.85228 -9.79725       10 -14.4296 -7.68641   308.77 -575.786  33.5757
-9.89596      -10       10 -12.5549 -15.2661  304.599 -547.076 -27.5375
      -10       -10        10  -7.65193 -0.125874   312.965  -576.061   35.0189
     -10      -10       10 -18.9793 -38.6471  343.176 -548.291 -65.1855
     -10       10       10 -10.6857 -20.6749  334.451 -564.744  10.1323
     -10      -10       10 -46.0008 -38.9143  133.568
