 -95.337  -95.337   95.337  76.9755  73.1679  412.457 -1056.44  114.873
 -81.975  -81.975   81.975  78.5246  17.5421  357.674 -980.574  16.9017
-31.4497 -31.4497  31.4497  46.3466  8.08001  296.417 -733.546  79.3993
     -10      -10       10  23.8247 -17.7006  308.558 -633.442 0.258401
      10      -10       10  6.21728 -9.69709  311.217 -629.598  32.3226
      10       10       10  7.13867 -32.2827  309.821 -615.698   7.6215
      10       10       10  10.0786 -32.2343  309.347 -614.299  13.4572
      10       10       10  12.1903  -33.846  308.601 -608.225  21.2391
      10       10       10  13.8771 -35.4959   307.43 -599.324 -8.86246
      10   3.2234       10  13.6758 -29.8708  288.385 -554.952  26.2261
 10.4983 -4.74089  18.5205  12.1073 -18.4608  263.947 -531.783 -89.3619
 13.6644 0.560825  21.8163  14.4238 -28.4295  276.073 -579.697  35.2978
 18.0941  11.7257  23.8066  16.6821 -40.4943  294.602 -635.631 -13.9009
 22.1903  24.6662  28.3691  17.2831 -51.0761  290.253 -661.494  48.6562
 25.8934  37.7954  37.7954  14.3118 -66.1911  281.048 -675.383 -4.23774
 31.0069   42.231   42.231  13.6542 -64.6523  273.066 -694.858  56.9457
 25.4031   46.685   46.685  17.4042  -74.678  271.048 -681.463 -16.6932
 17.3271  17.3271  17.3271  44.0675 -28.5464   310.37 -712.966  67.2113
-10.6027 -61.6152  61.6152  35.6405  29.5766  154.978 -485.806 -46.7277
-15.5715 -33.7625  33.7625  31.5235  31.5235  31.5235 -234.143  -4.3686
-11.0962  11.0962  11.0962 -54.4317 -54.5364  202.994
