-82.3277 -82.3277  82.3277  77.1918   61.561  413.098 -1017.28  113.866
-74.0112 -74.0112  74.0112  78.1497    6.504  357.665 -934.698  8.37572
-30.5371 -30.5371  30.5371  50.0919  7.03848  299.418 -720.945  74.5311
      10      -10       10  8.81013 -18.4992  308.802 -628.286 -5.06604
      10      -10       10  11.4693 -9.56361  311.268 -627.145  32.3188
      10  8.07425       10  12.6102  -30.122  309.069 -615.246  5.27249
      10       10       10  15.6348  -31.688  308.902 -616.562  14.8548
      10       10       10  17.9843 -33.1555  308.473 -614.122  20.8983
      10       10       10  20.1226 -34.6728  307.482 -610.117  -5.6926
      10       10       10  19.6529 -35.5885  285.078 -564.192  27.3308
 8.58669 -10.3188  10.3188  22.0154 -12.5896  254.112 -518.005 -82.7843
      10       10       10  25.2832 -36.5618  283.692  -568.56  33.9349
      10       10       10  31.9511 -37.4959   307.41 -620.745 -10.3229
 17.9556  17.9556  17.9556  26.9008 -43.1219  299.708  -644.05  42.4552
 28.4175  28.4175  28.4175  16.3182 -55.4335  289.842  -655.81 -1.81569
 32.0667  32.0667  32.0667  16.5701 -53.6795  282.448 -670.309  45.0507
 34.4731  34.4731  34.4731  12.3133 -61.8549  280.989 -651.022 -11.8317
 13.5753  13.5753  13.5753   48.656 -25.2188  306.257 -680.819  48.6388
-4.83361   -35.45    35.45  40.3269  -0.9852  223.861 -503.414 -39.5407
-21.9768 -49.7982  49.7982  38.0577  44.7013  44.7013 -287.412 -18.0344
-11.0257   11.781   11.781 -53.8778 -57.2551  205.148
