     -10      -10       10 -18.7319 -5.03852   190.07 -459.526  106.461
-17.6125 -17.6125  17.6125 -65.9378 -41.3682  374.498 -547.382 -38.4706
-13.5305 -20.0682  62.0656 -43.3216 0.944446   232.25  -655.84  28.5357
     -10      -10       10 -40.9908 -18.8534  319.069 -578.911  -23.302
     -10      -10       10 -34.1417 -9.94315  307.724 -582.202  22.4921
     -10      -10       10 -30.9038 -11.4602  307.083 -584.688  1.21214
-3.77558 -4.29591       10 -33.2967  -16.053  308.631 -600.359  13.0541
      10  3.73609       10 -42.7875 -25.2996  307.287 -612.024  24.5903
-0.996151        10        10  -28.1283  -33.2089   309.623  -628.271 -0.373935
-3.39315       10       10 -17.6418 -35.2914  284.056 -607.221  42.0867
-1.30006       10       10 -9.15934 -32.5217  243.081 -569.247  -69.253
-6.32653      -10       10 -10.8998 -14.8308  284.847 -598.746  46.7573
     -10      -10       10 -11.0702 -13.9771  311.373 -613.992 -11.9399
     -10      -10       10 -10.1315 -10.8111  309.325   -597.4   39.511
     -10      -10       10 -10.4751 -12.8088  309.955 -577.894 -16.4093
     -10      -10       10 -8.68447 -6.95931  309.106 -571.164  33.0697
     -10      -10       10 -10.1521 -14.8362  304.212 -533.046 -40.7929
     -10      -10       10 -6.93851 0.461097   308.96 -548.446  31.1034
     -10       10       10 -21.3263 -58.9569  369.497 -554.672 -106.206
     -10       10       10 -10.9648 -21.2403  363.038 -595.809  17.4193
     -10      -10       10 -48.1963 -37.4671  150.798
