 8.94222  10.2894  10.2894       10      -10       10 -171.158  147.623
 -56.805   56.805   56.805  39.1612 -117.505  117.505 -336.404 -10.0092
-40.7613  26.3292  71.4721  25.6144  -44.509  235.361 -664.342  37.3643
-34.9383  34.9383  34.9383  38.2626 -76.9384  288.074 -676.735  10.5904
     -10       10       10  21.4233 -40.7784  314.089 -650.924  45.4065
     -10       10       10  24.7449 -42.4183  309.526 -643.113  26.1234
     -10       10       10  27.4154  -39.592  312.556 -648.728  26.7404
     -10       10       10  31.1209 -37.7876  310.299 -651.018  38.5605
      10       10       10  14.0149 -35.3831  306.977 -647.452   5.5752
      10      -10       10  17.1158  -6.9706  289.002 -625.126  50.0964
       10       -10        10   17.3563 -0.872151   278.736   -599.65  -63.8344
      10      -10       10  19.6262 -6.04132  289.839 -611.731  60.7838
      10      -10       10  20.4057 -17.5566  308.596  -620.35 -38.4504
 48.9217 -48.9217  48.9217 -27.0959  24.4309  268.387 -644.219  67.5753
 83.8194 -83.8194  83.8194 -66.9681  49.8087  233.917 -671.302   -84.72
 72.6517 -134.235  134.235 -71.9471  112.141  183.189 -682.543  84.8188
 69.4435 -161.951  161.951 -68.9825  124.296  141.999 -695.656 -177.108
 69.9071  -112.06  219.393 -97.1617  97.1617  97.1617 -678.566  117.885
 214.237  104.064  214.237 -204.724 -177.223  318.268 -1048.35 -353.591
 67.4535  271.376  271.376 -69.5692 -286.757  380.422 -1238.83  50.4174
53.6056 53.6056 53.6056 -142.99 -83.272  142.99
