-16.3843   33.916   33.916  26.5204  -42.593   59.716 -344.006   125.54
-44.0903  44.0903  44.0903  22.1208  -101.79  212.085 -482.507  13.1178
-17.1581 -15.8681  39.7569   8.5982 0.672392  282.559 -686.095  42.5068
-10.0115  10.0115  10.0115  8.59671 -41.6638  318.083 -641.946  8.29958
-4.62836  10.0871  10.0871   6.7572 -33.5482  314.163 -642.824  37.7749
-1.37834       10       10  5.94826 -36.4827  310.009  -632.64  19.3426
 4.67011       10       10  2.37337 -34.8661   310.98 -635.229  22.8845
      10       10       10 0.139985 -34.8797  308.551  -635.34  32.0844
      10   5.9299       10  2.74778 -30.4573  307.939 -635.911  2.33467
      10 -7.46349       10  6.38771 -14.6429  287.017 -607.959  42.9777
 9.88456      -10       10  8.22968 -7.77779   268.24 -575.532 -68.7594
      10      -10       10  8.90866 -11.0922  288.385 -599.891  48.3184
 11.2303 -11.2303  11.2303   7.0866 -13.3478  308.918 -619.535 -22.4152
 26.9712 -29.5181  29.5181 -12.0789  7.99542  289.847 -627.803  45.7851
 34.7917 -48.8411  48.8411 -24.0978  22.1819  270.105 -630.552 -43.5208
 35.9336 -67.4212  67.4212 -30.0274  48.3775  248.806 -628.816   44.818
 29.1815 -77.6689  77.6689  -26.831  45.6662  228.519 -596.473 -93.6175
 14.9646 -69.4446  69.4446 -14.0822  52.8136  255.621 -583.253  54.9532
 3.35121  33.7231  65.1958    5.161 -103.645  428.285 -802.849 -206.654
-14.2579  109.449  109.449  13.8657 -127.603  412.131 -885.267  26.0726
 18.6451  18.6451  18.6451 -96.7421 -58.0922  192.026
