 -72.702  -72.702   72.702  65.5844  51.7398  422.115 -997.869  110.599
 -67.2579  -67.2579   67.2579   68.9568 -0.474155   365.758  -921.893   4.97427
-30.4466 -30.4466  30.4466   47.209  6.63093   297.53 -713.216  72.4779
     -10      -10       10  26.3067 -18.5978   308.77 -624.882 -6.00072
      10      -10       10  9.12513 -9.66265  312.118 -626.461  31.4152
      10  7.51581       10  10.2379 -29.5653   309.89 -614.311  5.26621
      10       10       10  13.3033 -31.6401  309.072 -615.226  14.6842
      10       10       10  15.6693 -33.1525  308.217 -612.566  20.8582
      10       10       10  17.7727 -34.7236  307.229 -608.583 -5.52447
      10       10       10  17.5225 -35.7549   285.23 -563.897  27.3991
 11.8756 -11.8756  11.8756   16.537 -11.2394  253.172 -520.609 -82.2362
      10       10       10  23.1148 -36.8108  284.103 -568.686  34.4993
 10.6818  10.6818  10.6818   28.814 -38.2668  307.367 -622.323  -9.6791
 20.0227  20.0227  20.0227  21.8559 -45.2221   297.85 -645.719  42.3553
 31.3349  31.3349  31.3349   10.067 -58.3003  287.109 -657.727 -1.98763
 36.4472  36.4472  36.4472  8.49796 -57.9484  278.412 -674.048  44.0717
 39.9738  39.9738  39.9738  2.62656 -67.1333  276.712 -655.875 -13.2726
      10      -10       10  50.7536 -2.15501  313.036 -679.064  49.4533
-5.76564 -37.0694  37.0694  38.1924 0.958142  218.809 -499.359 -39.0114
-24.2292 -50.1776  50.1776  39.8664  44.9864  44.9864 -290.992 -15.4568
-9.94439  11.0483  11.0483 -55.0041 -57.1312  204.374
