-27.6003  27.6003  27.6003  37.8806 -36.9649  114.895 -405.536  122.489
-27.2303  39.6677  39.6677  12.9372 -99.4806  239.876 -523.131  12.9198
-6.59621 -16.2168  38.6326  7.06496 0.394232  283.668  -686.14  45.9164
-5.46817  10.5825  10.5825   12.028  -41.514  315.316 -639.439  5.99006
-1.21947       10       10  11.2613 -32.5995  313.216 -641.799  37.4812
      10       10       10  1.94514 -35.3164  309.985 -632.688  17.9679
      10       10       10  4.32204 -33.7922  310.986 -635.886  21.4518
      10       10       10  6.93244 -33.9283  308.472 -634.689  30.6907
      10  3.92177       10  9.39044 -27.8846  307.497 -634.997  2.06191
      10      -10       10  12.2935 -12.6499  284.466 -603.151  40.3088
      10      -10       10  14.1586 -8.67877  259.574 -565.821 -69.3632
      10      -10       10  14.9479 -11.6911  284.917 -596.768  45.1406
 10.6455 -10.6455  10.6455  14.2692  -13.526  308.967 -621.122 -20.1328
 24.0222 -24.0222  24.0222 -1.23927  2.89778  295.421 -627.064  42.2759
 31.1939 -39.8604  39.8604 -12.0124  14.4368  279.044 -626.485 -34.8116
 32.0948 -53.6736  53.6736  -15.786  35.1256  263.521  -626.84  39.7567
 25.9186   -62.09    62.09 -13.5309  31.7928  245.979 -592.566 -75.0201
 19.2789 -51.9829  51.9829 -5.88647  36.2965  272.544 -584.215  45.1955
 7.21424  18.0553  35.9297  15.5838 -83.7506  439.126 -751.755 -169.245
-4.24618  81.2203  81.2203  17.8605 -97.9942  400.327 -806.557  12.8578
 19.0472  19.0472  19.0472  -92.379 -60.9446  191.865
