 -109.67  -109.67   109.67  72.8968  88.8413   434.16 -1152.66  127.041
-97.1786 -97.1786  97.1786  81.9329  37.6803  358.708 -1063.27  40.7864
-42.0352 -42.0352  42.0352  49.9091  23.0411   285.44 -774.313  91.4728
     -10      -10       10  17.3068 -15.0726  309.918 -644.803  7.18813
 1.53463      -10       10  7.18766 -8.64539  310.922 -628.493  34.8857
       10       -10        10 -0.234473   -12.341   308.772  -608.536   8.59142
 12.9437  12.9437  12.9437 -1.42177 -36.2018  306.033 -607.382  11.8577
 13.2201  13.2201  13.2201 0.696238  -38.104  305.987  -601.52   20.007
 12.9881  12.9881  12.9881  3.21804 -38.9016  306.037 -593.175 -11.7846
 17.4815  3.25916  22.2279 -2.74999  -28.263  272.903 -551.771   23.688
 32.8124  -4.2195  32.8124 -18.2115 -16.1704  234.024 -519.963 -96.0397
 18.3564 -2.38802  40.9687 0.786641 -23.6459  252.543 -587.222  32.3218
  17.393  7.67955  42.9992  9.59153  -36.645  276.004 -655.528 -12.6659
 18.6867  19.7294  46.8161  14.5481 -47.3686  273.338 -687.661  47.6567
 23.2781  39.1061  53.9378  12.0966 -69.4352  268.122 -703.894  3.25453
  27.187  52.0618  52.0618  15.7692 -76.5456  265.255 -724.057  56.6114
  24.2271   58.7239   58.7239   16.6227  -89.0179   260.006  -710.711 -0.897675
 28.0305  19.7134  28.0305  34.6024 -31.6905  296.937 -753.448  64.9891
-9.26164  -77.964   77.964  32.5871  45.5672    118.9 -505.866 -17.4233
-7.81177 -25.7699  25.7699  29.5215  29.5215  29.5215 -246.352 -23.8185
-19.5889 0.188113  19.5889   -53.15 -30.7995  190.663
