-21.1312  47.2869  47.2869   28.283 -57.1255  89.8686 -438.048  121.145
-49.0484  49.0484  49.0484  31.7128 -107.767  238.937 -567.858  21.8368
-16.8894 -13.1805  43.4364   16.142 -2.27557  279.995 -712.427  49.9269
-6.78818  12.4636  12.4636  11.9323 -42.8627  309.653 -647.232  13.3539
-0.703322        10        10   9.69112  -31.7649   311.882  -649.426   39.1036
  4.0539       10       10  6.29125 -34.7939  309.811 -637.752  20.9019
      10       10       10  2.58841 -33.4429  310.898 -638.822  22.2678
      10       10       10  4.83303 -33.9638  309.427 -635.597  30.7439
      10       10       10   6.9375  -34.463  308.547 -633.023  1.19366
      10      -10       10  9.32644   -14.32   287.38 -598.019  37.7029
      10      -10       10  10.4806 -10.7412  266.439  -560.52 -71.2311
      10      -10       10  11.9625 -13.2906  287.486 -588.945  41.9963
 10.6094 -10.6094  10.6094  12.2535 -13.5875  308.347 -614.372  -20.094
 23.7633 -23.7633  23.7633 -2.43139  3.11939  294.252 -621.213  40.9679
 35.1824 -35.1824  35.1824 -15.9427    11.07  283.814 -621.122 -32.6506
 28.5751 -46.5582  46.5582 -11.1365  29.2222  272.319  -622.94  40.0453
 21.9744 -51.8782  51.8782 -7.43678  23.0852  259.205 -589.386 -71.8108
 16.3805 -36.2736  36.2736 0.934406  20.6276  285.217 -569.871   48.552
       10 -0.909355        10   17.8134  -64.3281   449.737  -706.594  -157.706
 3.30214  49.5017  49.5017  16.0021 -67.9062  421.075 -750.346  9.51325
 23.8603  23.8603  23.8603 -100.983 -65.5439  185.262
