-87.0506 -87.0506  87.0506  47.2976  64.3318   422.81 -1057.22  122.414
-75.4822 -75.4822  75.4822  54.8524  15.5132  371.045 -992.813  32.4914
-32.9726 -32.9726  32.9726  35.7754  12.1218  292.141 -744.144   83.047
     -10      -10       10  12.2607 -15.7025  308.959 -638.774  7.78829
 3.21147      -10       10  1.39954 -9.00841  310.728 -630.008  33.9739
      10       10       10 -4.16192 -32.1671  309.476 -613.875  11.5103
      10       10       10 -1.07957 -32.7202  309.769 -610.865  13.5444
 10.9247  10.9247  10.9247 0.240527 -35.1809  308.502 -604.767  23.0587
 10.9546  10.9546  10.9546  2.29676 -36.6925  308.002 -595.454 -10.4475
 9.05344   3.2653  16.4903  3.78733 -29.3705  281.936  -554.56  26.5066
 7.05776 -5.50067   27.736  4.75641 -16.5245  254.426  -532.34 -94.0671
 9.85775 -1.54507  30.5429  7.87277 -25.7186  267.355 -581.192  35.8709
 12.8826  7.87811  31.9933  11.7509 -36.8844  287.677  -638.25 -16.5127
 16.3084  18.0874  35.6793  13.9858 -45.0009  284.272 -664.207  50.2564
 18.1814  32.7536  42.0444  14.1239 -62.0969  278.798 -675.491 -5.86771
   22.91  41.5242  41.5242  15.8833 -64.7659  275.506  -691.23  60.6431
 20.2405  46.1743  46.1743  17.2655 -75.0967  273.646  -678.48 -17.5195
19.5351 13.5581 19.5351 36.8709  -24.38 309.551 -715.22 72.5035
-7.35364  -67.357   67.357  27.6972  36.4793  135.803 -473.836 -50.0086
-13.1105 -27.9523  27.9523  29.4365  29.4365  29.4365 -218.722 -6.20688
     -10  8.50276       10 -60.7098 -46.2575  200.463
