     -10      -10       10  22.0824  2.50296  22.0824 -313.988  120.013
-42.5559 -42.5559  42.5559 -46.9095 -6.15461  255.858  -467.18 -13.6712
-24.8998  -12.116  70.1317 -45.9665  -3.1245  211.764 -691.963  27.4737
-10.0743 -10.0743  10.0743 -58.7248 -21.8034  318.272 -596.003 -11.8332
     -10      -10       10 -50.8242 -14.0821  304.458 -587.316  26.4907
     -10      -10       10 -48.0424 -16.7118  304.349 -580.304  3.09987
     -10 -7.40793       10 -44.4611 -17.7755  305.639 -587.149  13.8731
     -10  1.82104       10 -39.7561 -27.6188  304.714  -595.47  21.0949
     -10  5.76608       10 -35.2306 -31.4929  304.916 -605.444 0.315681
     -10 -4.22187       10 -25.5812 -20.5152  284.266 -589.682  37.2505
     -10      -10       10 -16.7309 -10.6617  260.384 -562.948 -59.3203
     -10      -10       10 -20.3373 -13.0856  285.737 -587.408  43.7847
     -10      -10       10 -23.7462 -14.0199  307.112 -601.598 -12.0265
 22.1011 -22.1011  22.1011 -57.1464    1.345  294.438 -604.587  39.7963
 35.0699 -35.0699  35.0699 -72.1419  11.4312  282.248 -606.205  -22.356
0.0333934  -44.2102   44.2102   -39.014    26.194   274.422  -602.847   35.7995
 -36.1394  -36.1394   36.1394 -0.953658   5.92978   271.134   -546.02  -56.8735
-11.8066 -11.8066  11.8066 -23.9556 -6.23416  310.663 -515.674  39.0757
-44.1156   45.092   45.092 -17.0952 -120.288  430.716 -749.107 -139.393
 -62.274  108.719  108.719 -22.4598 -130.414  479.152 -993.917   4.0682
      10      -10       10 -68.5432 -29.8645  127.693
