-127.792 -127.792  127.792  70.9093  109.176  422.266 -1206.04  119.772
 -102.32  -102.32   102.32  76.1075  50.4795  358.396 -1129.53  58.0937
-41.1315 -41.1315  41.1315  43.8533  25.1372  284.984 -813.829  107.292
     -10      -10       10  9.29938 -13.3251  310.974 -661.954  12.6067
     -10      -10       10  10.0022 -8.37846  308.482  -632.01  40.5958
      10      -10       10 -9.94928 -13.1477  307.346 -606.369  9.24901
  10.162  13.6457  13.6457 -9.27274 -38.4031  305.988 -604.083  11.9235
 5.01824  18.3495  18.3495 -3.42665  -44.786  302.454 -599.981  19.2461
0.722516  20.6669  20.6669  2.24125 -47.7098  301.321  -593.36   -15.58
 -2.72266 -0.782043   50.4832  0.261504  -24.0562   244.759  -570.123   19.8505
 -4.01683  -7.87543   74.7411 -0.923002  -10.9949   192.765  -553.874   -107.22
-0.484587  -6.84096   82.2986  0.771737  -18.6782   211.035  -628.731   29.2709
 5.47127  5.38084  86.4163  2.79078 -34.9594  234.212 -711.306 -15.0655
 10.8055  22.0687  92.8697  4.64252 -50.6899  229.496 -758.136  50.7453
 14.5541   49.607  102.946  2.81558 -81.1542  221.541  -782.35  7.16582
 19.3202  68.6483  101.051   7.4148 -94.4702  216.272 -811.467  63.3683
 13.9018  71.4672  111.616  9.57681 -103.043  206.723 -801.493  10.2101
  8.0267  6.69273  74.1136  42.2972 -18.7989   247.66 -854.959  78.9675
 -31.716 -103.343  103.343  49.6714  72.6352  72.6352 -564.006  15.2903
-0.317279  -20.5217   20.5217   29.6038   29.6038   29.6038  -290.019  -14.1929
 -15.2173 -0.753087   15.2173  -56.0281  -21.1097   189.876
