-11.5572 -11.5572  11.5572 -30.7875 -4.55278  203.595 -485.947  96.1243
-18.9047 -18.9047  18.9047 -82.1171 -39.0629  380.182 -601.285 -33.9928
-22.4529 -10.5843  69.8245 -48.0063 -9.58066  223.651 -681.826   36.843
     -10      -10       10 -52.9772 -17.9684  313.629 -584.136 -19.6028
     -10      -10       10 -46.8322 -9.89349  305.212 -580.939  26.2613
     -10   -6.489       10 -43.8808 -15.0683  305.184 -579.692  2.08392
      -10 -0.662908        10  -40.4011  -19.8136   306.662  -588.649   12.2017
     -10  2.34832       10 -36.5452 -24.2973  305.173 -591.536  22.2667
     -10  7.40206       10 -33.4431 -31.2022  306.957 -599.054 -1.96407
     -10  5.07394       10 -25.6981 -31.8745  284.005 -570.909  34.7337
     -10 0.358553       10 -15.9953 -25.5013  252.256 -534.898 -68.6248
     -10   2.7629       10 -20.7197 -29.5717  285.036 -570.892  40.1595
     -10  3.88211       10 -23.0727 -28.9706  308.141 -595.578 -10.6682
-9.27491 -2.09165       10 -21.7187  -19.225  307.512 -588.679  37.5405
-7.81014 -7.27774       10 -22.6283 -15.2462  309.356 -578.327 -10.3686
-7.29369      -10       10 -20.6282  -7.2331  309.677 -577.191  33.6376
     -10      -10       10 -18.1536 -14.9809  304.402 -546.651 -27.3198
      -10       -10        10  -13.4552 -0.286367   311.573  -573.831    35.044
     -10 -3.55445       10 -26.4785 -46.4864  346.343 -553.225 -62.6671
 -10.087   10.087   10.087 -20.1851 -21.6589  344.715 -571.271  6.37099
-6.07506      -10       10 -54.6033 -39.3366  137.447
