 6.25669  46.5501  46.5501  3.83991 -54.1128  217.306 -671.191  115.488
-1.41077  62.7817  62.7817 -5.55856 -128.681   253.44 -676.516  42.7096
  5.8298  5.31962  59.1152  3.23528 -22.0756  256.327 -741.525  53.1226
 9.31163  26.6606  26.6606  5.56632  -57.183   292.26 -680.633  23.3833
 11.2357  11.2357  11.2357  10.3393 -31.9265  310.311 -667.542  40.0895
      10       10       10   13.121 -33.5901  309.321 -651.641  27.6777
      10       10       10  15.8033  -32.101   311.47 -653.923  23.4538
      10       10       10  18.3058 -33.0139   308.12 -647.101  35.5057
      10       10       10  20.8811 -34.2084  309.505 -648.175   3.5108
      10       10       10  22.2859 -34.8619   293.28 -618.413  39.4981
      10      -10       10  22.6481 -11.9953  261.612 -562.098 -73.4019
      10      -10       10  25.4093 -13.9525  291.866 -603.041  41.7522
 10.5023 -10.5023  10.5023  26.8322 -13.6212  310.186 -623.012 -19.2691
 20.8264 -20.8264  20.8264  15.3273 0.410186  293.015  -615.31  39.6249
 16.1181 -31.0112  31.0112  18.1742  7.81014  293.245 -621.431 -34.8612
 11.8156 -41.4138  41.4138  20.2244  24.6364  271.396 -602.214  32.5634
  8.9546 -44.8968  44.8968  21.0811  17.8416  285.987 -595.641 -77.3796
 6.65526 -40.8175  40.8175   21.008  30.0086  262.737 -527.818  23.1999
 8.17626 -27.2669  27.2669  22.5483 -32.2771  360.023 -557.072 -146.335
      10       10       10  34.5157 -25.7269  402.967 -602.324 -4.65183
 43.1795  43.1795  43.1795 -121.797 -83.5177  156.284
