-173.614 -173.614  173.614  151.678  154.122  403.865 -1315.27  148.977
-148.057 -148.057  148.057  150.691  92.8607  311.967 -1182.98  62.3414
 -66.459  -66.459   66.459  88.4501  51.6657  261.072 -830.307  106.617
     -10      -10       10  33.7193 -12.9118  308.924 -659.568  11.7081
      10      -10       10  14.3242 -7.78087  308.916 -636.394  36.6809
      10      -10       10  14.8268 -12.6669   307.91   -615.4  8.34944
 14.5389  14.5389  14.5389  11.4489 -38.5858  304.475 -615.244  9.73951
 13.2665  13.2665  13.2665  15.2458 -39.2831  306.853  -606.21   18.499
 10.3312  10.3312  10.3312  20.2869  -37.759  308.789 -587.487 -15.6691
 10.6015  10.6015  10.6015   18.272 -36.8578  289.323 -532.388  20.1161
 27.0106 -22.2756  27.0106 -1.26777 0.950111  259.216 -512.801 -102.833
 12.4268  12.4268  12.4268    25.38  -39.876  284.832 -550.442  33.9153
 19.4109  19.4109  19.4109  28.0067 -50.1125  296.702  -629.53 -15.1396
 31.8646  31.8646  31.8646  21.6219 -60.6186  285.621 -683.534   57.849
 48.9555  48.9555  48.9555  5.83623 -80.4114  270.727 -721.155  1.16456
 60.6837  60.6837  60.6837 -1.14869 -85.7913   253.13 -761.084  71.7734
 69.4597  69.4597  69.4597 -11.3605 -100.577  248.096 -760.589 -7.77004
 41.1446  41.1446  41.1446  38.6084 -53.8321  287.155 -813.092  82.8707
 5.93112 -90.0183  90.0183  18.2745  59.3837  59.3837 -473.394 -30.1211
      10 -3.57715       10  10.2208  10.2208  10.2208 -177.341 -16.9003
-48.7686 -18.4549  48.7686 -27.7899   -1.122  161.173
