-16.3032  18.7393  18.7393  16.0894 -28.3851  189.272  -524.73  133.188
-36.3259  36.3259  36.3259   10.322 -96.7903  276.434  -616.06  24.0525
-16.5851 -14.7037  45.4993  4.36941 -2.00822  279.609 -728.502  57.9274
-6.56182  21.1867  21.1867 -1.45582 -50.2877  304.267 -666.006  9.69975
0.438922  12.8744  12.8744 -2.32117 -33.3516  310.698 -654.542  40.5991
 3.03939  10.3489  10.3489 -2.09891 -33.5328  309.467 -635.372  19.9923
   4.07487         10         10 -0.0162893   -32.0626    310.161   -633.492    22.8116
 5.53078       10       10    1.932 -32.8407  309.186 -632.488  32.3159
      10       10       10  0.48234 -33.8801  308.932 -631.057 0.411665
      10 -1.67507       10  4.05187 -22.5786  284.444 -591.268  39.7777
 8.71844      -10       10  8.80992 -11.0982  255.518 -547.136 -76.7317
      10      -10       10  8.26399 -13.6218  286.119 -583.509  42.5878
 10.0186 -10.0186  10.0186  9.84368 -14.2163  311.237 -613.128 -19.2498
 14.9402 -14.9402  14.9402  6.26655 -5.58269   306.64 -613.813  40.2378
 17.1222 -23.1931  23.1931  3.01648 -0.38904  296.109 -602.989 -27.6903
 25.9113 -25.9113  25.9113 -4.55626  9.67784   289.13  -591.14  36.9144
 13.4064 -31.5381  31.5381  4.67896  5.54973  274.844 -552.243 -62.1153
 12.3392 -19.8202  19.8202  11.2385  9.67977  301.246 -556.281  38.9971
      10 -4.86014       10  17.0456  -50.861  419.236 -649.212 -149.394
 10.8668  25.4283  25.4283  14.8176 -39.3419  375.352 -623.222 -8.63176
 21.8228  22.7432  22.7432 -104.685 -64.4569  185.368
