  9.09807  -15.2317   15.2317 -0.685762   4.23012   26.4148  -308.683   117.386
-24.2411 -24.2411  24.2411 -57.8897 -27.3728  282.892   -431.7 -16.4094
-21.3538  -15.577  65.5771 -47.7757 -1.25836  224.001 -652.429  22.7171
     -10      -10       10  -53.625 -20.5607  317.867 -582.121 -14.2018
     -10      -10       10 -46.3058 -13.3075  307.212 -584.675  23.0925
     -10      -10       10 -42.8884 -15.7214  305.963 -582.196  5.15923
     -10 -5.41218       10 -39.0185 -19.0613  307.253 -593.939   13.169
      -10 -0.132281        10  -34.3346  -25.0896   305.782  -602.669   24.6355
     -10  3.86873       10 -30.1097 -29.0774  306.985 -615.766  -1.1355
     -10  -1.9401       10 -20.5739 -21.8258  284.527 -599.399  42.4758
-7.74576      -10       10 -13.3806 -9.31178  257.418 -572.291 -62.5617
-5.25915      -10       10 -20.8795 -12.4343  286.742 -596.929  49.7218
-2.58363 -10.5638  10.5638 -27.2186  -13.637  308.556  -612.69 -14.9223
-0.618929  -22.2161   22.2161  -31.1153   1.27666   295.724  -610.816   45.4267
  4.9623  -36.337   36.337 -39.2133  11.7645  279.105   -605.7  -28.315
 4.54518 -45.5475  45.5475 -41.3511  27.6941  271.499 -601.173  41.3285
0.157641 -40.8496  40.8496 -36.5871  11.1987  266.107 -547.478 -68.9345
-12.0135 -17.8494  17.8494 -25.6493  1.95192  312.672 -524.071  41.1063
-32.2419  40.7984  40.7984 -29.4113 -110.596  433.468 -715.624  -171.57
-49.4356  81.7148  81.7148 -24.3508 -102.605  452.883 -863.644  14.0766
 -5.9637      -10       10 -57.7345 -31.5467  142.413
