-86.8236 -86.8236  86.8236  42.3041  65.1287  436.158 -1062.56  108.707
-72.7043 -72.7043  72.7043  48.4922  10.7618  384.888 -1012.93  20.3037
-35.8108 -35.8108  35.8108  34.9023   13.567  286.211 -742.447   85.142
     -10      -10       10  8.18435 -17.1979  308.173 -633.892  1.08285
-5.58861      -10       10  5.29927 -9.93282  312.021 -625.342  33.1447
 0.952925        10        10 -0.771043  -33.1162   310.324  -606.784   7.00108
 4.49691       10       10 -1.60539 -33.1733  309.422 -602.344  12.6939
 3.99828  11.5988  11.5988 0.321937 -36.5654  306.163 -593.889  20.4482
 2.56762  12.3408  12.3408  3.28729 -38.3256  306.491 -588.286 -10.9819
  1.22432  -4.32436   37.9555 0.0111328  -21.2088   258.382  -569.931   22.9136
   0.4507  -8.07705   54.9693 -0.710118  -13.0748   222.334  -556.509  -95.2191
 3.98586 -1.06649  61.1728 0.157918 -25.7285  237.248 -618.591  32.0894
 8.11789  12.3554   66.237  1.83545 -41.6644  254.875 -686.067 -14.7939
 12.1397  28.8723  73.2331  2.89962  -56.717  248.276 -720.884  48.7297
 15.1682  49.8382  82.9153 0.918151 -80.1144  238.082 -737.493 0.419064
 18.5732  63.8407  81.3874  4.59052 -88.1166  236.092 -757.505  60.5531
 13.7084  60.7114  86.4033  8.02709 -90.3627  235.753 -752.336 -4.31179
 9.49717 -6.06063  56.8365   34.164 -4.81637  271.965 -798.105  77.4432
-38.2051 -105.651  105.651  49.1608  76.1259  76.1259 -541.585 -13.2993
-17.4143 -36.9193  36.9193  38.8838  38.8838  38.8838 -306.322  2.14246
     -10  2.30984       10 -60.1301 -39.4847  194.482
