-60.0108 -60.0108  60.0108  21.1509  38.0178  421.069 -971.964  122.041
-52.1999 -52.1999  52.1999  26.7857 -9.95151  389.261 -921.923   26.747
-31.4755 -33.6649  33.6649  27.9392  12.6915  288.342 -723.273  75.2272
     -10      -10       10   7.0146 -16.2821  308.672 -628.878  5.39921
 5.51133      -10       10 -5.49821 -8.79873  311.729 -626.913  32.3688
      10       10       10 -8.36492 -31.7619  310.634 -613.018  11.5866
  11.128   11.128   11.128 -6.23301 -33.1418  308.773 -612.042  14.1518
 11.5147  11.5147  11.5147 -3.86752 -34.9106  307.621 -606.747  24.1662
 9.88031  10.7378  10.7378 0.605889 -35.7497  307.856 -599.881 -7.94126
 8.26365  4.14042  13.4162  3.41971 -29.8244  283.189 -558.302  28.9749
 7.54667 -4.34255  24.0423  4.34325 -17.8587  247.685 -528.931 -89.0817
 10.4036 -2.53758  24.7234  6.39795 -24.1905  271.974 -579.337  35.8365
  13.391  4.20995  25.6664  9.24587 -32.1828  294.814 -631.229 -13.8947
 16.6842  10.9564  29.6399  10.7601 -36.6792  290.632 -650.177  45.3084
 18.8128  21.8352  36.2014  10.0914 -49.7601  283.591 -655.174 -4.63525
 21.4546  30.9031  33.6431  13.8119 -52.7845  283.551 -664.528  51.0139
 19.6749  35.4481  38.1655  14.0931  -63.016  282.134 -649.588 -17.2248
 15.4062  14.6059  15.4062  34.8235 -25.1719  312.259 -678.695  56.6491
-0.678441   -52.013    52.013    21.997   18.3386   181.424   -475.74  -54.8474
-14.4473 -46.2736  46.2736  27.4919  45.2237  45.2237 -269.446 -19.2552
     -10  7.12809       10 -63.3749 -47.3723    198.2
