      10      -10       10  2.28541  0.40985  20.7373 -322.091  129.881
-11.4062 -11.4062  11.4062 -71.5723 -38.5437  339.832 -482.942 -16.8825
-16.8006   -13.24   68.177 -46.9718 -4.64142  223.422 -686.188  26.4138
     -10      -10       10 -45.0533 -19.0356  316.295 -602.115 -13.1773
     -10      -10       10 -37.6248 -11.9282  304.836 -597.346  25.7449
     -10 -4.35133       10 -34.0368 -19.8498  305.048 -595.939   6.4313
     -10  3.79764       10  -30.114 -26.8654  307.812   -607.1  14.1856
     -10  4.22619       10 -25.1431 -27.9509  306.863 -614.747  25.5084
       -10         10         10   -20.8747    -34.877    308.519   -625.133 -0.0282847
-8.24835 -6.29528       10 -14.1034  -19.499  286.931  -603.89  41.3952
-3.49535      -10       10 -12.3621 -12.8934  266.584 -576.289 -65.1682
-4.46286      -10       10 -12.8004 -14.8085  288.879 -597.942  48.2622
-1.79077      -10       10 -17.5389 -14.2621  309.926 -610.819 -15.4918
  1.1862 -13.3049  13.3049 -19.7635 -6.99007  305.286 -599.917  44.5236
 2.33791 -18.6924  18.6924 -21.8347 -4.25426  300.724 -587.384 -26.7336
  3.4275 -23.2116  23.2116 -22.9823  6.83382  296.353 -578.512  39.5117
-2.36281 -19.0069  19.0069 -17.5818 -7.99203   291.51 -524.755 -65.0817
-4.45597  -10.666   10.666 -14.9295  -2.7179  310.364 -510.378   39.391
     -10       10       10 -21.1841 -72.3888  439.601 -647.776 -156.909
-24.0316  47.3537  47.3537 -14.2616 -64.8846  465.033 -791.551  14.3691
-6.20219      -10       10 -50.2385 -33.4522  138.621
