 -22.938  -22.938   22.938  25.2024  6.68241  355.467 -770.617  131.162
-16.8824 -16.8824  16.8824  19.8974 -48.3833  364.875 -738.877  23.3566
-10.5929 -29.8439  29.8439   23.682  10.1994  297.187 -706.953  65.4406
 1.12185       10       10   14.361 -37.6258  310.139 -639.534  5.21172
      10       10       10  9.43775  -28.711  310.771 -641.987  36.6245
      10       10       10  11.7906 -31.1465  308.806 -632.276  15.1448
      10       10       10  15.2776 -30.4802  309.399 -634.225  19.8092
      10       10       10  18.3996 -31.9136  308.892 -633.219  28.0244
       10        10        10   21.4091  -33.9659   308.507  -632.335 -0.677071
      10  8.90132       10  22.4231  -35.289  286.206 -591.746  34.8237
      10 -3.27038       10  23.6371 -20.9885  260.814 -549.989 -77.0521
      10 -2.68469       10  27.6309  -23.972  285.321 -586.974  39.0141
      10  1.14305       10  32.1535  -26.662  307.827  -622.06 -14.6553
       10 -0.339379        10   35.0761  -21.6699   306.884  -619.675   39.8138
        10 -0.0809583         10    36.1129   -23.7851    307.349   -607.123    -16.828
      10 -3.38313       10   39.039 -14.5361  304.296 -602.218  37.3557
      10 -6.27738       10  37.1327  -18.981  302.776 -568.529 -41.1509
        10        -10         10    43.7051 -0.0702906    306.143   -591.031    36.5652
 9.55286      -10       10  34.2666 -33.4881  325.266 -517.764 -102.407
   4.7092       -10        10   25.0811 -0.452668   197.669  -328.861  -18.2879
 11.9508  11.9508  11.9508 -81.2576 -58.0447  203.597
