 -90.714 -91.2512  91.2512  87.3674  70.4129  402.689 -1042.68  136.045
-84.003 -84.003  84.003 91.4435 19.0598 358.962 -982.31 27.0495
-31.3915 -31.3915  31.3915  56.3949  9.80813  302.449 -747.695  82.2491
     -10      -10       10  33.6648 -17.2861  306.937 -638.017  4.44065
      10      -10       10  16.4158  -9.1514  308.312 -632.938  34.3274
     10  4.5307      10 17.7153 -26.572 308.148 -620.95 9.03652
      10       10       10  21.0381 -32.0161  308.972 -622.013   14.513
      10       10       10  23.8219 -33.6931  308.182 -617.967    22.28
      10       10       10  26.3404 -35.1161  307.079 -612.337 -6.64143
      10       10       10  26.0302 -35.9618  285.421 -567.035  28.3706
      10  2.58756       10  26.4684 -25.4241  263.984 -528.063 -85.0494
      10       10       10  32.7616 -37.0137   283.94 -571.676  35.7955
 10.3799  10.3799  10.3799  39.9096 -38.5135  305.472  -622.02 -12.8076
 16.2559  16.2559  16.2559  37.9914 -42.2077   299.18 -642.894  44.9653
 24.3526  24.3526  24.3526  30.9639 -52.2649  292.892 -653.337 -5.59055
 27.4104  27.4104  27.4104  32.5512 -49.2682  288.497 -670.238  47.8407
 29.1449  29.1449  29.1449  29.6744 -57.1548  286.804 -648.614 -19.3986
  10.709   10.709   10.709   61.297 -22.3877  302.111  -663.07  50.6237
 6.12436 -32.8505  32.8505  35.1113  -2.5755  207.361 -461.283 -56.7246
-9.59847 -41.2096  41.2096  25.1746  37.8899  37.8899 -234.507 -26.2052
-14.7366  14.7366  14.7366  -52.504 -56.0558  205.252
