 6.80206  3.68801       10       10      -10       10 -242.794  135.496
     -10       10       10 -36.2149 -69.1205   180.28 -182.086 -28.4562
 -20.839 -3.97111  53.1659 -42.4685 -16.0455  251.735 -584.779  9.59141
     -10      -10       10 -39.9699 -28.2307  317.827 -563.529  -17.907
     -10      -10       10 -33.3632 -17.1529  310.003 -575.088  21.2923
     -10      -10       10 -27.3209 -19.6206  306.889  -583.78  6.22003
      -10 -0.573071        10  -22.6029  -26.7956    310.55  -606.355   13.7843
-6.83361       10       10  -18.844 -36.7322  306.726 -622.887  31.3825
  -5.621       10       10 -13.9324 -34.9942  306.913 -643.225  3.98658
-0.375906       -10        10   -9.3399  -8.57872   288.429  -642.922   57.3991
      10      -10       10 -15.1718 -3.20398  278.269 -631.408  -50.941
      10      -10       10 -15.4142 -8.30445  291.242  -637.54  72.2235
      10      -10       10 -20.0093 -17.6872  311.244  -629.17 -30.5344
 33.1357 -33.1357  33.1357 -49.3344  9.95615  286.165 -629.312  71.5615
 67.0092 -67.0092  67.0092 -90.9893  36.0645  252.222 -640.106 -79.3385
 66.8637  -102.59   102.59 -103.344  85.4357  214.274 -636.907  77.3072
 48.2894   -116.1    116.1 -86.0934  83.5413  185.092 -599.178  -177.75
  7.8508 -107.582  107.582 -60.2866  100.164  202.429 -509.525   96.487
-42.9927  91.7787  110.929 -12.2596 -166.985  411.036 -828.195  -382.04
-91.3309  198.234  198.234  10.9505 -216.359  463.069 -1143.36  66.5224
      10       10       10   -87.04 -48.7875  174.501
