     -10 -6.04307       10   17.218 -5.79993  268.871 -608.898  135.611
     -10       10       10  7.25448 -72.7725  332.582 -644.377  26.8915
-6.73576 -23.0593  35.8081  13.8725   5.9219  290.094 -714.767  61.2705
  1.8259  17.1508  17.1508   8.1996 -45.3014  304.314 -656.401  9.11893
 8.80386  13.0791  13.0791  6.05522 -32.1395  308.301 -653.565  39.0366
  10.688   10.688   10.688   6.7738 -32.3585  308.509 -639.032  18.3993
      10       10       10  10.7454 -30.7669  310.058 -639.197  21.6343
      10       10       10  13.6541  -32.048  309.401 -637.186  29.8803
      10       10       10  16.4943 -33.9143  309.079 -635.853 0.259684
     10 6.83843      10 18.0366 -32.924  286.92 -596.39 36.3806
      10      -10       10  19.5049 -13.7758  263.083 -555.458 -75.9788
      10      -10       10  22.5811 -15.8907  286.553 -588.663  40.2981
      10      -10       10  25.9172 -14.8582  308.574 -618.748 -17.1598
      10      -10       10  28.2394 -10.8341  307.415  -613.07  39.8518
      10      -10       10  28.9354 -12.9587   307.42  -598.19 -22.6477
      10      -10       10  31.1972 -6.20979  305.393 -590.711  37.5847
 12.9822 -12.9822  12.9822  25.2875 -11.8496  297.963  -555.08 -52.6432
      10      -10       10  33.5818 0.439883  308.146 -567.644  39.2016
      10      -10       10  31.9918 -39.7516  376.435  -589.62 -127.186
 9.39439       10       10  26.8821 -23.0506  304.742 -476.516  -9.9215
 17.2166  17.2166  17.2166 -90.2316  -61.474  195.695
