     -10      -10       10 -70.4513 -13.7293  354.842 -649.111  84.2979
     -10      -10       10 -96.0083 -51.0182  456.081 -719.728  -50.053
-6.50411 -9.33657    69.49 -57.3711 -12.8185  215.872 -686.926  45.9211
     -10      -10       10 -49.3633  -19.017  319.775 -596.097 -22.9737
     -10      -10       10  -41.756 -10.8156  304.627 -578.841  27.9211
     -10 -3.91738       10 -38.5455 -18.3036  303.859 -574.147 -1.16907
     -10 0.330383       10 -35.0012  -21.465  306.202 -581.918  13.5425
     -10  1.92987       10 -31.4679 -24.2198  306.386 -583.991  18.3481
-10.2817  5.10794  10.2817 -28.0302 -28.9875  307.279 -587.576 -4.36907
-13.9707  4.36999  13.9707  -18.717 -30.5717  281.889 -561.146  30.1877
-14.4096  1.46384   25.515 -11.7712 -25.7146  238.537 -541.554 -76.1197
-15.0026    7.668  29.7556  -14.214 -35.3295  265.549 -588.597  37.0239
-13.4922  13.7784  32.1098 -15.3819 -41.3076  286.479 -630.349 -9.78869
-11.3981  17.6735  35.9219 -14.4209 -42.6936  283.396 -640.448  41.0805
-11.7421  24.2973  39.4726 -12.7856 -51.2474   281.11 -640.521 -3.45888
-10.0202  27.0236  35.0957 -8.92627 -48.4249  284.211 -639.958  41.1844
-14.0037  17.1625  36.6758 -5.20687 -44.3113  279.313 -615.931 -12.0369
-17.4305 -17.8945  17.8945  11.3607   8.2743  310.215 -647.257  47.2159
-43.9752 -73.7323  73.7323  20.6995    37.89  190.664 -545.373 -27.2408
-44.7705 -89.3502  89.3502  35.6947  88.4819  88.4819 -488.135  19.3355
     -10      -10       10 -45.4138 -38.5926  130.025
