 13.8576 -16.8731  16.8731 -8.63346  8.02221  27.6878 -346.887  116.019
-29.5551 -29.5551  29.5551 -71.3979 -20.8826  327.754 -530.383   -20.24
-18.2556 -7.71302   72.955 -53.2698 -10.1835  209.735 -697.413   31.122
     -10      -10       10   -57.29 -19.7863  318.289 -601.548  -13.065
     -10      -10       10 -49.1187 -12.4954  303.825 -590.273  27.3585
     -10      -10       10 -46.4739 -14.5073  304.332 -583.009     3.48
     -10 -1.65389       10 -42.8292 -21.7698  305.891 -590.262  14.3526
     -10  3.36716       10 -38.4032 -27.5422  305.183 -595.944   21.399
      -10   7.16193        10  -34.1629  -32.0067   306.225   -605.63 -0.309766
     -10 0.309581       10 -25.1568 -25.9677  284.018 -582.329   35.248
     -10      -10       10 -14.2703 -12.3703  252.429 -548.793 -64.0729
     -10      -10       10 -19.7082 -14.3641  284.841 -577.701  40.4794
     -10      -10       10 -22.2968 -13.6972  307.933 -599.044 -10.6236
-9.64889 -13.3806  13.3806  -21.795 -7.07766  304.582 -592.943  36.7872
-8.20785   -21.54    21.54 -23.4599  -1.1218   295.52 -589.124 -14.7827
-7.12271 -21.2874  21.2874 -23.3113  3.72896  297.506 -580.656  32.1171
 -7.7317 -13.9113  13.9113  -21.041 -13.8427   296.68 -533.172 -38.4791
     -10      -10       10 -17.9385 -5.42455  312.708 -538.019  30.5511
-21.0614  21.0614  21.0614  -24.663 -85.8026  419.838 -683.716 -97.1376
 -32.701  62.4427  62.4427 -26.9809 -81.2431  463.139 -858.834 -6.98424
     -10      -10       10 -45.1932 -34.1889   123.71
