     -10  1.86039       10  14.4266 -14.0639  256.449 -574.639  119.443
     -10       10       10  1.75713 -73.5765   335.14 -627.303   17.663
0.499595 -29.0672  30.5862  3.00376  11.4009  295.921 -695.799  55.4918
 5.29051  13.6565  13.6565 0.302837 -42.1488  308.246 -639.724  5.53077
 9.03187       10       10  1.36387 -29.2221  311.457  -640.53  36.6183
 9.98636       10       10  2.07278 -31.8735  309.186 -629.204   15.892
      10       10       10  4.92388 -30.7372  310.169 -631.868  20.1932
      10       10       10  7.40055 -31.9515  309.577 -630.155  28.1176
       10        10        10   9.99301  -33.5574   309.242  -630.134 -0.142464
       10 -0.879452        10   11.9298  -24.8435   286.449  -591.534   35.3748
      10      -10       10  14.2292 -13.4604  257.704 -548.983 -74.3021
      10      -10       10   15.621 -15.4964   286.09 -584.351  38.7078
      10      -10       10  17.9953 -14.5316  308.983 -615.274 -15.7957
      10      -10       10  19.9051 -10.7636  308.356 -610.225  38.1753
      10      -10       10  20.5005 -12.8226  308.451 -597.597 -19.0394
      10      -10       10  22.6675 -6.33257  306.492 -592.113  36.1183
 2.24259 -10.0695  10.0695  28.1318 -14.8698  301.876 -555.964 -44.1079
       10       -10        10   25.0019 0.0162619   309.518  -576.041   37.9235
 8.60387      -10       10   22.642 -41.4141  381.807 -608.072 -111.103
 9.93222       10       10  19.0325    -24.1  326.379 -521.167  -8.2049
 10.3591  10.3591  10.3591  -82.055 -56.2542   203.81
