-17.8145 -17.8145  17.8145 -3.96511 0.361155  342.519 -701.585  103.059
-14.4591 -14.4591  14.4591 -12.7845 -50.9896  389.741 -732.872   1.3342
-9.03012 -29.0275  34.8544 -2.78931  7.50122  290.122 -691.137    57.66
 -4.09173 -0.893934        10  -4.79409  -27.9249   311.329  -616.848  -1.81429
-0.178607   8.86846        10  -5.23054  -28.4559   311.731  -620.845   31.9153
 1.35076       10       10 -4.90252 -31.6268  309.646 -610.976    10.79
 2.16279       10       10 -2.84113 -30.6146  309.929 -612.722  16.3867
  2.33971        10        10 -0.587831  -31.8528   309.164  -610.692    25.085
  2.8101   5.0774       10  1.31095 -28.6553   309.09 -609.578 -3.77846
  3.02548 0.0690001        10   3.57632   -25.677   285.377  -568.731   32.4586
 5.24497      -10       10  5.32008 -13.2632  255.544 -528.064 -78.7898
 7.59872 -1.07449       10  3.52319  -25.235  285.995 -569.404  37.4529
      10  4.42523       10  3.34642 -30.3378  310.677 -608.116 -13.6058
      10  4.83799       10  6.41736 -27.6063  310.152 -610.198  40.0935
  12.339  7.88071   12.339  4.67618 -32.6238  307.959  -604.69 -10.2783
  10.622   8.2784   10.622   10.349 -27.1068  308.543 -606.797  40.7579
 11.1674  7.28257  11.1674  8.50094 -33.0727  306.545  -583.16   -25.88
  9.8879 -3.71246       10  17.4873 -6.35663  311.236 -613.963  45.8428
-2.21291 -19.6965  19.6965  16.1875 -23.2558  290.466 -527.386  -67.672
-4.45399  -25.812   25.812  17.8716  16.4807  204.629 -421.426 -6.40559
-7.28868       10       10 -68.3022 -58.7277   200.68
