-30.6256 -30.6256  30.6256 -57.6523  4.97505  418.071 -835.418  79.9122
-27.7792 -27.7792  27.7792 -59.7238 -29.8964  458.721 -906.614 -8.93983
-10.2076  -26.673  60.2939 -30.3155  9.31873   226.84 -780.285  66.0894
     -10      -10       10 -31.9048 -17.9533  319.313 -646.899 0.622275
     -10      -10       10 -25.9737 -10.9854  306.504  -619.07  29.9877
     -10       10       10  -24.463 -33.7267  307.316 -600.911  9.63933
     -10       10       10 -20.9673 -33.5346  307.435 -596.744  12.2661
     -10       10       10 -18.2342 -34.8326  306.544  -585.72  22.6596
     -10       10       10 -16.1978 -35.8524  309.809 -580.217 -10.5435
-13.8122 -7.16302   37.369 -14.1666 -18.7987  259.104 -570.311  25.4722
-13.0353 -7.52489  57.8626 -15.0525 -14.4178  220.453 -565.528 -93.0843
 -11.297  3.30616  67.4865 -14.6858 -30.8503  231.113 -629.859  34.1357
-9.97879  15.7975  74.9543 -12.6208   -45.23  245.495 -695.335 -16.7806
-6.65638  27.4334  83.4693 -11.1046 -55.2009  236.008 -725.714  47.6672
 -5.5703  41.4065  92.8196 -10.6162 -71.5852  227.778 -741.243  -4.1863
-5.37886  46.6967  91.5683 -3.57201 -70.6252  228.373 -759.452  57.4067
-14.5502  29.6342  96.4506  5.09086 -58.4305  225.696  -749.72 -10.7832
-24.7357 -46.6094  67.7772  35.8984  38.4102  253.041  -772.39  78.7153
-65.8475 -107.643  107.643  60.7567  80.3269  80.3269 -546.188  -13.753
-40.0594 -52.3065  52.3065  57.6393  57.6393  57.6393 -408.065  39.4367
     -10      -10       10 -45.1914 -25.9421  139.473
