     -10      -10       10 -62.9362 -13.5005  358.791 -630.477  62.9542
     -10      -10       10 -75.3749 -50.3547  415.615 -659.663 -22.7733
-9.83599 -15.3407  66.5008 -48.7971 -6.06116  230.749 -693.768  27.9283
     -10      -10       10 -43.2177 -19.8436  330.223 -611.831 -17.0569
      10      -10       10 -53.9147 -11.3018  303.818 -582.529   22.886
      10 -6.71359       10 -52.4252 -15.6865  310.977 -588.175  1.37848
 4.86782 -1.25322       10 -42.8623 -20.1046    307.3 -589.068  11.9631
      10 0.428264       10  -44.574  -22.611  306.833 -591.082  18.7055
      10  3.35305       10 -41.6536 -26.8858   306.67 -590.526 -2.86597
0.491696  3.78729       10  -27.134 -28.6558  284.518 -551.864  26.2119
0.581854  2.78396       10 -15.2134 -25.0113  221.913 -472.846 -71.2978
-3.97885  10.0782  10.0782   -16.89 -36.5492  284.046 -554.211   33.711
-3.17205  11.1115  11.1115   -16.86 -38.1587  308.835 -601.199 -7.66695
 -1.9192  16.6768  16.6768 -15.2835  -41.686  301.074 -612.375  40.7803
-2.05185  21.6605  21.6605 -14.6809 -48.6924  300.828 -620.053 -3.18965
-1.23182   18.985   18.985 -10.1964  -40.712  301.451 -623.207  42.7636
-5.37755  16.5159  16.5159   -5.124 -44.4858  301.129 -597.972 -9.62408
      -10       -10        10   10.6537 -0.425293   316.699  -647.772   52.2679
-37.2716 -55.1215  55.1215  23.1336  17.4355  231.094 -580.092 -27.8193
-39.9432 -67.0266  67.0266  40.4196  66.6668  155.049 -568.325  11.3446
     -10      -10       10 -47.0261 -37.7659  144.759
