 9.83046  1.74378       10  4.75222 -12.3711  34.1706 -259.194  117.181
     -10 -3.63812       10 -47.4303 -53.5888  274.419 -400.971 -9.98958
  -15.709  -17.2046    44.755  -35.5169 -0.320859       270  -642.082   28.0922
     -10      -10       10 -33.8051 -20.8506  315.128 -588.214  -7.6413
     -10 -6.79205       10 -28.1632 -15.3667  309.669 -596.064  26.3728
 -9.8723 -4.09236       10 -24.7808 -20.8759  307.725   -594.3  9.27246
-9.31923  1.36762       10  -21.736 -24.9308  309.848 -606.331  15.2261
-8.40537  3.46007       10 -17.9432 -27.2084  308.481 -615.851  29.4743
-7.60111   6.2358       10 -13.9943 -29.7747  308.376  -629.08  1.39396
-3.89789 -3.35579       10 -9.00232 -17.6603  284.719 -610.836  47.1213
 2.31942      -10       10 -7.30651 -6.33586  256.778 -580.631 -62.6219
 6.52114      -10       10 -15.7097 -10.4177   285.75 -604.594  55.0043
      10      -10       10 -23.4568 -14.3389  310.991 -617.872 -16.5075
 25.7706 -25.7706  25.7706 -42.9016  4.97029  294.607  -618.43  48.3728
 33.0261 -47.3573  47.3573 -55.4906  22.1951  272.814 -620.157 -39.5228
 32.0475 -64.9958  64.9958 -59.1686  48.6062  252.628 -616.378  41.6987
 20.9761 -69.7075  69.7075 -50.4569  40.8112  235.554 -567.996 -95.4762
 0.48909 -48.9784  48.9784  -32.247  36.5707  270.821  -525.93  44.4072
 -32.008  51.2859  51.2859 -11.0641 -120.886  429.313 -735.239 -231.464
-58.4043  121.507  121.507 -2.93287 -142.538  432.294 -927.731  12.4379
-3.23923       10       10 -82.2697 -50.5182  188.824
