      10      -10       10  6.61971 -1.19629       10 -243.026  120.702
-10.4325 -10.4325  10.4325 -58.8542 -44.5757  268.428 -349.796 -17.2409
-19.8882  -24.031  58.6591 -45.0563    6.175  236.353 -628.372  21.7274
     -10      -10       10 -49.3529 -22.9788  319.148 -577.388   -15.49
-7.78041      -10       10 -45.0445 -14.2076  309.765 -581.962  23.0097
-8.39111      -10       10 -40.2034 -16.7874  305.444 -577.976  4.11331
-9.22474 -7.47514       10 -35.8102 -17.6963  308.141  -593.15  12.8728
-9.31669 -1.89253       10 -30.3086 -23.4342  306.241 -607.286  25.3487
     -10  2.42653       10 -24.6544 -26.9807  306.708 -624.826  1.82823
-4.89272 -5.97315       10 -19.7803 -15.5074  284.879 -615.405  46.1714
 3.08874      -10       10 -18.5088 -6.38353  258.341 -591.494 -55.7022
 6.96632      -10       10 -27.5433 -10.4116  286.576 -611.853  54.8981
      10      -10       10 -35.7438 -14.3497  310.603 -620.223 -15.6466
 26.6757 -26.6757  26.6757 -56.3222   5.4865  292.119 -619.083  48.0662
 37.1559 -49.1274  49.1274 -72.1167  23.6338  268.217 -620.369 -38.5328
 38.0431 -66.8704  66.8704 -78.1385   49.288  247.626 -613.719  42.3305
 25.5645 -69.7781  69.7781 -67.2315  39.3709  233.476 -563.469 -92.8612
-0.670839  -48.7311   48.7311  -44.9622   33.4271   273.925   -523.61   44.3856
-48.1765  63.7245  63.7245 -19.1571 -137.639  431.742 -760.524 -226.561
-81.0981  132.841  132.841 -8.17228 -156.664  446.092 -975.686  15.3484
     -10      -10       10 -62.0472 -31.0582  157.539
