-15.1805   32.523   32.523  21.6491 -39.5205  89.3684 -410.918  135.066
-52.2136  52.2136  52.2136  23.2497 -110.063  214.906 -539.913  16.0871
 -21.635 -6.51867  50.4591  5.55401 -9.03497  270.916 -720.145  51.3816
-11.5206  19.0333  19.0333  2.39687 -50.2396  307.827 -664.853  10.9165
-5.20175  10.4085  10.4085  2.20566  -32.937  313.961 -653.954  41.5575
-2.48519       10       10  2.09853 -35.3391  310.193  -639.15  22.1507
0.227825       10       10  2.41977  -34.056  310.821 -639.703  24.2498
 1.36496       10       10  4.22979 -34.3681  309.683 -636.696  33.3081
 2.55421       10       10  6.14151 -34.3871  308.573 -635.282  2.08911
 5.18405 -1.30959       10   7.5282 -21.2959  286.226 -601.818  42.3852
      10      -10       10  5.56739 -8.27151  262.931 -562.992 -72.9888
 9.35541      -10       10  6.91001 -11.5726  287.039 -591.042  47.4528
  10.533  -10.533   10.533  6.05693 -14.0311  310.418 -615.121 -22.7173
 22.4841 -25.5921  25.5921 -7.72096  4.45489  294.304 -620.498  45.1038
 30.6539 -39.3864  39.3864 -18.5548  13.6648  279.648  -615.68 -41.1806
 31.2865  -53.913   53.913 -22.0813  36.2432  261.335 -609.374  42.6082
 24.6881 -62.5114  62.5114 -18.4567  32.8333  243.931  -577.13 -89.5491
 15.3033 -53.8989  53.8989 -8.13883  41.2501  271.204 -570.777  50.5877
 5.77665  15.6526   44.578  9.62662 -79.8114  432.655 -754.287 -201.275
-4.79236  76.9617  76.9617  16.1689 -92.0166  413.381 -803.736  14.7196
 27.8594  27.8594  27.8594 -112.259 -66.0332  177.889
