-13.6442 -13.6442  13.6442  14.2752 -1.28886  325.908 -688.779  121.953
-11.0949 -11.0949  11.0949  7.59938 -53.4989  365.287 -702.364  17.1046
-7.46774 -29.9672  29.9672  14.6632  10.5276  297.004  -699.61  60.8767
 3.59479       10       10  6.12769 -38.1535  311.122 -634.987  3.72731
      10       10       10  3.62498 -29.1148   311.15 -638.344  35.7282
      10       10       10  5.61777 -31.4823  309.264 -628.231  14.5411
      10       10       10  8.85967  -30.611  309.793 -630.623  19.3746
      10       10       10  11.6519 -31.9364  309.107 -629.183  27.7727
      10       10       10  14.4006 -33.8077  308.637 -628.428 -1.04911
 9.47257  4.68395       10  16.3353 -30.6571  285.868 -588.121   34.729
      10 -5.37748       10  17.6324 -18.2767  258.808 -546.458 -76.6591
      10  -4.0456       10  20.3916 -22.0865  285.661 -583.903  38.6103
        10 -0.0896392         10    23.8983   -25.1807    308.909   -618.541   -14.8349
      10 -2.22278       10  26.5387  -19.489  308.206 -616.197   39.082
      10 -2.26228       10  27.3949 -21.4559  308.534 -604.177 -16.2938
      10 -5.31394       10  30.1693   -12.32  306.216 -600.436  37.2795
      10 -7.28137       10  28.3015 -18.0392   303.58 -567.863  -39.332
      10 -8.72177       10  34.2863 -1.34549  307.389 -589.745  38.7119
 8.20098      -10       10  27.9536  -36.062  334.876 -543.106 -97.2085
 6.04434 -4.97236       10  24.0468 -6.09575  245.929 -411.702 -12.9609
 10.3475  10.3475  10.3475 -80.2289 -57.0877   204.85
