-70.8859 -70.8859  70.8859 -20.5495  48.3623  415.134 -1022.51  91.5475
 -54.732  -54.732   54.732 -22.4204  2.74029  437.086 -1052.01  23.4648
-20.0446 -36.0901  53.9721 -7.52352  22.8085  240.586 -832.886   83.227
     -10      -10       10 -22.7111 -15.4403  315.865  -661.18   12.606
     -10      -10       10 -18.5558 -9.74091  305.002 -624.136  30.9325
     -10      -10       10 -18.1608 -13.1089  308.037 -600.207   11.149
     -10       10       10  -15.435 -34.3736  309.153 -593.371   9.7664
     -10       10       10 -12.6269 -35.8971  308.996 -583.379   22.012
-19.4848  19.4848  19.4848 -3.00854 -46.3888  300.097 -586.174 -14.5114
-46.9238  1.17872  46.9238  22.0739 -26.8969  250.039 -573.909  22.9791
-29.8054 -3.29248  76.7661  2.85186 -17.3323  198.291 -575.287 -102.067
-17.1174  3.12249  89.1289  -6.9955 -29.9821  207.631 -651.558  32.4726
-10.8513  16.0634  98.2519 -8.73035 -46.0171  221.363 -727.834 -17.3436
-3.37223  29.3541  107.873 -10.2833 -58.2174  211.129 -769.448   50.082
-2.88785  47.8108  118.905 -9.12463 -79.3988  203.838 -794.069 0.367383
0.315733  53.8189  117.113 -3.17548 -79.4004  204.887 -823.568  62.7979
-10.8045  37.5985  123.808  6.84542 -67.8587  201.496 -815.309 -1.19082
-22.6868  -52.266  86.4389  44.2105  43.1062  223.945 -827.176  89.0577
-66.0281 -98.7448  98.7448  72.0066  72.0066  72.0066 -546.515  6.72049
 -17.037 -34.0613  34.0613  44.4973  44.4973  44.4973 -369.695  32.8973
     -10      -10       10 -48.0341 -15.0104  151.747
