-13.1288  59.7248  59.7248  25.9748 -67.9859  102.126 -501.568  138.222
-20.2542  71.4914  71.4914  17.1234 -131.225  214.167 -620.845  26.6483
-3.87824  4.07978   56.945  19.9459 -19.1595  270.793 -754.157  59.6482
 2.31391  27.3188  27.3188  19.7986 -58.4882  292.285 -684.013  17.8495
 12.2002  12.2002  12.2002  16.3493 -34.2114  306.803 -668.001  46.1114
      10       10       10   19.995 -34.9277   307.81 -652.571  24.2418
      10       10       10  22.2443 -33.2493  310.551 -654.798  25.2108
      10       10       10  24.3577 -33.6929  309.936 -651.441  32.0461
      10       10       10   26.229 -34.3986  308.675 -646.137  1.43298
      10      -10       10   27.094  -14.751   287.15 -607.451  37.6911
      10      -10       10  26.4178 -11.3409  269.571 -568.955 -73.5354
      10      -10       10  29.8072 -13.6931  285.242  -594.33  42.1074
      10      -10       10  32.4907 -14.3879  305.362  -618.98  -21.551
  19.5651  -19.5651   19.5651   22.4641 -0.866035   295.937  -624.001   42.2486
 33.5113 -33.5113  33.5113   6.0424  9.28717  284.023 -626.514 -34.9821
 45.0913 -45.0913  45.0913 -7.33665  27.5881   272.76 -627.356  39.7421
 52.2138 -52.2138  52.2138 -18.7309  23.0568  257.416 -590.024 -77.5459
 29.0248 -45.8908  45.8908  5.80376  30.2646  270.695 -573.822   46.767
 17.4744 -17.4744  17.4744  36.6143 -46.4318  440.757 -703.143 -167.859
 12.3982  12.3982  12.3982  42.3823 -30.2408  430.996 -664.879  14.5223
 42.4304  42.4304  42.4304 -118.661 -83.6521  168.521
