-26.2828 -26.2828  26.2828 -51.2767  1.48802  422.865 -813.463  84.0839
-17.3339 -17.3339  17.3339 -56.4328  -45.569   449.33 -843.919  -21.457
-12.9753 -33.6007  53.4739 -26.7272  12.7696  247.486 -726.106  63.2748
     -10      -10       10 -28.7232 -19.4731  314.498 -615.041 -10.0223
-9.60915 -8.94994       10 -24.3935 -11.9787  307.545 -601.995  28.0761
-8.37488  3.97681       10 -23.8181 -27.2313  306.837 -590.146  3.67626
-7.83405  8.98231       10 -21.2359 -31.7251  308.405 -593.523  12.2343
 -8.4335       10       10 -17.8614 -34.3392  307.343 -588.951  20.7532
-9.64973       10       10 -14.4177 -35.4504  309.877 -588.904 -7.65369
-11.8008  2.98536  29.5872 -12.4971 -29.4239  268.067 -575.119  28.2275
-12.0937 -1.82576  46.1293 -11.6935 -20.8919   232.57 -564.965 -85.1845
-10.6941  7.13572  55.3593 -12.2459 -35.1408  242.897 -622.747  37.3843
-8.15884  18.2125  62.2205 -12.9456 -47.5259  257.039 -679.395  -14.316
-4.39735  29.0809    69.95 -13.4007 -56.3471   248.42 -701.919  47.6155
-4.45704  42.6221  78.5253 -13.3498  -71.953  241.917 -711.828 -6.51595
-4.32063  47.6183  76.6644  -7.5425 -70.7599  243.471 -724.946  53.8386
  -12.17  32.1767  81.0867 -1.72115 -60.1616  241.276 -710.239 -19.9295
-23.4188  -41.819  55.1664  28.0718  33.8944  268.463 -734.068  73.1084
-71.6265 -109.281  109.281  58.6032  82.8991  82.8991 -529.482 -33.5478
 -52.313 -59.6015  59.6015  60.9069  60.9069  60.9069 -399.911  38.0149
     -10      -10       10 -55.3885 -32.2709  161.942
