 -14.835  18.3345  18.3345   18.576 -27.7968  182.878 -497.787  126.775
-30.7531  30.7531  30.7531  11.3805 -91.2915  284.033  -599.72  19.1235
-14.1009 -17.5101  41.0873  8.02716 0.943979  284.135 -711.448  54.6683
-3.69392  14.4049  14.4049  2.50088 -43.7376  308.738 -646.939  9.00248
0.850223  12.2526  12.2526  2.27847 -32.8413  309.231 -645.809  38.3253
 3.61577       10       10  1.95382 -33.2525  310.003 -633.072  18.5638
 5.37255       10       10  2.99906 -32.1811  311.716  -635.78  21.4666
 6.37778  10.1045  10.1045  4.80721 -33.1696  310.655 -634.501  30.7576
 6.81805  8.19084       10  7.11406 -32.4304  309.784 -632.576 0.171875
 7.15908 0.778347       10  9.60381 -25.4484  286.096 -594.292  38.7097
      10      -10       10  9.47492 -11.3912  260.217 -554.202 -74.9893
 9.14694 -10.4948  10.4948  11.2036 -13.4979  284.934 -585.224  42.5335
 10.6433 -10.6433  10.6433  11.0187 -14.0071  308.303 -612.918 -18.7544
 12.3008 -12.3008  12.3008  10.6303 -8.33908  307.303 -609.189  41.2192
 21.8791 -21.8791  21.8791 -0.45686 -1.75067    297.7 -604.865 -27.9803
 25.6166 -29.4833  29.4833  -4.2611  13.0105  288.178 -602.875   37.976
  18.9216  -35.3962   35.3962 -0.727471   9.00544   274.635  -568.808  -62.1941
 12.9743 -26.0003  26.0003  9.45938  15.0229  295.557 -570.026  41.8781
 7.89398 -5.55563       10  18.9089 -51.3932  416.522  -654.33 -141.177
0.350927  39.7506  39.7506  20.3276 -54.2145  367.218 -649.533 0.611007
 19.7411  19.7411  19.7411 -98.1546 -62.8386  190.891
