-15.4341 -15.4341  15.4341 -15.5892 -2.36231  338.808 -688.723  101.785
-11.2851 -11.2851  11.2851 -26.6103 -53.2699  391.402 -722.313   3.4993
-11.6213 -27.2877  37.3983 -9.49261  5.67846   284.04 -689.404  58.6222
-8.46421  6.72835       10 -9.15942 -35.3792  310.049 -612.414 -1.58695
-4.38738       10       10  -9.5587 -29.5912  310.953 -617.089  32.1451
-3.13485       10       10  -8.8967 -31.4739  310.262 -608.582  10.9049
-2.50687       10       10 -6.62454 -30.4565  311.538 -611.282  16.0793
-2.08188  3.22755       10 -4.22036 -24.6637  310.789  -609.55  25.9495
-2.17057       10       10 -1.80821  -33.396   310.51 -607.716 -4.49788
-0.220427  -4.38408   10.0817 0.0993561  -20.7964   284.714  -566.279   33.6241
 2.08958 -7.71803  15.1976  2.11761 -14.9529  245.155 -528.354 -82.5439
  2.6607 -5.06278  14.2652  1.15774 -20.8617  280.269 -570.337  38.1259
 4.92834 0.915366  13.5098 0.652072 -26.6633  307.296 -608.948 -13.4608
 7.82198  1.38745  15.5539 0.642346 -23.9748  304.171 -612.641  40.7497
  9.43439   5.74185   19.1061 -0.506162  -30.3337   301.044  -608.517   -8.7372
  11.506  7.30793  14.9014  2.36297 -25.9142  305.363 -610.892  39.9672
 7.79972  8.77703  17.0136  4.27486 -34.4575  301.804 -586.875 -23.7672
 6.20739  2.26115       10   15.043 -12.1091   313.77  -613.44  41.9744
-6.70362 -19.2273  19.2273  15.3362 -23.4399  292.369 -526.571 -66.5532
-10.2132 -25.4402  25.4402  20.7633  16.9571  210.146 -431.909 -9.23832
-3.69396       10       10 -74.5443   -57.98   195.95
