      10      -10       10  5.67243 -2.45924       10 -252.418  132.377
-10.3867 -10.3867  10.3867 -60.8103  -45.406  271.675 -311.076 -19.9669
-18.8292 -20.4563  61.1577 -47.7703  1.64951  230.097 -612.512  12.8547
     -10      -10       10  -51.469 -24.2972  318.464 -550.611 -20.1168
-5.69898      -10       10 -48.6421  -15.544  306.392 -559.179   16.357
     -10      -10       10 -40.9956 -17.6645  305.801 -564.027  0.90449
     -10      -10       10  -37.293 -15.6384  308.319 -584.263   7.8499
     -10      -10       10 -32.1612 -15.0387  306.617 -600.924  23.8393
     -10      -10       10 -26.9411 -14.3037  307.224 -623.931 -1.29328
     -10      -10       10  -16.745 -11.7401  286.758 -623.915  48.0468
     -10      -10       10 -9.44305 -6.79372  268.061 -610.379 -56.3759
  4.0163      -10       10 -25.8496 -10.7848  287.621 -627.094  60.4675
      10      -10       10 -37.0129 -14.5167  309.114 -629.687 -16.9346
 24.3506 -24.3506  24.3506 -54.9572  3.16839  293.619 -628.103  56.2273
 42.0501 -50.5901  50.5901 -79.3882  24.9444  268.054 -636.815 -40.8147
 36.0521 -69.1954  69.1954 -79.5207  51.1892  249.125 -633.852  51.6235
 16.1505 -71.1163  71.1163 -60.9826  40.2596  232.185 -571.263 -100.873
-40.9314 -40.9314  40.9314 -7.39381  23.9153  275.055 -496.158  55.2223
-57.4654  57.4654  57.4654 -17.0531 -133.851  436.355 -728.553 -249.879
-93.3696  133.596  133.596 -6.19462 -159.382  451.745 -981.565  30.6323
     -10      -10       10 -55.9337 -33.4169  152.831
