-40.0272 -40.0272  40.0272 -57.6495  16.2044  430.984 -901.949  85.4416
-26.8032 -26.8032  26.8032 -69.0561 -34.4257  478.765 -939.685 -3.76132
-31.4924 -22.3596  59.2231 -13.9035  4.19295  234.056 -754.466  63.8902
 -13.115  -13.115   13.115 -31.7012 -15.3733  308.578 -639.764   5.8865
-8.45007      -10       10 -30.6874 -10.8937  302.001 -608.785  31.5393
     -10      -10       10 -29.1165 -13.4039  307.914 -594.932  9.43928
     -10       10       10  -26.136 -34.0866  306.886 -587.165  11.5715
-22.4556   1.4297  22.4556 -14.3118 -26.5565  297.199 -599.922  18.8492
-21.6668  21.6668  21.6668 -13.4216 -48.2456  298.548 -585.998 -12.7812
 -46.393  2.16137   46.393  9.82574 -28.2105  251.473 -568.929  21.3051
 -19.4276 -0.339307   67.6576   -18.068  -22.0434   212.369  -559.138  -91.4814
-22.9273  11.1276  75.1398 -10.9152 -39.3329  224.779 -628.681  32.0666
-4.34965  22.4463  83.9463 -25.6899 -52.7661  231.385  -689.48 -14.9833
 3.10559  33.6467  92.6913 -28.9692 -62.5413  224.651 -722.056  46.5723
 2.37505  44.2759  102.428 -26.9698 -75.9313  219.604 -744.997 -3.35746
-11.4837  44.8498  102.138 -5.70956 -70.0488  222.727 -772.809  57.4691
-20.0641  22.4115   104.24  4.59086 -52.4425  219.643 -767.362 -5.69287
-26.5641 -65.9671  80.9516  32.8737  56.8034  221.409 -773.449  87.8875
-59.5232  -99.399   99.399  57.2985  69.4681  69.4681 -529.786  4.36243
-42.3633 -51.8589  51.8589  56.4033  56.4033  56.4033 -383.667  37.1435
      10      -10       10 -74.0157 -25.6428   145.34
