-14.4986  28.2971  28.2971  31.8665 -31.8665  31.8665 -277.513  124.003
  -76.57    76.57    76.57  58.7615 -137.085  137.085  -444.34  11.4951
-35.6012  16.8477  66.3588  33.6656 -32.7835  246.539 -702.502  41.0328
-14.0577  14.0577  14.0577  26.6772 -50.1166  313.511 -658.408  14.6408
      10       10       10  6.08465 -37.1772   311.33 -647.918   41.397
      10       10       10  7.67573 -39.5276  309.955 -639.979   23.282
      10       10       10  9.54241 -37.2712  312.342  -642.98  23.2394
      10       10       10  11.7357 -36.2688  310.443 -640.604  32.5758
      10      -10       10  14.4194 -14.6335  307.239 -638.013  2.91969
      10      -10       10  16.5064 -9.44586  286.764 -609.184   41.403
      10      -10       10  18.2511 -3.82419  263.427 -575.586 -64.8865
      10      -10       10  19.0908 -8.86926  285.188 -598.721  47.0863
      10      -10       10  19.8889  -15.962  306.049 -617.154 -23.7002
 35.1344 -35.1344  35.1344 -10.1938  11.3457   281.45  -634.92  46.9628
 55.9575 -63.8299  63.8299 -36.0215  34.0913  255.267 -657.455 -45.9756
 55.6654 -93.5145  93.5145  -43.691  72.0927  227.647 -671.192  48.5319
 43.3264 -109.869  109.869 -34.7054  76.0747   197.33 -648.429 -102.612
 21.5131 -107.748  107.748 -18.9297  91.0963  208.825 -611.614   63.119
 4.78059  55.1734  118.321  15.9965  -126.97  399.173 -924.921 -226.879
-18.5395  155.723  155.723  32.4917  -174.49    450.1  -1067.8  4.59564
 49.6603  49.6603  49.6603 -133.222 -84.3641   149.24
