-10.8153 -10.8153  10.8153 -31.2315 -5.67008  215.114  -498.25  96.5882
-16.2555 -16.2555  16.2555 -77.3836 -41.0845  380.872 -600.639 -32.2837
-19.6921 -13.1647  67.7878 -46.9543 -6.81726  228.066 -681.094  35.5775
     -10      -10       10 -48.8504 -18.0979  315.478 -588.765 -18.1504
     -10 -6.61264       10 -42.4774 -13.4919  306.336  -586.88   25.787
     -10 -3.79521       10 -39.2815 -18.1883  304.772 -582.968  3.71118
     -10   1.4824       10 -36.1536 -22.4409   307.07 -591.758  13.2324
     -10  4.16255       10 -32.1523 -26.4725  305.842 -597.069  22.8479
     -10  7.56852       10 -29.1853 -31.6897   308.51 -605.973 -2.64823
     -10  4.42194       10 -22.0132 -31.1568   285.35 -575.603  35.6667
     -10  -1.8253       10 -13.5667 -22.4437  256.393 -541.278 -71.2123
     -10 0.654307       10 -17.2678 -27.3267  286.265 -573.835  41.7364
     -10  3.32623       10 -19.1581 -28.5699   309.99 -601.227 -13.0716
      -10 -0.946313        10   -16.952   -20.494    308.83  -594.073   40.9481
-8.19718 -4.16291       10 -18.3484  -18.953    310.2 -581.456 -14.1572
-7.47795  -8.3889       10  -16.188 -8.89031  308.431  -577.84  39.0795
     -10      -10       10 -14.2306 -14.9015  303.531 -545.961 -32.5143
      -10  -9.60763        10  -9.95581 -0.474759   311.524  -572.389   43.0994
     -10 -8.41103       10 -22.4415 -39.6157  344.763 -546.839 -76.0725
-10.7508  8.42073  10.7508 -13.2644 -19.3472  322.825 -541.571  13.7619
-7.88963      -10       10 -52.2655 -38.9987  142.588
