-31.8292 -31.8292  31.8292  23.5799  15.4905  366.379 -803.851  90.0529
-27.8957 -27.8957  27.8957  19.0446 -39.0759  372.462 -774.183  33.7612
-10.5163 -30.5412  31.6264  16.2634  9.07674  297.653 -715.545  52.7707
   4.202  1.97251       10  2.03907 -31.4756  315.537  -637.63  8.46319
  10.1584   10.1584   10.1584 -0.713126  -30.8281   310.849  -631.171   29.5205
      10       10       10 0.753077 -32.7248  310.473 -620.267  13.5791
      10       10       10  3.03702  -31.528  311.171 -618.501  14.8477
      10       10       10  5.35981 -32.6537  308.703 -612.963  22.8986
      10       10       10  6.91675 -33.3891  307.429  -604.92 -2.74517
 10.3761 -10.3761  10.3761  7.29736 -13.6177   276.93 -548.877  22.8098
 18.9303  -8.2365  18.9303 -2.26751 -12.6341  203.525 -459.349 -70.8075
 13.6903 -3.87633  13.6903  8.15723 -20.5154   271.57 -553.253  27.9017
 12.5594  4.14927  12.5594  14.3531  -29.494  305.706 -611.849 -10.9943
 15.6451  6.51116  15.6451  14.7231 -29.7161  300.681 -622.943  38.1827
  19.135   10.728   19.135  12.6199 -36.1105  302.426 -631.003 -6.30506
  21.271    11.62   21.271  14.7009 -31.6294  295.862 -640.965  41.8677
 23.1861  12.3048  23.1861  11.5765 -39.8717  295.085 -623.784 -16.9593
 12.3005  3.93289  12.3005   32.671 -15.4712  302.021 -638.235  45.8511
 5.75731  -20.914   20.914  27.6273 -26.8333  306.283 -584.328 -46.9504
 1.09559 -15.1536  26.3164  31.9997  8.07739  248.796 -525.871 -42.3831
      10       10       10 -80.1015 -57.4313    203.8
