 -16.832  61.8052  75.3895 -18.3276 -91.9514  99.3585 -436.801 -13.7264
-16.9155  17.2297  17.2297 -36.1652 -70.8423   466.11 -937.422  135.116
  3.3593  8.17339  77.8474 -35.5314 -41.2128   220.07 -725.794 -3.27753
 13.2062 -17.5537  17.5537 -37.5128 -7.49809  324.515 -698.741  80.4497
  10.628  34.7783  50.0515 -37.1665 -58.6176  263.896 -683.258  5.45432
 35.3007  16.9377  55.4476 -63.0768 -35.8082  265.401 -683.075  47.4692
 62.5881  5.18847  62.5881 -90.5959 -26.5588  254.323 -669.488 0.254934
  62.555 -1.39318   62.555 -88.2721 -20.1793  258.345 -671.339  35.1459
 83.1176 -3.20465  83.1176 -110.874  -21.847    234.5 -683.028 -10.5429
 87.0888 -10.9938  87.0888 -114.002 -19.5021  219.825 -656.687  23.9041
 48.8004  -26.112  95.4235 -73.8285 -2.67439  183.245 -612.664 -91.3839
 24.0427 -26.0236  70.9254 -41.8804 -4.80517  237.406 -636.088  16.7308
 29.6903 -10.7197  59.3729 -41.7367 -15.7828  259.834  -645.92  5.98475
 34.1342 -12.5667  66.0892 -42.4565 -11.1009  255.191 -666.601  1.84049
 65.0425 -9.88113  65.0425 -68.4827  -10.523  256.008  -671.87  44.6814
 38.8655 -5.54326  85.8266 -40.2762 -12.5199  232.904 -706.106 -26.2147
 74.7946  4.52308  74.7946 -72.5396 -18.1224  248.826 -691.568  91.6108
 3.75086  39.2164  39.2164  11.5578 -39.5757  279.372 -659.053 -85.6414
-22.9802  28.7404  38.7615  33.2887 -48.3826  355.941 -725.879  152.021
-10.9038  -9.4155  10.9038  8.01835 -2.88162  18.3682 -41.7714 -238.632
-4.15293  51.3291  51.3291 -87.6498 -119.189  119.189
