-9.22589  56.4742  73.2359 -8.43866 -87.0064  110.287  -443.23 -19.0164
 6.12034       10       10 -14.5847 -65.9585  492.615 -958.471  160.144
  16.4954 -0.642446   63.9972  -17.0127  -32.0043   237.443  -714.702  -12.6607
 21.1345  18.1741  21.1345 -16.9397 -43.7498  320.739 -698.033  81.0656
   21.319   21.1074    21.319  -13.6006  -44.1203   292.698  -648.449 -0.578337
 29.3396  12.9117  29.3396 -22.8764 -32.2067  291.828 -655.145  49.2779
 38.0291  6.99112  38.0291 -31.5884 -27.6367  276.728 -646.678 -1.13736
 36.8909 0.220522  36.8909 -28.3973  -20.538  281.848 -645.357  36.0597
 55.1187  -2.2008  55.1187 -48.8968 -22.0564  258.497 -650.091 -11.0753
 60.4467 -10.4797  60.4467 -55.0235 -18.7295  238.935 -619.063  23.0249
 58.8423 -20.8039  62.7181 -53.3569 -7.56221  203.657 -559.404 -85.9348
 40.2527 -21.7312  40.2527 -25.6862 -8.31977  260.431 -594.423  15.4393
 32.6402 -6.22828  33.6184 -11.5747 -19.4103  279.696 -619.619  5.90543
 33.8043 -8.31244  33.8043 -7.42837 -14.7165  284.751 -640.396  3.29105
 39.5898 -2.24402  39.5898 -10.7432 -18.8298  277.535 -649.032   42.919
 41.3034  1.91086  47.8295 -7.84842 -20.1824  270.563 -678.255 -23.9583
 49.3293  14.3701  49.3293 -14.2395 -30.9511  274.358 -680.184  87.2904
 16.3932  20.8342  22.1877   31.466 -26.9034  297.754 -669.878 -76.6366
 2.77794  11.1579  11.1579  51.4284 -35.2301   416.76  -773.01  146.618
-8.97034 -8.46959  12.4614   8.8084 -6.48371  22.2554 -51.7744  -247.44
 7.09349  44.0135  44.0135 -84.9686 -111.743  133.546
