-5.53269  55.4769  65.1618 -7.16337 -84.9709  101.586   -404.9 -12.0879
      10       10       10 -11.9265 -65.5415   488.42  -953.16   164.42
 18.0614 0.270466  64.2451 -14.7598 -32.4382  242.168 -724.724 -15.1891
 20.1601  20.1601  20.1601 -11.1048 -45.4507  316.941 -690.841  83.2159
 18.6771  18.6771  18.6771 -5.99611 -41.2658  295.732 -648.603 -1.89845
 20.5195  15.8938  20.5195 -7.84201 -35.0129  299.539 -645.102  50.3912
  28.0252   8.78749   28.0252  -14.9852  -29.5091   286.819  -638.233 -0.971731
 26.5907  3.62764  26.5907  -11.519  -23.866  291.511 -634.785  37.4358
  40.2532 -0.955259   40.2532   -26.645  -23.0598   274.304  -635.897  -12.3352
 46.7065 -10.0778  46.7065 -34.4301 -18.8329  250.878 -601.186  25.0434
 47.3323 -20.0738  47.3323  -34.656  -7.9583   221.16 -547.725 -87.1077
 28.8225 -20.0628  28.8225 -7.79335 -9.77148  270.027 -579.715  17.0858
 24.2362 -6.06669  24.2362  3.24512 -19.4064  289.517 -611.321   3.9911
 24.3544 -6.40323  24.3544  8.45917 -16.4438  293.218 -629.996  5.88454
 28.9164 -1.21409  28.9164  6.75725 -20.0099  287.715 -638.617  39.1994
   33.67  2.57285    33.67  7.09049 -20.8885  284.389 -662.851 -18.9599
  36.284  15.9359   36.284  5.75262 -32.9732  285.735 -663.164  78.9889
 15.7957  15.7957  15.7957  38.8171 -22.8903   308.14  -672.68 -65.0037
 8.61108  10.2302  10.2302  54.0372 -34.0086  427.997 -793.375  122.423
-9.83136 -9.29541  12.4395  8.62191 -7.17599  21.6064 -41.3936 -224.997
 6.45153  45.0334  45.0334 -83.9395 -112.832  136.373
