-10.1176  66.1686  66.1686 -8.23864 -96.0644  99.7671 -407.136 -13.5047
 3.44429 0.834893       10 -19.7084 -55.1938  472.552 -923.065  159.951
 14.6086  7.96255  72.7345 -21.8826 -40.4123  220.657 -715.001 -11.4127
 19.9083  25.1594  25.1594 -22.3993 -49.8354  308.934 -688.543  82.0951
  17.2408   23.9848   23.9848  -15.3904  -46.6747   287.949  -647.476 -0.745825
 26.3997  9.35347  30.1192 -25.4866 -28.6056  290.619 -653.858  49.5613
  37.4507   5.00847   37.4507  -36.1578  -25.8836   279.292  -647.562 -0.424199
   35.443 -0.787506    35.443   -31.684  -19.8177   285.417  -646.166   36.7125
 51.1645  -2.4412  51.1645 -49.0474 -22.4868  267.866  -652.82 -11.4565
  56.281 -11.5044   56.281 -54.7014 -18.2272  249.651 -622.196  24.2513
 52.7226 -22.1181  58.0751  -50.441 -6.42412  220.038 -569.512 -87.5325
 28.5165 -22.4759  39.0791  -17.982 -8.10022  268.048   -601.1  16.1436
 27.2327 -7.91077  31.6353 -10.0538  -18.394  287.455 -624.073  5.59563
 27.6223 -7.97315  33.5515 -5.76294 -15.1761   288.12 -640.992  4.34029
 38.7598 -2.84517  38.7598 -14.0072 -18.2721  280.463  -648.17  41.1353
 38.5114 0.558063  47.2072 -9.53328 -18.8296  272.188 -673.315 -21.3238
 46.7609  15.3909  46.7609 -15.9678 -32.2282  277.013 -670.593  81.5676
 16.0342  23.4126  24.1831  27.1196 -28.9198  297.977 -669.867 -68.3995
 2.36283   15.567   15.567  45.7044 -38.6798  414.231  -776.04   124.23
-10.1901 -6.92134  11.9453   8.7166 -8.38711  20.9442 -43.1935 -222.796
 5.61228  51.7682  51.7682 -85.9981 -117.672  117.672
