-15.8483   62.519  67.1087 -12.5385 -92.2344  92.2344 -402.586  -20.185
-14.6878  2.89982  21.1452 -32.7157 -56.3032  449.503 -913.294  149.158
 3.67135  8.64571  76.8323 -30.4836 -40.2173  216.055 -722.912 -7.25179
 8.55893  22.4486  40.5432 -35.0984 -47.5266  292.231 -703.559  79.8369
  8.5551  19.2123  38.3413 -29.5066 -42.4041  275.072 -664.009  1.20322
 19.5723  12.7563  45.5182 -42.6671 -32.0931  275.724 -666.847  47.6158
 48.2832  3.78642  48.2832 -69.7773 -24.6395  270.214 -656.595  1.05991
  48.7799 -0.170672   48.7799  -68.6416  -20.8906   274.008  -657.431   35.0768
 65.1224 -5.54933  65.1224 -86.2425 -19.6486  254.121  -663.28 -10.5259
 70.3652 -12.5778  70.3652 -91.0611 -16.8902  232.981 -628.393  24.0765
 47.8804 -26.8853   77.101  -66.847 -2.07675   193.97  -574.47 -90.7532
  17.873 -23.8744  56.9238 -30.7752 -6.70104  247.822 -608.463  16.7507
 23.4583 -9.10948  46.9497  -29.934 -17.0581  273.019 -633.215  5.06178
  25.076 -10.1162   51.085 -27.3476 -12.8623  271.153 -651.798  4.95587
 49.7217 -3.95738  49.7217 -47.4014 -16.7852  272.099  -655.41  41.2494
  33.6552 -0.445481   65.8093   -28.786  -17.2566   254.548  -684.688   -20.543
 58.4388  13.0084  58.4388 -50.1977 -28.0953   267.14 -677.474  82.7108
  3.9644  28.1057  39.7785  15.3814 -31.4151  286.578  -680.35 -67.2478
-17.2653   26.847   26.847  35.9102 -47.6654  402.711 -777.916  126.838
-13.6667  -4.8592  13.6667  10.3607 -9.54139   22.324 -52.9673 -217.803
 5.02485  51.2943  51.2943 -93.0346 -115.948  115.948
