 68.8383  68.8383  68.8383 -83.3438 -100.939  100.939 -359.256 -54.9424
 54.9862  54.9862  54.9862 -41.4031 -119.167  473.952 -1078.07  168.775
 66.5141 -66.5141  66.5141 -39.9616  24.1915  261.208 -795.075 -12.3925
 79.7101  79.7101  79.7101 -67.8993 -119.259  299.886 -826.337  85.3233
      10      -10       10  19.3042 -28.3737  344.037 -707.116 -3.93496
      10      -10       10  17.7749 -24.8259  325.908 -656.563   46.303
     -10      -10       10   38.371  -24.704  312.593 -624.341   4.4926
     -10      -10       10   38.717 -21.5509  299.108 -592.321  29.4875
 41.1765  41.1765  41.1765 -19.6783 -71.7975  247.148     -580 -7.66649
      10      -10       10  16.5818 -14.5891  254.328 -494.425  15.9056
     -10      -10       10  37.3783 -7.01833  229.168 -455.478 -71.2135
     -10      -10       10    39.99 -15.3083  253.004 -486.751  7.83203
     -10      -10       10  47.8602 -22.3167  278.535 -544.966  2.63734
      10      -10       10  33.9364 -24.6401  297.099 -584.184    3.534
     -10      -10       10  61.2666 -26.1632  306.947 -618.037  31.2562
     -10      -10       10  69.1652 -24.5499  325.417 -662.971 -10.6666
-10.0163 -10.0163  10.0163  79.8939 -25.0144  341.505 -716.786  67.5547
 30.7591 -30.7591  30.7591  49.5941  11.4836   381.95 -853.895 -40.1027
 118.842  118.842  118.842 -73.6247 -161.469  161.469 -712.491  125.961
 13.0565 -13.0565  13.0565   -4.111  12.9906  28.5435 -98.8721 -203.075
 51.5863 -11.4881  51.5863 -142.512 -54.9581  142.512
