-38.4532  56.6121  56.6121  8.71354 -69.2421  69.2421 -341.867 -14.2143
      10       10       10 -103.973 -75.7237  500.512 -943.761  118.062
 88.0264  4.56537  88.0264 -143.298 -47.7998  229.262 -782.639 0.597631
  18.864   18.864   18.864 -72.9312 -59.8133  353.259 -741.691  66.7557
 16.3805  16.3805  16.3805  -60.072 -53.5803  324.688 -684.976  16.4841
 15.9255  15.9255  15.9255 -57.3448 -49.9839  315.803 -651.641   47.291
  14.874   14.874   14.874 -52.9839 -49.5363  306.262 -620.422  13.7824
 15.1504  15.1504  15.1504  -54.292 -46.6876   303.18 -591.999  31.2323
 15.5717  15.5717  15.5717 -51.4492 -48.0795  292.679 -568.588 -3.56984
 15.8416  15.8416  15.8416 -50.5669 -44.5243  288.092 -550.356  18.3393
-100.999 -100.999  100.999   65.567  87.1166  87.1166  -454.49 -86.6432
 15.6097  15.6097  15.6097 -45.5883 -44.6136  288.979 -544.304   13.509
 15.0169  15.0169  15.0169 -40.0879 -47.8334  293.066 -558.486  3.51518
 14.6538  14.6538  14.6538 -36.5293  -50.224  303.343 -578.581  9.50814
      10      -10       10 -27.4945 -22.5987  322.136 -602.492  28.6454
 59.9124 -59.9124  59.9124 -82.1297  27.3938  205.408 -532.758 -21.0886
 15.0921  15.0921  15.0921 -26.7017 -43.7342  331.889 -637.577  62.3466
   24.98    24.98    24.98 -29.5625 -47.0377  323.305 -675.488 -55.9579
 28.4038  28.4038  28.4038 -41.0263 -51.8877  373.947 -723.925  128.299
-10.0849  10.0849  10.0849  6.07361 -9.13256  15.9346 -38.3493 -187.769
-55.7542  55.7542  55.7542 -58.9638 -125.725  125.725
