 57.5606  57.5606  57.5606  -67.889 -86.5707  86.5707 -313.599 -48.0077
      10       10       10  3.92361 -72.0965  501.517 -964.616  147.332
  69.646  3.24712   69.646 -51.2484 -44.0279  262.274 -786.538 -4.14089
      10       10       10  14.4757 -50.6915  369.384 -755.386  81.7308
      10       10       10  16.1704 -46.1268  355.268 -725.509 -3.33535
 125.612  8.58981  125.612  -132.45 -42.3375   132.45 -619.378  35.9837
     -10       10       10    36.17 -42.0218  332.118 -661.431  1.61006
    -10     -10      10  36.543 -21.796 306.514 -611.02 34.0396
      10       10       10  16.0149 -40.4078  297.986 -585.181 -5.35659
      10      -10       10  15.6416 -17.6322  278.546  -543.55  20.0412
     -10      -10       10  35.2169 -11.1505  265.504 -513.644 -79.2046
     -10      -10       10  38.8337 -18.0578  274.608  -532.64  13.5433
     -10      -10       10  43.4094 -21.6409  289.146 -563.427  3.59089
      10      -10       10  28.9461 -23.1368  293.984  -586.22  9.91506
     -10       10       10  51.9973 -43.8837  302.782   -600.9   30.734
     -10       10       10  57.1483 -42.7165  305.799 -618.505 -8.96898
      10       10       10    40.41 -42.2626  320.545 -638.355  58.2123
      10       10       10  48.6743 -33.1926  323.983 -672.723 -47.7997
      10      -10       10  50.0577 -27.2214  388.872  -726.93  113.236
      10      -10       10 -1.39315  1.04604  23.8478 -88.9773  -175.29
 54.9218  54.9218  54.9218 -145.863 -121.107  145.863
