 -50.662   50.662   50.662  43.4977 -75.8924  77.5587 -288.562 -28.2113
 25.4424  25.4424  25.4424 -10.5883 -87.2832  465.191 -965.428  158.738
 32.5896 -32.5896  32.5896 -10.9783 -5.08039  334.366  -779.19 -10.8835
 32.3865  32.3865  32.3865 -7.43362 -73.4152  330.798 -770.651  82.6077
-27.8656  27.8656  27.8656  54.3395 -67.0962  313.897 -715.059  9.04177
-21.3061  21.3061  21.3061  49.8171 -56.5198  307.339 -673.952  52.1731
-13.3533  13.3533  13.3533  44.1932 -47.7862  306.422  -638.91  9.30638
      -10 -0.798908        10   41.7907  -30.8613    301.25   -608.32   36.9892
     -10       10       10  41.7296  -41.085  291.329 -579.571  -5.6375
     -10 -5.66242       10  40.6811 -21.1768  278.739 -542.445  22.1423
      10 -6.93862       10  22.1126 -13.4478  270.181  -525.95 -87.7356
     -10      -10       10  44.8861 -17.6151  275.675 -531.914  16.6903
     -10       10       10  52.6864 -41.7341  286.269 -572.106  1.01218
      10      -10       10   35.539 -22.9553  293.641  -579.26  12.1571
      10      -10       10  40.8431 -24.4371   299.15  -597.82  23.8408
      10      -10       10  45.0136 -22.9291  304.966 -609.793 -8.14593
      10      -10       10  49.4756 -22.4045  313.878 -624.393  47.5694
      10  6.97415       10  56.9287 -30.7301  330.286 -661.823 -49.5455
     -10    6.227       10  82.4321 -37.8875  375.481 -702.691   84.856
-10.0089 -10.0089  10.0089  14.8666 0.243739  21.8009 -60.8774 -160.265
-17.8557  17.8557  17.8557  -68.399 -80.9408  221.509
