 50.0819  50.0819  50.0819 -68.4261 -68.4261  68.4261 -254.689 -24.7251
 14.2747  14.2747  14.2747 -31.4756 -75.8262  462.368 -909.215  136.717
 34.2841 -34.2841  34.2841 -39.9953 -3.86654  320.103 -745.024  -15.479
 16.2515  16.2515  16.2515 -16.0786 -57.6394  347.172 -736.254  78.5462
-11.6194  11.6194  11.6194  14.7813 -51.9004  335.347 -691.671  8.89539
      10       10       10 -7.38738 -42.6718  337.759 -671.002  43.0634
 110.296  61.6721  110.296 -127.186 -95.1962  127.186 -578.096  3.70526
      10      -10       10 -5.56863 -19.2966  321.208 -619.882  30.4483
      10      -10       10 -4.01955 -22.1392  299.332 -575.958 -7.55248
      10      -10       10 -3.82244 -17.1203   282.59 -536.646  22.7988
     -10       10       10  15.7013 -31.5661  275.297  -512.18 -87.4997
      10      -10       10 0.130075  -18.788  279.032 -527.906  18.0873
      10      -10       10   4.3481 -22.5606  291.083 -557.055  1.47602
      10       10       10  8.06223 -43.5761  299.879 -578.857   13.982
      10      -10       10  12.7161 -24.7988  305.346   -597.6  24.3057
      10      -10       10  17.5102 -23.5997  312.926 -620.631  4.43347
      10       10       10  20.6379 -42.4066  325.448 -641.063  48.4839
      10       10       10  27.5063 -35.8424  344.681 -688.725 -28.5648
     -10       10       10  49.3991 -40.3794  402.876 -756.744  78.8816
 10.0091 -10.0091  10.0091 -8.83635  5.06966  19.2201 -53.8078 -136.134
 -12.326   12.326   12.326 -78.6176 -76.0935  214.556
