 46.2077  46.2077  46.2077 -63.1312 -63.1312  63.1312 -259.755 -16.5484
 23.6065  23.6065  23.6065  -63.543 -86.9062  462.099 -926.329  133.441
  35.5173  -35.5173   35.5173  -52.5706 -0.751938   314.307   -743.17  -7.78488
-35.6196  35.6196  35.6196  21.0838 -77.5166  320.189 -748.639  76.6986
 26.6245  26.6245  26.6245 -35.1201 -65.6937  310.635 -698.766  14.1184
 23.8083  23.8083  23.8083 -29.8125 -59.0915  302.394 -663.765   51.533
  19.448   19.448   19.448 -23.1244 -53.9823  299.752 -633.916  12.9478
 16.5727  16.5727  16.5727 -18.5783 -48.0862  297.244 -609.129  37.4309
 15.5738  15.5738  15.5738 -16.2802 -46.4281  291.976 -585.666 -2.89149
      10      -10       10 -8.67734 -18.0699  288.667 -551.303   24.621
-18.4837  18.4837  18.4837  16.9221 -37.8491  290.345 -561.258 -91.4378
 89.9475 -89.9475  89.9475  -103.81  62.9452   103.81 -433.469  15.4107
 13.3422  13.3422  13.3422 -4.37052 -43.8214  313.435 -600.475 -4.36461
  10.496   10.496   10.496  3.31513 -44.7037  309.062 -590.167  14.0521
     -10      -10       10  28.5624 -24.7371  310.993  -598.18  22.4794
     -10      -10       10  32.3431 -23.9739  317.314  -610.32 -4.00391
      10      -10       10  16.5356 -22.6808  327.362 -628.345  44.5451
-11.3584  11.3584  11.3584  43.1957 -35.9317  345.619 -667.828 -43.5821
-10.9452  10.9452  10.9452  45.1005 -42.2635  401.043 -728.441  74.0074
     -10      -10       10  9.02509   6.5707   17.962 -41.0139  -141.19
-12.4083  12.4083  12.4083 -85.9964 -73.3923  210.519
