 46.9102  46.9102  46.9102  -64.012  -64.012   64.012 -257.767 -4.77333
 19.0042  19.0042  19.0042  -55.686 -82.1324  446.018 -866.289  109.299
  34.288  -34.288   34.288 -50.8855 -1.63338  308.972 -722.534 -4.08575
 27.8984  27.8984  27.8984 -45.8517 -70.6833  329.157 -715.119  64.5953
 23.0384  23.0384  23.0384 -35.7294 -60.8313   316.57  -679.45  9.18605
 21.1432  21.1432  21.1432 -32.4256 -56.5664   310.08 -651.207  43.5445
 21.8801  21.8801  21.8801 -32.3898 -55.6444  306.216 -637.522  7.42978
 24.5021  24.5021  24.5021 -34.8386 -56.6807   300.88 -626.857  32.4532
      10      -10       10 -16.9548 -18.2412    333.4 -633.357 -10.3116
 93.7006 -93.7006  93.7006 -115.428  70.0982  115.428 -471.441   18.408
-73.6327  73.6327  73.6327  55.2658 -94.6493  224.789 -612.559 -87.3537
  98.759  -98.759   98.759 -118.664   72.185  118.664 -490.024  16.2495
       10       -10        10  -6.76975  -21.2686    330.51  -630.216 -0.574759
 21.0795  21.0795  21.0795  -16.702 -55.7361  302.122  -618.31  17.4152
 16.6391  16.6391  16.6391 -7.68822 -52.2146  308.153 -622.151   27.982
      10      -10       10   4.1568 -24.5233  320.343  -630.44  5.20134
      10       10       10  6.64314 -43.2609  330.872  -648.18  53.2685
      10       10       10  12.9954 -36.0383  346.571 -692.728 -23.4042
      10       10       10   11.073 -40.1826  407.192  -760.14   79.308
 11.2687  11.2687  11.2687 -16.7756 -16.7756  16.7756 -26.8227 -140.021
-10.2908  10.2908  10.2908 -82.7379 -72.0855  208.111
