 42.9531  42.9531  42.9531 -51.3972 -60.6361  64.0412 -241.028 -27.6738
  10.211   10.211   10.211 -8.34009 -70.8967  467.405 -897.067  145.286
 74.5424  10.3815  74.5424 -70.0568 -48.0483  260.587 -777.608 -13.1602
     -10       10       10  26.0962  -51.179  358.923 -735.437  78.6585
     -10       10       10  28.7599 -49.2655   332.44  -686.61  7.46948
      10       10       10  9.01636 -44.8777   319.25 -650.465   50.072
      10       10       10  10.0748 -44.5157  309.034 -624.238  7.71234
      10       10       10  8.64497 -41.3386  300.202  -588.53  34.4055
      10      -10       10  11.1181 -20.3586   290.29 -571.747  -7.2547
      10       10       10   8.5574 -36.8685  274.095 -522.191  21.9215
      10       10       10  9.91053   -31.18  268.055 -509.351 -87.8609
      10      -10       10  14.3822 -17.6004  272.421 -525.299   19.172
     -10       10       10  38.8849 -41.1295  286.249 -556.348 -2.33554
     -10      -10       10  43.6337 -22.5088  295.989 -580.723  16.8441
      10      -10       10  28.3121 -23.8825  303.536 -601.719  21.9595
     -10      -10       10  52.6941  -23.374  312.204 -621.574  2.29883
     -10       10       10  56.5451 -42.6125  326.893 -644.395  42.1611
      10      -10       10  44.0325 -17.5433  352.348  -696.45 -35.4263
     -10      -10       10  68.4342 -24.1457  411.718 -760.213  68.3947
      10       10       10 -6.23166 -18.4791  21.2134 -62.1291 -131.418
 56.4222  56.4222  56.4222 -148.973 -118.343  148.973
